3.0,0.0,2.0,5.0,1.0,0.0,2.0,0.0,0.0,0.0,0.0,1.0,1.0,0.0,0.0,2.0,10.0,0.0,1.0,0.0,0.0,0.0,0.0,0.0,0.0,0.0,0.0,0.0,0.0,0.0,0.0,0.0,1.0,1.0,0.0,1.0,3.0,0.0,2.0,1.0,2.0,1.0,0.0,0.0,3.0,1.0,2.0,1.0,5.0,0.0,0.0,0.0,1.0,3.0,0.0,1.0,3.0,0.0,0.0,1.0,0.0,0.0,0.0,0.0,0.0,2.0,4.0,0.0,0.0,0.0,0.0,0.0,0.0,0.0,0.0,0.0,0.0,0.0,0.0,0.0,0.0,0.0,0.0,0.0,0.0,0.0,0.0,1.0,0.0,0.0,0.0,0.0,2.0,0.0,0.0,2.0,0.0,1.0,0.0,0.0,0.0,4.0,0.0,0.0,0.0,2.0,0.0,2.0,3.0,1.0,0.0,1.0,1.0,1.0,0.0,1.0,0.0,1.0,4.0,0.0,1.0,1.0,0.0,0.0,0.0,2.0,0.0,0.0,0.0,1.0,1.0,0.0,0.0,1.0,0.0,1.0,0.0,1.0,0.0,1.0,1.0,0.0,1.0,0.0,2.0,0.0,1.0,1.0,1.0,0.0,0.0,2.0,0.0,3.0,1.0,1.0,2.0,0.0,0.0,0.0,3.0,2.0,0.0,1.0,0.0,0.0,0.0,0.0,0.0,0.0,0.0,2.0,0.0,0.0,1.0,2.0,0.0,0.0,0.0,0.0,0.0,0.0,2.0,1.0,0.0,0.0,1.0,0.0,1.0,0.0,1.0,1.0,3.0,1.0,0.0,0.0,0.0,1.0,4.0,2.0,0.0,0.0,1.0,1.0,4.0,0.0,2.0,0.0,0.0,1.0,1.0,1.0,0.0,0.0,1.0,0.0,0.0,0.0,0.0,0.0,3.0,0.0,0.0,0.0,2.0,0.0,0.0,1.0,0.0,0.0,5.0,1.0,4.0,0.0,0.0,0.0,1.0,1.0,0.0,0.0,2.0,0.0,0.0,0.0,1.0,0.0,2.0,1.0,0.0,0.0,1.0,0.0,1.0,0.0,2.0,0.0,2.0,0.0,0.0,2.0,3.0,0.0,2.0,0.0,0.0,0.0,1.0,0.0,1.0,0.0,0.0,1.0,0.0,0.0,0.0,0.0,1.0,0.0,1.0,0.0,1.0,0.0,4.0,0.0,0.0,0.0,0.0,0.0,0.0,0.0,0.0,1.0,1.0,0.0,2.0,0.0,0.0,0.0,0.0,1.0,0.0,1.0,0.0,0.0,0.0,0.0,0.0,0.0,0.0,0.0,0.0,0.0,0.0,0.0,2.0,0.0,0.0,0.0,0.0,1.0,0.0,0.0,0.0,0.0,0.0,0.0,0.0,0.0,0.0,2.0,0.0,0.0,0.0
0.0,22.0,19.0,32.0,3.0,2.0,10.0,1.0,0.0,2.0,0.0,14.0,4.0,11.0,3.0,15.0,55.0,3.0,2.0,0.0,4.0,3.0,1.0,2.0,0.0,3.0,3.0,8.0,9.0,8.0,1.0,0.0,19.0,2.0,7.0,0.0,34.0,1.0,21.0,4.0,5.0,6.0,1.0,0.0,8.0,0.0,7.0,1.0,40.0,1.0,0.0,0.0,5.0,8.0,0.0,8.0,7.0,2.0,0.0,0.0,1.0,2.0,1.0,2.0,4.0,6.0,21.0,1.0,5.0,0.0,24.0,35.0,2.0,1.0,1.0,0.0,0.0,3.0,2.0,0.0,0.0,1.0,5.0,2.0,0.0,5.0,2.0,2.0,1.0,1.0,3.0,1.0,2.0,1.0,2.0,12.0,3.0,0.0,0.0,2.0,2.0,21.0,0.0,2.0,1.0,6.0,1.0,8.0,10.0,12.0,2.0,12.0,1.0,4.0,0.0,0.0,5.0,7.0,19.0,10.0,3.0,13.0,2.0,4.0,1.0,3.0,0.0,6.0,1.0,14.0,11.0,0.0,1.0,1.0,2.0,2.0,1.0,14.0,0.0,11.0,4.0,2.0,1.0,2.0,5.0,1.0,3.0,1.0,0.0,1.0,2.0,14.0,3.0,14.0,10.0,4.0,7.0,1.0,0.0,1.0,20.0,3.0,0.0,5.0,0.0,2.0,8.0,3.0,1.0,3.0,2.0,14.0,4.0,0.0,12.0,15.0,2.0,2.0,7.0,1.0,10.0,3.0,17.0,7.0,6.0,6.0,1.0,5.0,2.0,1.0,3.0,5.0,15.0,24.0,1.0,6.0,3.0,23.0,6.0,7.0,3.0,4.0,2.0,1.0,11.0,1.0,9.0,17.0,2.0,2.0,16.0,7.0,1.0,2.0,2.0,3.0,31.0,0.0,9.0,2.0,19.0,1.0,3.0,0.0,16.0,3.0,1.0,1.0,8.0,4.0,23.0,11.0,14.0,4.0,4.0,6.0,6.0,0.0,0.0,2.0,1.0,5.0,13.0,15.0,5.0,1.0,20.0,5.0,1.0,0.0,3.0,4.0,1.0,9.0,18.0,1.0,11.0,11.0,0.0,14.0,12.0,8.0,0.0,4.0,5.0,3.0,9.0,1.0,6.0,1.0,2.0,6.0,3.0,1.0,4.0,15.0,3.0,1.0,0.0,1.0,6.0,1.0,13.0,1.0,1.0,0.0,0.0,0.0,0.0,0.0,0.0,2.0,2.0,0.0,3.0,0.0,0.0,8.0,2.0,0.0,1.0,0.0,2.0,1.0,0.0,1.0,2.0,2.0,3.0,1.0,0.0,6.0,0.0,0.0,1.0,1.0,0.0,7.0,2.0,3.0,1.0,2.0,5.0,0.0,2.0,1.0,0.0,0.0,0.0,17.0,0.0,0.0,0.0
2.0,19.0,93.0,68.0,10.0,4.0,4.0,2.0,1.0,7.0,0.0,20.0,12.0,23.0,0.0,41.0,191.0,11.0,17.0,0.0,0.0,8.0,6.0,6.0,5.0,6.0,4.0,8.0,18.0,7.0,4.0,2.0,79.0,8.0,19.0,6.0,87.0,0.0,70.0,7.0,17.0,10.0,3.0,4.0,24.0,4.0,23.0,18.0,92.0,5.0,8.0,5.0,1.0,25.0,2.0,11.0,18.0,7.0,0.0,4.0,2.0,3.0,7.0,5.0,9.0,19.0,60.0,7.0,21.0,3.0,83.0,54.0,2.0,2.0,2.0,9.0,0.0,10.0,0.0,6.0,0.0,4.0,12.0,3.0,0.0,29.0,2.0,3.0,2.0,3.0,6.0,2.0,11.0,2.0,8.0,10.0,3.0,2.0,0.0,5.0,3.0,46.0,4.0,0.0,2.0,14.0,1.0,30.0,53.0,22.0,5.0,23.0,3.0,8.0,0.0,2.0,8.0,23.0,40.0,24.0,4.0,24.0,16.0,12.0,1.0,12.0,0.0,9.0,0.0,43.0,24.0,3.0,6.0,4.0,3.0,7.0,1.0,23.0,0.0,29.0,12.0,4.0,1.0,4.0,10.0,2.0,7.0,8.0,2.0,6.0,3.0,44.0,7.0,25.0,29.0,15.0,36.0,2.0,0.0,6.0,42.0,9.0,4.0,29.0,3.0,10.0,10.0,5.0,2.0,5.0,4.0,44.0,8.0,6.0,33.0,38.0,8.0,11.0,12.0,4.0,20.0,9.0,55.0,25.0,12.0,13.0,3.0,13.0,4.0,1.0,7.0,16.0,42.0,83.0,3.0,29.0,3.0,63.0,29.0,11.0,5.0,9.0,3.0,1.0,29.0,7.0,38.0,39.0,12.0,22.0,47.0,33.0,5.0,6.0,7.0,6.0,79.0,8.0,32.0,4.0,49.0,5.0,6.0,4.0,40.0,6.0,1.0,3.0,38.0,12.0,60.0,26.0,37.0,14.0,10.0,11.0,17.0,0.0,1.0,12.0,7.0,15.0,17.0,26.0,22.0,11.0,30.0,21.0,1.0,2.0,7.0,14.0,1.0,36.0,23.0,1.0,31.0,42.0,3.0,42.0,36.0,18.0,0.0,11.0,11.0,3.0,12.0,4.0,7.0,4.0,4.0,11.0,2.0,1.0,7.0,26.0,6.0,2.0,0.0,3.0,19.0,7.0,19.0,8.0,2.0,2.0,0.0,0.0,4.0,2.0,1.0,3.0,3.0,0.0,7.0,0.0,0.0,20.0,7.0,3.0,2.0,2.0,11.0,0.0,0.0,2.0,3.0,0.0,10.0,2.0,4.0,14.0,3.0,8.0,7.0,0.0,1.0,12.0,9.0,8.0,3.0,7.0,14.0,2.0,7.0,1.0,2.0,3.0,2.0,52.0,4.0,4.0,0.0
5.0,32.0,68.0,156.0,21.0,0.0,25.0,5.0,1.0,2.0,0.0,31.0,17.0,43.0,6.0,44.0,222.0,19.0,21.0,1.0,4.0,12.0,12.0,1.0,3.0,2.0,1.0,13.0,25.0,14.0,6.0,2.0,100.0,4.0,27.0,8.0,88.0,2.0,72.0,13.0,22.0,11.0,2.0,4.0,47.0,4.0,54.0,19.0,168.0,7.0,8.0,7.0,8.0,42.0,1.0,21.0,38.0,6.0,4.0,8.0,0.0,6.0,12.0,4.0,20.0,33.0,96.0,7.0,8.0,1.0,106.0,112.0,6.0,0.0,5.0,14.0,2.0,14.0,2.0,6.0,1.0,4.0,14.0,6.0,1.0,28.0,2.0,8.0,2.0,2.0,11.0,4.0,16.0,2.0,9.0,21.0,11.0,3.0,3.0,7.0,8.0,70.0,4.0,5.0,2.0,19.0,1.0,28.0,53.0,30.0,7.0,30.0,7.0,16.0,2.0,3.0,14.0,38.0,57.0,17.0,5.0,32.0,18.0,15.0,4.0,17.0,1.0,19.0,2.0,32.0,23.0,2.0,7.0,5.0,3.0,7.0,1.0,46.0,0.0,50.0,19.0,0.0,10.0,4.0,20.0,2.0,11.0,11.0,6.0,2.0,1.0,68.0,5.0,38.0,33.0,22.0,55.0,2.0,1.0,11.0,71.0,22.0,6.0,29.0,2.0,9.0,14.0,4.0,0.0,5.0,2.0,54.0,8.0,2.0,37.0,56.0,3.0,13.0,7.0,4.0,29.0,10.0,73.0,36.0,24.0,14.0,6.0,20.0,12.0,1.0,8.0,24.0,63.0,71.0,3.0,41.0,4.0,80.0,44.0,20.0,4.0,9.0,8.0,8.0,38.0,8.0,30.0,75.0,9.0,31.0,38.0,27.0,3.0,9.0,11.0,5.0,89.0,8.0,27.0,14.0,69.0,6.0,10.0,4.0,54.0,4.0,1.0,4.0,42.0,15.0,80.0,36.0,44.0,13.0,11.0,8.0,26.0,6.0,1.0,7.0,5.0,13.0,29.0,61.0,29.0,12.0,52.0,22.0,4.0,1.0,16.0,10.0,7.0,27.0,48.0,3.0,34.0,58.0,1.0,48.0,62.0,11.0,6.0,10.0,11.0,6.0,13.0,9.0,14.0,5.0,8.0,18.0,3.0,1.0,9.0,43.0,11.0,0.0,2.0,2.0,29.0,10.0,30.0,10.0,0.0,1.0,6.0,1.0,5.0,2.0,1.0,7.0,8.0,2.0,16.0,3.0,2.0,36.0,4.0,4.0,3.0,3.0,11.0,2.0,0.0,4.0,4.0,2.0,12.0,8.0,4.0,13.0,2.0,4.0,5.0,2.0,0.0,7.0,13.0,7.0,2.0,7.0,12.0,2.0,2.0,1.0,2.0,0.0,4.0,51.0,4.0,4.0,3.0
1.0,3.0,10.0,21.0,11.0,0.0,3.0,1.0,1.0,1.0,1.0,3.0,6.0,9.0,0.0,7.0,35.0,6.0,5.0,0.0,0.0,4.0,1.0,1.0,1.0,1.0,0.0,0.0,4.0,0.0,1.0,1.0,18.0,1.0,3.0,4.0,16.0,0.0,6.0,6.0,4.0,0.0,0.0,1.0,2.0,1.0,7.0,4.0,33.0,0.0,2.0,1.0,2.0,9.0,1.0,3.0,9.0,1.0,2.0,2.0,0.0,3.0,2.0,0.0,5.0,6.0,17.0,1.0,1.0,0.0,14.0,15.0,1.0,0.0,1.0,2.0,1.0,1.0,0.0,1.0,0.0,0.0,3.0,3.0,0.0,5.0,0.0,3.0,0.0,0.0,1.0,3.0,5.0,1.0,1.0,3.0,2.0,0.0,0.0,4.0,4.0,16.0,1.0,0.0,1.0,3.0,0.0,4.0,10.0,3.0,3.0,10.0,2.0,8.0,1.0,0.0,7.0,4.0,11.0,4.0,0.0,10.0,3.0,4.0,2.0,3.0,0.0,7.0,0.0,5.0,4.0,1.0,1.0,2.0,2.0,0.0,0.0,6.0,0.0,6.0,4.0,0.0,5.0,0.0,6.0,0.0,1.0,3.0,2.0,0.0,0.0,15.0,0.0,5.0,5.0,7.0,8.0,0.0,0.0,1.0,15.0,5.0,1.0,4.0,1.0,0.0,4.0,1.0,0.0,1.0,0.0,10.0,0.0,0.0,5.0,6.0,0.0,3.0,2.0,1.0,3.0,1.0,15.0,6.0,6.0,0.0,0.0,7.0,2.0,0.0,3.0,3.0,13.0,10.0,0.0,5.0,0.0,13.0,9.0,6.0,2.0,3.0,3.0,4.0,4.0,2.0,5.0,10.0,0.0,3.0,6.0,5.0,1.0,2.0,1.0,0.0,13.0,2.0,7.0,1.0,17.0,0.0,4.0,1.0,7.0,1.0,0.0,1.0,5.0,3.0,10.0,7.0,4.0,1.0,3.0,2.0,0.0,3.0,0.0,0.0,1.0,2.0,4.0,7.0,3.0,3.0,11.0,6.0,0.0,1.0,3.0,3.0,3.0,6.0,10.0,0.0,7.0,8.0,0.0,9.0,14.0,2.0,3.0,1.0,1.0,0.0,4.0,3.0,2.0,2.0,0.0,2.0,0.0,0.0,2.0,11.0,4.0,0.0,1.0,0.0,0.0,2.0,7.0,3.0,0.0,1.0,0.0,0.0,1.0,0.0,0.0,3.0,4.0,1.0,7.0,0.0,1.0,8.0,0.0,0.0,0.0,0.0,2.0,0.0,0.0,0.0,0.0,0.0,5.0,0.0,1.0,1.0,1.0,0.0,1.0,0.0,0.0,2.0,1.0,2.0,0.0,1.0,2.0,0.0,1.0,0.0,0.0,0.0,1.0,6.0,1.0,1.0,0.0
0.0,2.0,4.0,0.0,0.0,2.0,0.0,0.0,0.0,2.0,0.0,0.0,1.0,0.0,0.0,4.0,10.0,0.0,0.0,0.0,0.0,0.0,0.0,2.0,0.0,2.0,0.0,0.0,0.0,0.0,0.0,0.0,1.0,2.0,2.0,0.0,3.0,0.0,2.0,0.0,0.0,1.0,0.0,0.0,0.0,0.0,0.0,0.0,1.0,0.0,0.0,0.0,0.0,1.0,0.0,0.0,0.0,1.0,0.0,0.0,0.0,0.0,0.0,0.0,0.0,1.0,1.0,0.0,2.0,0.0,3.0,0.0,0.0,1.0,0.0,0.0,0.0,1.0,0.0,0.0,0.0,0.0,2.0,0.0,0.0,1.0,0.0,0.0,0.0,0.0,0.0,0.0,0.0,0.0,0.0,2.0,0.0,0.0,0.0,0.0,0.0,1.0,0.0,0.0,0.0,2.0,0.0,0.0,1.0,1.0,0.0,2.0,0.0,0.0,0.0,0.0,1.0,0.0,2.0,2.0,0.0,0.0,0.0,0.0,0.0,0.0,0.0,0.0,0.0,3.0,6.0,0.0,0.0,0.0,0.0,0.0,0.0,0.0,0.0,0.0,0.0,2.0,0.0,0.0,0.0,0.0,0.0,0.0,0.0,0.0,1.0,1.0,0.0,0.0,3.0,0.0,1.0,0.0,0.0,0.0,0.0,0.0,0.0,1.0,0.0,0.0,2.0,1.0,1.0,2.0,0.0,0.0,0.0,0.0,2.0,1.0,1.0,0.0,3.0,0.0,0.0,0.0,0.0,0.0,0.0,0.0,0.0,0.0,0.0,0.0,0.0,0.0,0.0,5.0,0.0,0.0,0.0,1.0,0.0,1.0,0.0,2.0,0.0,0.0,0.0,0.0,3.0,1.0,0.0,0.0,3.0,1.0,1.0,0.0,1.0,0.0,5.0,0.0,3.0,0.0,2.0,0.0,0.0,0.0,2.0,1.0,0.0,0.0,1.0,0.0,2.0,1.0,2.0,0.0,0.0,3.0,0.0,0.0,0.0,0.0,1.0,0.0,1.0,0.0,1.0,0.0,1.0,1.0,0.0,0.0,0.0,2.0,0.0,2.0,1.0,0.0,2.0,0.0,0.0,0.0,0.0,4.0,0.0,0.0,1.0,0.0,2.0,0.0,0.0,0.0,0.0,0.0,1.0,0.0,0.0,1.0,1.0,1.0,0.0,0.0,0.0,0.0,2.0,0.0,1.0,0.0,0.0,0.0,0.0,0.0,0.0,0.0,0.0,0.0,0.0,0.0,0.0,1.0,0.0,0.0,0.0,0.0,0.0,0.0,0.0,0.0,0.0,0.0,0.0,0.0,0.0,0.0,0.0,0.0,1.0,0.0,0.0,3.0,0.0,1.0,0.0,1.0,0.0,0.0,2.0,0.0,0.0,0.0,0.0,4.0,0.0,0.0,0.0
2.0,10.0,4.0,25.0,3.0,0.0,18.0,0.0,0.0,0.0,0.0,4.0,3.0,5.0,3.0,5.0,42.0,3.0,5.0,0.0,4.0,1.0,0.0,0.0,1.0,0.0,1.0,2.0,4.0,9.0,2.0,0.0,8.0,0.0,4.0,2.0,16.0,2.0,13.0,1.0,4.0,6.0,1.0,0.0,5.0,0.0,10.0,3.0,29.0,1.0,0.0,0.0,2.0,10.0,0.0,5.0,5.0,0.0,2.0,2.0,0.0,0.0,0.0,1.0,2.0,2.0,15.0,0.0,0.0,0.0,12.0,24.0,0.0,0.0,1.0,2.0,1.0,5.0,1.0,0.0,0.0,0.0,5.0,0.0,0.0,3.0,0.0,2.0,0.0,1.0,2.0,0.0,3.0,0.0,2.0,16.0,1.0,0.0,0.0,0.0,0.0,19.0,0.0,1.0,0.0,8.0,0.0,6.0,8.0,5.0,1.0,5.0,0.0,4.0,1.0,0.0,0.0,5.0,17.0,4.0,2.0,7.0,2.0,4.0,0.0,6.0,0.0,1.0,2.0,3.0,4.0,0.0,0.0,0.0,0.0,1.0,0.0,11.0,0.0,5.0,0.0,0.0,2.0,0.0,4.0,0.0,2.0,0.0,2.0,1.0,0.0,12.0,1.0,11.0,4.0,3.0,4.0,0.0,0.0,0.0,21.0,6.0,1.0,5.0,0.0,1.0,3.0,2.0,0.0,0.0,0.0,3.0,3.0,0.0,3.0,7.0,1.0,0.0,2.0,0.0,6.0,2.0,8.0,4.0,0.0,3.0,0.0,1.0,3.0,0.0,0.0,3.0,10.0,9.0,2.0,7.0,2.0,18.0,5.0,8.0,0.0,3.0,3.0,3.0,13.0,1.0,5.0,7.0,1.0,1.0,6.0,3.0,0.0,2.0,2.0,2.0,19.0,0.0,2.0,2.0,23.0,2.0,1.0,0.0,14.0,0.0,0.0,3.0,6.0,3.0,20.0,4.0,13.0,4.0,0.0,0.0,5.0,3.0,0.0,1.0,2.0,2.0,7.0,13.0,2.0,0.0,17.0,3.0,1.0,0.0,1.0,0.0,2.0,2.0,18.0,0.0,7.0,4.0,0.0,5.0,11.0,3.0,5.0,0.0,1.0,5.0,2.0,1.0,3.0,0.0,2.0,4.0,2.0,0.0,1.0,11.0,0.0,0.0,2.0,1.0,4.0,2.0,19.0,0.0,0.0,0.0,2.0,0.0,0.0,0.0,0.0,3.0,2.0,1.0,6.0,1.0,0.0,4.0,4.0,0.0,0.0,0.0,0.0,2.0,0.0,0.0,3.0,2.0,2.0,0.0,0.0,4.0,0.0,0.0,2.0,2.0,1.0,2.0,1.0,0.0,1.0,0.0,2.0,0.0,0.0,0.0,0.0,0.0,1.0,5.0,0.0,0.0,0.0
0.0,1.0,2.0,5.0,1.0,0.0,0.0,3.0,0.0,0.0,1.0,4.0,0.0,4.0,0.0,2.0,6.0,0.0,0.0,0.0,0.0,2.0,2.0,0.0,0.0,1.0,0.0,0.0,0.0,0.0,0.0,0.0,4.0,0.0,2.0,0.0,3.0,0.0,1.0,1.0,1.0,0.0,0.0,0.0,1.0,0.0,5.0,1.0,9.0,0.0,0.0,0.0,0.0,3.0,0.0,1.0,4.0,0.0,0.0,0.0,0.0,1.0,1.0,0.0,0.0,1.0,3.0,1.0,1.0,0.0,10.0,3.0,0.0,0.0,1.0,0.0,0.0,0.0,0.0,0.0,0.0,0.0,0.0,1.0,0.0,1.0,0.0,0.0,0.0,0.0,0.0,1.0,0.0,1.0,0.0,0.0,0.0,0.0,1.0,1.0,1.0,4.0,0.0,2.0,1.0,0.0,0.0,2.0,0.0,1.0,2.0,3.0,0.0,0.0,0.0,0.0,2.0,2.0,2.0,2.0,2.0,1.0,1.0,0.0,0.0,1.0,0.0,1.0,0.0,1.0,1.0,1.0,0.0,1.0,1.0,0.0,0.0,2.0,1.0,3.0,1.0,0.0,1.0,0.0,1.0,0.0,1.0,1.0,0.0,0.0,0.0,3.0,0.0,1.0,2.0,0.0,2.0,0.0,0.0,1.0,5.0,0.0,1.0,1.0,0.0,0.0,2.0,0.0,0.0,0.0,0.0,2.0,0.0,0.0,0.0,2.0,0.0,1.0,1.0,1.0,2.0,0.0,4.0,4.0,1.0,0.0,0.0,2.0,0.0,0.0,1.0,1.0,3.0,4.0,0.0,2.0,0.0,2.0,5.0,0.0,0.0,0.0,0.0,0.0,1.0,0.0,1.0,4.0,0.0,2.0,3.0,1.0,0.0,3.0,0.0,0.0,2.0,0.0,1.0,1.0,4.0,0.0,0.0,0.0,1.0,1.0,0.0,0.0,1.0,0.0,3.0,2.0,0.0,1.0,1.0,0.0,1.0,0.0,0.0,0.0,0.0,2.0,2.0,1.0,0.0,0.0,4.0,2.0,0.0,0.0,1.0,1.0,0.0,2.0,2.0,0.0,1.0,0.0,0.0,3.0,4.0,0.0,0.0,1.0,1.0,0.0,1.0,0.0,2.0,0.0,1.0,2.0,0.0,0.0,0.0,4.0,0.0,0.0,0.0,0.0,0.0,2.0,0.0,1.0,0.0,0.0,0.0,0.0,0.0,0.0,0.0,0.0,1.0,0.0,1.0,0.0,0.0,0.0,0.0,0.0,0.0,0.0,0.0,0.0,1.0,0.0,0.0,0.0,2.0,2.0,0.0,0.0,0.0,0.0,0.0,0.0,0.0,1.0,1.0,2.0,0.0,0.0,2.0,0.0,0.0,0.0,0.0,0.0,0.0,3.0,0.0,0.0,1.0
0.0,0.0,1.0,1.0,1.0,0.0,0.0,0.0,2.0,0.0,1.0,0.0,0.0,1.0,0.0,0.0,3.0,0.0,0.0,0.0,0.0,0.0,0.0,0.0,0.0,0.0,0.0,0.0,0.0,0.0,0.0,0.0,1.0,0.0,0.0,0.0,1.0,0.0,0.0,1.0,0.0,0.0,0.0,0.0,0.0,0.0,1.0,0.0,5.0,0.0,0.0,0.0,0.0,0.0,0.0,0.0,1.0,0.0,0.0,0.0,0.0,0.0,0.0,0.0,0.0,0.0,2.0,0.0,1.0,0.0,2.0,2.0,0.0,0.0,0.0,0.0,0.0,0.0,0.0,0.0,0.0,0.0,0.0,0.0,0.0,1.0,0.0,0.0,0.0,0.0,1.0,1.0,0.0,0.0,0.0,0.0,0.0,0.0,0.0,0.0,0.0,2.0,0.0,0.0,0.0,0.0,0.0,0.0,2.0,0.0,0.0,0.0,0.0,0.0,0.0,0.0,1.0,1.0,2.0,2.0,0.0,3.0,1.0,0.0,0.0,0.0,0.0,0.0,0.0,1.0,0.0,0.0,0.0,2.0,1.0,0.0,0.0,0.0,0.0,1.0,0.0,0.0,0.0,0.0,1.0,0.0,0.0,0.0,0.0,0.0,0.0,1.0,0.0,1.0,1.0,1.0,1.0,0.0,0.0,0.0,1.0,0.0,0.0,0.0,0.0,1.0,0.0,0.0,0.0,0.0,0.0,1.0,0.0,0.0,2.0,1.0,0.0,0.0,0.0,0.0,1.0,0.0,1.0,0.0,0.0,0.0,0.0,0.0,0.0,0.0,2.0,0.0,2.0,0.0,0.0,1.0,0.0,1.0,2.0,1.0,0.0,0.0,0.0,0.0,1.0,0.0,1.0,1.0,2.0,1.0,0.0,1.0,0.0,0.0,0.0,0.0,1.0,0.0,0.0,0.0,2.0,0.0,1.0,0.0,1.0,0.0,0.0,0.0,1.0,0.0,1.0,1.0,1.0,0.0,0.0,1.0,0.0,0.0,1.0,2.0,0.0,0.0,2.0,1.0,0.0,0.0,2.0,1.0,0.0,0.0,0.0,0.0,0.0,1.0,2.0,0.0,0.0,0.0,0.0,1.0,2.0,0.0,0.0,0.0,0.0,0.0,0.0,1.0,0.0,0.0,0.0,0.0,0.0,0.0,1.0,2.0,0.0,0.0,0.0,0.0,0.0,0.0,0.0,0.0,0.0,0.0,0.0,0.0,0.0,0.0,0.0,0.0,0.0,0.0,0.0,0.0,0.0,0.0,0.0,1.0,0.0,0.0,0.0,0.0,0.0,0.0,0.0,0.0,1.0,0.0,0.0,0.0,0.0,2.0,0.0,0.0,0.0,0.0,0.0,0.0,0.0,0.0,0.0,0.0,0.0,0.0,0.0,0.0,0.0,1.0,0.0,0.0,0.0
0.0,2.0,7.0,2.0,1.0,2.0,0.0,0.0,0.0,4.0,0.0,0.0,1.0,1.0,0.0,7.0,14.0,0.0,1.0,0.0,0.0,0.0,0.0,3.0,0.0,2.0,0.0,0.0,0.0,0.0,0.0,1.0,3.0,2.0,2.0,2.0,7.0,0.0,5.0,0.0,2.0,1.0,0.0,0.0,0.0,1.0,0.0,1.0,5.0,0.0,0.0,0.0,0.0,1.0,1.0,2.0,0.0,1.0,0.0,0.0,0.0,0.0,0.0,0.0,0.0,2.0,1.0,0.0,2.0,0.0,5.0,0.0,0.0,1.0,0.0,2.0,0.0,2.0,0.0,0.0,0.0,0.0,3.0,0.0,0.0,1.0,0.0,0.0,0.0,0.0,0.0,0.0,1.0,0.0,0.0,3.0,0.0,0.0,0.0,1.0,0.0,3.0,0.0,0.0,0.0,3.0,0.0,1.0,3.0,1.0,0.0,4.0,0.0,1.0,0.0,0.0,1.0,0.0,4.0,2.0,0.0,0.0,1.0,0.0,0.0,0.0,0.0,0.0,0.0,4.0,8.0,2.0,0.0,0.0,0.0,0.0,0.0,2.0,0.0,0.0,0.0,2.0,0.0,0.0,1.0,0.0,0.0,0.0,0.0,0.0,1.0,1.0,0.0,0.0,4.0,1.0,1.0,0.0,0.0,1.0,2.0,1.0,0.0,1.0,0.0,0.0,2.0,3.0,1.0,2.0,0.0,2.0,0.0,0.0,2.0,1.0,1.0,0.0,5.0,0.0,1.0,0.0,5.0,1.0,0.0,0.0,0.0,0.0,0.0,0.0,0.0,0.0,0.0,10.0,0.0,3.0,0.0,1.0,1.0,1.0,0.0,3.0,0.0,0.0,0.0,0.0,4.0,1.0,0.0,1.0,6.0,2.0,2.0,1.0,1.0,0.0,8.0,0.0,3.0,0.0,5.0,0.0,0.0,0.0,2.0,1.0,0.0,0.0,2.0,0.0,3.0,1.0,2.0,0.0,0.0,3.0,0.0,0.0,0.0,0.0,1.0,1.0,1.0,0.0,1.0,1.0,2.0,2.0,0.0,1.0,0.0,3.0,0.0,4.0,1.0,0.0,4.0,1.0,0.0,1.0,3.0,5.0,0.0,0.0,1.0,0.0,2.0,1.0,0.0,0.0,1.0,0.0,1.0,0.0,0.0,2.0,1.0,1.0,0.0,0.0,0.0,0.0,3.0,0.0,1.0,1.0,0.0,0.0,0.0,0.0,1.0,0.0,0.0,0.0,0.0,0.0,0.0,1.0,0.0,0.0,0.0,0.0,0.0,0.0,0.0,0.0,0.0,0.0,1.0,0.0,0.0,0.0,0.0,0.0,1.0,0.0,0.0,5.0,1.0,1.0,0.0,1.0,0.0,0.0,4.0,0.0,0.0,0.0,0.0,5.0,0.0,0.0,0.0
0.0,0.0,0.0,0.0,1.0,0.0,0.0,1.0,1.0,0.0,2.0,1.0,0.0,1.0,0.0,0.0,1.0,0.0,0.0,0.0,0.0,0.0,0.0,0.0,0.0,0.0,0.0,0.0,0.0,0.0,0.0,0.0,1.0,0.0,0.0,0.0,0.0,0.0,0.0,0.0,0.0,0.0,0.0,0.0,0.0,0.0,2.0,0.0,1.0,0.0,0.0,0.0,0.0,0.0,0.0,0.0,1.0,0.0,0.0,0.0,0.0,0.0,1.0,0.0,0.0,0.0,2.0,1.0,0.0,0.0,2.0,2.0,0.0,0.0,0.0,0.0,0.0,0.0,0.0,0.0,0.0,0.0,0.0,0.0,0.0,0.0,0.0,0.0,0.0,0.0,0.0,1.0,0.0,0.0,0.0,0.0,0.0,0.0,0.0,0.0,0.0,1.0,0.0,1.0,0.0,0.0,0.0,0.0,0.0,0.0,0.0,0.0,0.0,0.0,0.0,0.0,2.0,0.0,0.0,2.0,2.0,1.0,0.0,0.0,0.0,0.0,0.0,0.0,0.0,0.0,0.0,1.0,0.0,3.0,1.0,0.0,0.0,1.0,1.0,1.0,0.0,0.0,1.0,0.0,1.0,0.0,0.0,0.0,0.0,0.0,0.0,0.0,0.0,1.0,1.0,1.0,0.0,0.0,0.0,0.0,1.0,0.0,1.0,0.0,0.0,0.0,0.0,0.0,0.0,0.0,0.0,0.0,0.0,0.0,1.0,1.0,0.0,0.0,0.0,0.0,0.0,0.0,1.0,0.0,0.0,0.0,0.0,0.0,0.0,0.0,2.0,0.0,1.0,1.0,0.0,1.0,0.0,0.0,4.0,1.0,0.0,0.0,0.0,0.0,1.0,0.0,0.0,0.0,0.0,0.0,2.0,0.0,0.0,2.0,0.0,0.0,0.0,0.0,0.0,0.0,1.0,0.0,1.0,0.0,0.0,0.0,0.0,0.0,0.0,0.0,1.0,1.0,0.0,0.0,0.0,0.0,1.0,0.0,0.0,0.0,0.0,0.0,3.0,0.0,0.0,0.0,1.0,0.0,0.0,0.0,0.0,0.0,0.0,2.0,2.0,0.0,0.0,0.0,0.0,2.0,3.0,0.0,0.0,0.0,0.0,0.0,0.0,0.0,1.0,0.0,1.0,1.0,0.0,0.0,1.0,1.0,0.0,0.0,0.0,0.0,0.0,1.0,0.0,0.0,0.0,0.0,0.0,0.0,0.0,0.0,0.0,0.0,0.0,0.0,0.0,0.0,0.0,0.0,0.0,0.0,0.0,0.0,0.0,0.0,1.0,0.0,0.0,0.0,0.0,0.0,0.0,0.0,0.0,0.0,0.0,0.0,0.0,0.0,0.0,0.0,0.0,0.0,0.0,0.0,0.0,0.0,0.0,0.0,0.0,0.0,0.0,0.0,0.0
1.0,14.0,20.0,31.0,3.0,0.0,4.0,4.0,0.0,0.0,1.0,33.0,5.0,16.0,2.0,19.0,50.0,7.0,0.0,1.0,4.0,4.0,6.0,0.0,0.0,1.0,4.0,8.0,4.0,7.0,0.0,1.0,21.0,1.0,11.0,1.0,29.0,0.0,19.0,5.0,9.0,2.0,0.0,0.0,11.0,0.0,9.0,4.0,36.0,2.0,0.0,0.0,4.0,11.0,0.0,12.0,12.0,4.0,0.0,2.0,1.0,3.0,2.0,2.0,5.0,10.0,25.0,3.0,7.0,1.0,35.0,36.0,3.0,0.0,1.0,1.0,0.0,3.0,0.0,1.0,1.0,1.0,1.0,2.0,1.0,6.0,4.0,3.0,2.0,0.0,3.0,1.0,5.0,1.0,5.0,4.0,7.0,0.0,2.0,2.0,2.0,26.0,0.0,3.0,1.0,13.0,1.0,9.0,8.0,13.0,3.0,19.0,1.0,6.0,0.0,0.0,6.0,13.0,14.0,9.0,5.0,12.0,4.0,8.0,1.0,4.0,1.0,4.0,0.0,13.0,8.0,1.0,1.0,3.0,4.0,2.0,3.0,22.0,1.0,20.0,10.0,0.0,2.0,6.0,8.0,2.0,1.0,1.0,1.0,0.0,3.0,13.0,5.0,21.0,7.0,3.0,10.0,2.0,1.0,2.0,17.0,5.0,3.0,1.0,0.0,4.0,7.0,2.0,0.0,0.0,3.0,16.0,2.0,2.0,7.0,29.0,3.0,1.0,6.0,2.0,12.0,5.0,23.0,8.0,6.0,7.0,0.0,3.0,1.0,3.0,6.0,8.0,16.0,24.0,1.0,6.0,0.0,21.0,19.0,3.0,3.0,0.0,5.0,1.0,9.0,0.0,10.0,22.0,5.0,7.0,15.0,6.0,2.0,5.0,2.0,1.0,30.0,0.0,6.0,2.0,24.0,1.0,3.0,0.0,15.0,3.0,3.0,0.0,7.0,6.0,18.0,11.0,13.0,2.0,8.0,6.0,5.0,0.0,0.0,3.0,0.0,5.0,12.0,10.0,5.0,0.0,23.0,10.0,3.0,0.0,6.0,3.0,2.0,19.0,16.0,0.0,14.0,17.0,1.0,16.0,24.0,8.0,0.0,10.0,7.0,0.0,8.0,1.0,11.0,2.0,2.0,6.0,3.0,3.0,7.0,17.0,2.0,0.0,0.0,0.0,4.0,4.0,13.0,2.0,0.0,0.0,0.0,1.0,1.0,1.0,0.0,4.0,2.0,0.0,6.0,0.0,0.0,7.0,0.0,0.0,1.0,0.0,1.0,0.0,1.0,1.0,0.0,2.0,3.0,6.0,0.0,1.0,0.0,2.0,0.0,0.0,0.0,6.0,2.0,2.0,0.0,0.0,5.0,1.0,0.0,3.0,1.0,0.0,1.0,21.0,0.0,0.0,2.0
1.0,4.0,12.0,17.0,6.0,1.0,3.0,0.0,0.0,1.0,0.0,5.0,16.0,8.0,0.0,5.0,45.0,4.0,3.0,2.0,0.0,3.0,1.0,0.0,0.0,1.0,2.0,1.0,4.0,0.0,1.0,2.0,18.0,2.0,4.0,1.0,14.0,0.0,9.0,4.0,2.0,1.0,0.0,1.0,2.0,0.0,3.0,8.0,24.0,1.0,2.0,1.0,4.0,9.0,0.0,2.0,8.0,3.0,0.0,6.0,0.0,2.0,2.0,0.0,5.0,9.0,18.0,1.0,2.0,2.0,12.0,15.0,1.0,0.0,0.0,2.0,0.0,6.0,0.0,1.0,2.0,1.0,1.0,2.0,2.0,5.0,0.0,3.0,0.0,0.0,3.0,1.0,7.0,0.0,1.0,4.0,6.0,0.0,0.0,2.0,2.0,15.0,1.0,0.0,0.0,9.0,0.0,3.0,12.0,4.0,0.0,11.0,2.0,9.0,0.0,0.0,5.0,3.0,11.0,2.0,0.0,15.0,3.0,3.0,2.0,3.0,2.0,6.0,0.0,6.0,4.0,0.0,1.0,0.0,0.0,0.0,0.0,7.0,0.0,8.0,5.0,1.0,3.0,0.0,8.0,1.0,0.0,1.0,1.0,0.0,1.0,16.0,4.0,10.0,5.0,5.0,10.0,0.0,2.0,0.0,14.0,2.0,3.0,4.0,0.0,1.0,3.0,0.0,1.0,1.0,0.0,5.0,0.0,2.0,6.0,16.0,2.0,2.0,1.0,0.0,4.0,1.0,13.0,4.0,3.0,1.0,0.0,4.0,1.0,0.0,0.0,1.0,11.0,10.0,1.0,6.0,0.0,13.0,8.0,5.0,2.0,1.0,6.0,3.0,4.0,1.0,5.0,12.0,2.0,2.0,6.0,5.0,2.0,4.0,2.0,2.0,14.0,2.0,8.0,0.0,19.0,3.0,2.0,1.0,9.0,1.0,0.0,1.0,5.0,5.0,10.0,9.0,9.0,2.0,3.0,4.0,1.0,1.0,1.0,2.0,1.0,1.0,2.0,5.0,4.0,2.0,12.0,8.0,0.0,0.0,0.0,0.0,5.0,10.0,11.0,0.0,10.0,12.0,1.0,9.0,11.0,3.0,2.0,1.0,2.0,0.0,6.0,2.0,8.0,4.0,2.0,3.0,3.0,0.0,2.0,11.0,4.0,0.0,1.0,0.0,0.0,2.0,9.0,1.0,0.0,0.0,0.0,2.0,3.0,1.0,0.0,4.0,3.0,0.0,5.0,0.0,0.0,10.0,1.0,0.0,0.0,0.0,2.0,0.0,1.0,0.0,0.0,0.0,4.0,0.0,1.0,1.0,0.0,2.0,1.0,0.0,1.0,1.0,0.0,0.0,0.0,2.0,1.0,0.0,0.0,0.0,0.0,0.0,2.0,8.0,1.0,1.0,0.0
0.0,11.0,23.0,43.0,9.0,0.0,5.0,4.0,1.0,1.0,1.0,16.0,8.0,32.0,0.0,22.0,72.0,9.0,6.0,2.0,0.0,8.0,4.0,0.0,2.0,3.0,2.0,5.0,7.0,4.0,2.0,2.0,35.0,1.0,15.0,2.0,35.0,1.0,24.0,7.0,8.0,2.0,0.0,1.0,9.0,0.0,18.0,9.0,60.0,1.0,2.0,2.0,1.0,16.0,0.0,14.0,17.0,4.0,2.0,5.0,1.0,5.0,3.0,1.0,6.0,12.0,36.0,2.0,5.0,2.0,54.0,43.0,3.0,0.0,4.0,6.0,1.0,6.0,1.0,2.0,2.0,1.0,4.0,4.0,2.0,10.0,1.0,2.0,1.0,0.0,4.0,5.0,5.0,3.0,5.0,3.0,7.0,0.0,1.0,4.0,5.0,28.0,1.0,2.0,3.0,12.0,0.0,13.0,9.0,12.0,7.0,15.0,1.0,4.0,1.0,0.0,8.0,12.0,23.0,13.0,1.0,15.0,11.0,6.0,1.0,3.0,2.0,7.0,1.0,12.0,11.0,1.0,1.0,3.0,5.0,1.0,1.0,18.0,0.0,17.0,5.0,0.0,3.0,3.0,10.0,2.0,3.0,5.0,2.0,0.0,1.0,23.0,5.0,13.0,11.0,9.0,17.0,1.0,2.0,4.0,27.0,9.0,6.0,12.0,1.0,4.0,8.0,1.0,0.0,2.0,2.0,23.0,1.0,0.0,11.0,30.0,1.0,6.0,5.0,4.0,15.0,5.0,29.0,20.0,10.0,4.0,1.0,11.0,4.0,1.0,7.0,10.0,23.0,30.0,1.0,11.0,1.0,26.0,21.0,7.0,3.0,3.0,4.0,2.0,7.0,2.0,10.0,35.0,1.0,9.0,16.0,8.0,2.0,9.0,4.0,3.0,29.0,2.0,10.0,3.0,37.0,3.0,4.0,1.0,21.0,5.0,1.0,0.0,13.0,5.0,23.0,17.0,13.0,3.0,6.0,3.0,6.0,2.0,1.0,0.0,0.0,10.0,12.0,19.0,10.0,3.0,22.0,11.0,2.0,0.0,5.0,8.0,3.0,21.0,18.0,1.0,17.0,28.0,0.0,15.0,31.0,5.0,1.0,6.0,5.0,2.0,6.0,2.0,14.0,3.0,3.0,6.0,2.0,1.0,7.0,22.0,2.0,0.0,0.0,0.0,6.0,3.0,7.0,6.0,0.0,0.0,2.0,2.0,3.0,2.0,1.0,2.0,4.0,1.0,7.0,1.0,1.0,12.0,1.0,0.0,0.0,0.0,4.0,1.0,1.0,1.0,1.0,0.0,7.0,3.0,1.0,2.0,1.0,0.0,0.0,1.0,0.0,5.0,4.0,6.0,0.0,2.0,9.0,1.0,1.0,1.0,1.0,0.0,4.0,19.0,1.0,1.0,1.0
0.0,3.0,0.0,6.0,0.0,0.0,3.0,0.0,0.0,0.0,0.0,2.0,0.0,0.0,2.0,1.0,2.0,0.0,0.0,0.0,2.0,0.0,0.0,0.0,0.0,0.0,0.0,1.0,0.0,2.0,0.0,0.0,1.0,0.0,0.0,0.0,1.0,0.0,1.0,0.0,0.0,0.0,0.0,0.0,1.0,0.0,1.0,0.0,4.0,0.0,0.0,0.0,1.0,0.0,0.0,0.0,0.0,0.0,0.0,0.0,0.0,0.0,0.0,0.0,0.0,0.0,1.0,0.0,0.0,0.0,1.0,5.0,0.0,0.0,0.0,0.0,0.0,1.0,0.0,0.0,0.0,0.0,0.0,0.0,0.0,0.0,0.0,0.0,0.0,0.0,1.0,0.0,0.0,0.0,0.0,3.0,0.0,0.0,0.0,0.0,0.0,4.0,0.0,0.0,0.0,1.0,0.0,0.0,0.0,1.0,0.0,1.0,0.0,0.0,0.0,0.0,0.0,1.0,2.0,0.0,1.0,1.0,0.0,1.0,0.0,0.0,0.0,0.0,0.0,1.0,1.0,0.0,0.0,0.0,0.0,0.0,0.0,2.0,0.0,1.0,0.0,0.0,0.0,0.0,1.0,0.0,1.0,0.0,0.0,0.0,0.0,0.0,0.0,1.0,0.0,0.0,0.0,0.0,0.0,0.0,2.0,0.0,0.0,0.0,0.0,0.0,1.0,1.0,0.0,0.0,0.0,0.0,1.0,0.0,1.0,0.0,0.0,0.0,1.0,0.0,0.0,0.0,1.0,0.0,0.0,0.0,0.0,0.0,0.0,0.0,0.0,1.0,0.0,2.0,0.0,2.0,0.0,2.0,0.0,0.0,0.0,0.0,0.0,0.0,2.0,0.0,2.0,1.0,1.0,0.0,1.0,0.0,0.0,0.0,0.0,0.0,6.0,0.0,0.0,1.0,2.0,0.0,0.0,0.0,1.0,0.0,0.0,0.0,0.0,0.0,2.0,0.0,2.0,0.0,0.0,0.0,1.0,0.0,0.0,0.0,0.0,0.0,1.0,1.0,1.0,0.0,4.0,0.0,0.0,0.0,0.0,0.0,0.0,0.0,4.0,0.0,1.0,0.0,0.0,0.0,0.0,1.0,0.0,0.0,0.0,0.0,1.0,0.0,0.0,0.0,1.0,0.0,1.0,0.0,0.0,2.0,0.0,0.0,0.0,0.0,1.0,0.0,2.0,0.0,0.0,0.0,0.0,0.0,0.0,0.0,0.0,0.0,0.0,0.0,0.0,0.0,0.0,2.0,0.0,0.0,0.0,0.0,0.0,0.0,0.0,0.0,0.0,1.0,0.0,0.0,0.0,0.0,0.0,0.0,0.0,0.0,0.0,1.0,0.0,0.0,0.0,0.0,0.0,0.0,0.0,0.0,0.0,0.0,0.0,1.0,0.0,0.0,0.0
2.0,15.0,41.0,44.0,7.0,4.0,5.0,2.0,0.0,7.0,0.0,19.0,5.0,22.0,1.0,56.0,97.0,6.0,12.0,0.0,2.0,5.0,5.0,7.0,3.0,6.0,3.0,10.0,5.0,5.0,2.0,1.0,44.0,6.0,13.0,2.0,48.0,0.0,33.0,4.0,14.0,1.0,0.0,2.0,15.0,3.0,12.0,7.0,48.0,1.0,4.0,2.0,1.0,10.0,1.0,10.0,13.0,8.0,4.0,2.0,0.0,2.0,3.0,3.0,2.0,8.0,38.0,2.0,12.0,0.0,47.0,42.0,3.0,3.0,3.0,8.0,2.0,4.0,0.0,2.0,0.0,1.0,10.0,2.0,0.0,14.0,3.0,3.0,3.0,0.0,4.0,3.0,8.0,2.0,6.0,7.0,4.0,2.0,0.0,3.0,2.0,32.0,2.0,0.0,2.0,16.0,0.0,18.0,13.0,18.0,7.0,23.0,2.0,4.0,2.0,2.0,6.0,17.0,24.0,14.0,3.0,9.0,8.0,9.0,0.0,5.0,0.0,3.0,0.0,19.0,34.0,3.0,2.0,5.0,5.0,5.0,3.0,22.0,0.0,19.0,5.0,4.0,0.0,3.0,8.0,4.0,4.0,6.0,0.0,0.0,4.0,25.0,3.0,8.0,23.0,5.0,18.0,3.0,0.0,3.0,25.0,9.0,4.0,15.0,0.0,4.0,10.0,7.0,1.0,5.0,3.0,35.0,3.0,0.0,14.0,19.0,6.0,7.0,16.0,2.0,13.0,9.0,29.0,13.0,9.0,5.0,3.0,8.0,4.0,3.0,10.0,11.0,26.0,51.0,0.0,10.0,0.0,24.0,23.0,11.0,0.0,5.0,3.0,2.0,10.0,2.0,25.0,24.0,3.0,14.0,31.0,14.0,5.0,6.0,14.0,0.0,46.0,4.0,14.0,0.0,33.0,0.0,3.0,2.0,21.0,9.0,3.0,0.0,15.0,5.0,30.0,13.0,17.0,2.0,5.0,11.0,8.0,2.0,1.0,0.0,5.0,10.0,13.0,16.0,13.0,6.0,25.0,13.0,4.0,1.0,5.0,14.0,0.0,25.0,18.0,1.0,22.0,26.0,0.0,16.0,29.0,21.0,2.0,8.0,7.0,0.0,12.0,2.0,7.0,0.0,2.0,5.0,2.0,3.0,5.0,18.0,5.0,3.0,0.0,0.0,9.0,0.0,16.0,4.0,3.0,1.0,2.0,0.0,2.0,1.0,2.0,3.0,2.0,2.0,9.0,1.0,0.0,9.0,0.0,2.0,0.0,2.0,5.0,0.0,1.0,0.0,0.0,1.0,5.0,3.0,2.0,2.0,0.0,0.0,5.0,0.0,0.0,16.0,3.0,9.0,0.0,4.0,8.0,0.0,9.0,3.0,0.0,0.0,3.0,36.0,2.0,2.0,0.0
10.0,55.0,191.0,222.0,35.0,10.0,42.0,6.0,3.0,14.0,1.0,50.0,45.0,72.0,2.0,97.0,603.0,43.0,43.0,3.0,4.0,23.0,15.0,14.0,12.0,14.0,8.0,13.0,50.0,34.0,16.0,5.0,205.0,22.0,62.0,13.0,222.0,7.0,187.0,26.0,42.0,42.0,9.0,9.0,65.0,9.0,91.0,50.0,277.0,12.0,18.0,13.0,13.0,87.0,2.0,48.0,62.0,19.0,2.0,17.0,2.0,12.0,22.0,13.0,36.0,66.0,194.0,15.0,40.0,9.0,219.0,193.0,8.0,6.0,9.0,27.0,1.0,44.0,0.0,12.0,3.0,4.0,38.0,11.0,3.0,69.0,3.0,13.0,4.0,9.0,18.0,8.0,36.0,4.0,18.0,51.0,21.0,6.0,1.0,13.0,14.0,148.0,9.0,2.0,4.0,50.0,2.0,71.0,121.0,71.0,12.0,65.0,13.0,37.0,1.0,6.0,30.0,62.0,143.0,60.0,12.0,84.0,48.0,26.0,7.0,36.0,3.0,35.0,7.0,89.0,70.0,5.0,13.0,11.0,5.0,19.0,1.0,87.0,1.0,80.0,33.0,10.0,19.0,7.0,36.0,5.0,19.0,22.0,8.0,15.0,5.0,135.0,17.0,89.0,84.0,38.0,109.0,4.0,3.0,10.0,166.0,43.0,11.0,77.0,9.0,26.0,35.0,12.0,4.0,14.0,6.0,88.0,20.0,9.0,81.0,124.0,18.0,23.0,27.0,7.0,63.0,23.0,142.0,71.0,33.0,30.0,7.0,37.0,9.0,1.0,15.0,41.0,136.0,185.0,10.0,84.0,9.0,173.0,71.0,30.0,11.0,34.0,18.0,10.0,103.0,21.0,83.0,130.0,19.0,57.0,116.0,77.0,14.0,24.0,26.0,18.0,204.0,18.0,82.0,17.0,168.0,21.0,23.0,9.0,131.0,15.0,1.0,11.0,96.0,41.0,205.0,85.0,125.0,42.0,20.0,29.0,48.0,6.0,4.0,23.0,23.0,36.0,63.0,104.0,57.0,21.0,109.0,54.0,6.0,2.0,28.0,36.0,12.0,79.0,87.0,1.0,85.0,110.0,3.0,118.0,103.0,42.0,5.0,16.0,23.0,23.0,35.0,17.0,32.0,16.0,15.0,30.0,9.0,1.0,15.0,96.0,26.0,6.0,2.0,9.0,49.0,25.0,76.0,19.0,6.0,2.0,10.0,3.0,12.0,4.0,2.0,15.0,13.0,1.0,21.0,5.0,3.0,73.0,27.0,9.0,7.0,6.0,21.0,7.0,2.0,6.0,16.0,2.0,32.0,6.0,9.0,38.0,9.0,12.0,23.0,7.0,5.0,27.0,19.0,20.0,9.0,14.0,34.0,3.0,16.0,1.0,3.0,6.0,9.0,121.0,9.0,9.0,1.0
0.0,3.0,11.0,19.0,6.0,0.0,3.0,0.0,0.0,0.0,0.0,7.0,4.0,9.0,0.0,6.0,43.0,20.0,4.0,0.0,0.0,3.0,0.0,0.0,2.0,0.0,3.0,1.0,2.0,0.0,0.0,0.0,12.0,1.0,10.0,4.0,14.0,0.0,10.0,4.0,7.0,0.0,0.0,0.0,6.0,1.0,10.0,1.0,23.0,2.0,0.0,0.0,2.0,13.0,0.0,9.0,7.0,1.0,2.0,0.0,1.0,2.0,3.0,0.0,9.0,10.0,22.0,0.0,4.0,1.0,25.0,15.0,4.0,0.0,1.0,2.0,1.0,4.0,0.0,0.0,0.0,1.0,2.0,1.0,0.0,8.0,1.0,1.0,0.0,0.0,0.0,3.0,4.0,0.0,2.0,1.0,3.0,0.0,0.0,1.0,4.0,22.0,0.0,0.0,0.0,9.0,0.0,4.0,7.0,6.0,1.0,7.0,1.0,7.0,1.0,0.0,5.0,4.0,15.0,2.0,1.0,8.0,7.0,6.0,1.0,0.0,0.0,3.0,0.0,6.0,6.0,0.0,0.0,0.0,1.0,0.0,1.0,9.0,0.0,12.0,3.0,0.0,7.0,2.0,4.0,0.0,0.0,3.0,3.0,1.0,1.0,9.0,2.0,9.0,3.0,6.0,7.0,0.0,0.0,0.0,14.0,6.0,1.0,3.0,4.0,0.0,2.0,0.0,0.0,3.0,1.0,10.0,1.0,2.0,3.0,18.0,2.0,0.0,1.0,0.0,6.0,1.0,11.0,5.0,8.0,2.0,0.0,5.0,2.0,1.0,1.0,5.0,8.0,8.0,1.0,4.0,0.0,20.0,7.0,3.0,3.0,6.0,3.0,2.0,6.0,3.0,5.0,12.0,4.0,5.0,10.0,7.0,0.0,1.0,2.0,1.0,21.0,0.0,5.0,3.0,24.0,1.0,4.0,0.0,15.0,0.0,1.0,0.0,4.0,5.0,14.0,6.0,6.0,2.0,3.0,2.0,1.0,4.0,0.0,2.0,1.0,0.0,3.0,8.0,3.0,0.0,15.0,5.0,2.0,0.0,10.0,7.0,1.0,9.0,13.0,0.0,10.0,16.0,1.0,8.0,15.0,4.0,1.0,3.0,3.0,0.0,2.0,2.0,2.0,2.0,0.0,1.0,0.0,1.0,5.0,18.0,2.0,0.0,0.0,0.0,1.0,8.0,4.0,3.0,0.0,0.0,2.0,0.0,0.0,0.0,0.0,3.0,1.0,1.0,5.0,1.0,3.0,9.0,2.0,0.0,0.0,0.0,1.0,0.0,0.0,0.0,0.0,0.0,4.0,0.0,0.0,0.0,4.0,2.0,1.0,0.0,1.0,1.0,0.0,0.0,0.0,0.0,0.0,0.0,0.0,1.0,0.0,1.0,1.0,8.0,0.0,0.0,0.0
1.0,2.0,17.0,21.0,5.0,0.0,5.0,0.0,0.0,1.0,0.0,0.0,3.0,6.0,0.0,12.0,43.0,4.0,15.0,0.0,0.0,0.0,2.0,0.0,3.0,0.0,0.0,0.0,6.0,1.0,2.0,0.0,23.0,3.0,1.0,2.0,20.0,0.0,16.0,2.0,3.0,2.0,1.0,2.0,5.0,1.0,9.0,7.0,24.0,0.0,4.0,2.0,0.0,6.0,0.0,1.0,6.0,2.0,4.0,3.0,0.0,0.0,2.0,1.0,0.0,4.0,25.0,2.0,2.0,1.0,21.0,17.0,0.0,0.0,0.0,3.0,2.0,1.0,0.0,2.0,0.0,1.0,6.0,0.0,0.0,10.0,0.0,1.0,0.0,1.0,3.0,0.0,4.0,0.0,3.0,3.0,0.0,0.0,0.0,0.0,0.0,13.0,2.0,0.0,0.0,7.0,0.0,7.0,14.0,2.0,3.0,4.0,0.0,2.0,2.0,0.0,0.0,11.0,10.0,3.0,0.0,6.0,4.0,5.0,0.0,6.0,0.0,2.0,0.0,5.0,4.0,1.0,2.0,0.0,0.0,1.0,0.0,5.0,0.0,7.0,1.0,0.0,1.0,0.0,2.0,0.0,1.0,2.0,1.0,2.0,0.0,16.0,0.0,3.0,8.0,6.0,14.0,0.0,0.0,1.0,13.0,5.0,2.0,9.0,1.0,1.0,0.0,1.0,0.0,1.0,0.0,13.0,4.0,0.0,8.0,10.0,0.0,5.0,1.0,0.0,4.0,2.0,11.0,4.0,4.0,3.0,1.0,5.0,6.0,0.0,0.0,4.0,11.0,18.0,0.0,10.0,1.0,25.0,9.0,10.0,0.0,1.0,1.0,3.0,8.0,3.0,7.0,7.0,1.0,7.0,10.0,11.0,1.0,4.0,3.0,2.0,25.0,4.0,9.0,1.0,17.0,1.0,1.0,2.0,8.0,0.0,0.0,2.0,9.0,3.0,20.0,6.0,8.0,6.0,0.0,0.0,3.0,3.0,0.0,1.0,2.0,3.0,3.0,9.0,7.0,5.0,6.0,5.0,0.0,0.0,1.0,2.0,1.0,10.0,12.0,1.0,7.0,18.0,0.0,9.0,18.0,6.0,4.0,0.0,0.0,1.0,2.0,0.0,3.0,1.0,2.0,4.0,0.0,0.0,2.0,5.0,0.0,0.0,1.0,1.0,4.0,1.0,5.0,2.0,0.0,0.0,0.0,0.0,2.0,0.0,1.0,1.0,1.0,2.0,6.0,0.0,0.0,7.0,2.0,0.0,0.0,0.0,5.0,0.0,0.0,0.0,1.0,0.0,0.0,0.0,2.0,5.0,1.0,0.0,2.0,0.0,0.0,1.0,2.0,0.0,1.0,3.0,2.0,0.0,1.0,0.0,0.0,1.0,2.0,8.0,2.0,2.0,0.0
0.0,0.0,0.0,1.0,0.0,0.0,0.0,0.0,0.0,0.0,0.0,1.0,2.0,2.0,0.0,0.0,3.0,0.0,0.0,1.0,0.0,0.0,0.0,0.0,0.0,0.0,0.0,0.0,0.0,0.0,0.0,1.0,0.0,0.0,1.0,0.0,0.0,0.0,0.0,0.0,0.0,0.0,0.0,0.0,0.0,0.0,0.0,2.0,1.0,0.0,0.0,0.0,0.0,0.0,0.0,1.0,1.0,1.0,0.0,2.0,0.0,0.0,0.0,0.0,0.0,2.0,1.0,0.0,0.0,1.0,2.0,3.0,0.0,0.0,0.0,0.0,0.0,2.0,0.0,0.0,1.0,0.0,0.0,0.0,1.0,0.0,0.0,0.0,0.0,0.0,1.0,0.0,1.0,0.0,0.0,0.0,2.0,0.0,0.0,0.0,0.0,1.0,0.0,0.0,0.0,2.0,0.0,0.0,0.0,0.0,0.0,1.0,0.0,0.0,0.0,0.0,0.0,0.0,0.0,0.0,0.0,1.0,1.0,0.0,0.0,0.0,1.0,0.0,0.0,0.0,0.0,0.0,0.0,0.0,0.0,0.0,0.0,1.0,0.0,1.0,0.0,0.0,0.0,0.0,2.0,0.0,0.0,0.0,0.0,0.0,0.0,0.0,1.0,1.0,0.0,0.0,2.0,0.0,1.0,0.0,0.0,0.0,1.0,0.0,0.0,0.0,0.0,0.0,0.0,0.0,0.0,0.0,0.0,0.0,0.0,3.0,0.0,0.0,0.0,0.0,1.0,0.0,0.0,0.0,0.0,0.0,0.0,0.0,0.0,0.0,0.0,0.0,0.0,0.0,0.0,2.0,0.0,1.0,2.0,0.0,0.0,0.0,1.0,0.0,0.0,0.0,0.0,3.0,0.0,0.0,0.0,0.0,1.0,2.0,0.0,1.0,2.0,0.0,0.0,0.0,2.0,1.0,0.0,0.0,0.0,0.0,0.0,0.0,0.0,0.0,1.0,2.0,2.0,0.0,0.0,0.0,0.0,0.0,0.0,0.0,0.0,0.0,0.0,0.0,1.0,0.0,1.0,1.0,0.0,0.0,0.0,0.0,1.0,3.0,1.0,0.0,2.0,2.0,0.0,0.0,2.0,0.0,0.0,0.0,0.0,0.0,0.0,0.0,4.0,1.0,1.0,0.0,1.0,0.0,1.0,1.0,0.0,0.0,0.0,0.0,0.0,0.0,0.0,0.0,0.0,0.0,0.0,1.0,1.0,0.0,0.0,0.0,0.0,0.0,0.0,0.0,0.0,2.0,0.0,0.0,0.0,0.0,0.0,0.0,0.0,0.0,0.0,0.0,0.0,0.0,0.0,0.0,0.0,0.0,0.0,0.0,0.0,0.0,0.0,0.0,0.0,0.0,0.0,0.0,0.0,0.0,0.0,0.0,1.0,0.0,0.0,0.0,0.0
0.0,4.0,0.0,4.0,0.0,0.0,4.0,0.0,0.0,0.0,0.0,4.0,0.0,0.0,2.0,2.0,4.0,0.0,0.0,0.0,4.0,0.0,0.0,0.0,0.0,0.0,0.0,0.0,0.0,4.0,0.0,0.0,0.0,0.0,0.0,0.0,2.0,0.0,0.0,0.0,0.0,0.0,0.0,0.0,0.0,0.0,0.0,0.0,2.0,0.0,0.0,0.0,2.0,0.0,0.0,0.0,0.0,0.0,0.0,0.0,0.0,0.0,0.0,0.0,0.0,0.0,2.0,0.0,0.0,0.0,0.0,4.0,0.0,0.0,0.0,0.0,0.0,0.0,0.0,0.0,0.0,0.0,0.0,0.0,0.0,0.0,0.0,0.0,0.0,0.0,2.0,0.0,0.0,0.0,0.0,4.0,0.0,0.0,0.0,0.0,0.0,8.0,0.0,0.0,0.0,2.0,0.0,0.0,0.0,0.0,0.0,2.0,0.0,0.0,0.0,0.0,0.0,2.0,4.0,0.0,2.0,2.0,0.0,2.0,0.0,0.0,0.0,0.0,0.0,2.0,2.0,0.0,0.0,0.0,0.0,0.0,0.0,4.0,0.0,0.0,0.0,0.0,0.0,0.0,0.0,0.0,0.0,0.0,0.0,0.0,0.0,0.0,0.0,2.0,0.0,0.0,0.0,0.0,0.0,0.0,4.0,0.0,0.0,0.0,0.0,0.0,2.0,2.0,0.0,0.0,0.0,0.0,2.0,0.0,0.0,0.0,0.0,0.0,2.0,0.0,0.0,0.0,0.0,0.0,0.0,0.0,0.0,0.0,0.0,0.0,0.0,0.0,0.0,2.0,0.0,0.0,0.0,2.0,0.0,0.0,0.0,0.0,0.0,0.0,4.0,0.0,4.0,0.0,0.0,0.0,2.0,0.0,0.0,0.0,0.0,0.0,10.0,0.0,0.0,0.0,2.0,0.0,0.0,0.0,2.0,0.0,0.0,0.0,0.0,0.0,4.0,0.0,4.0,0.0,0.0,0.0,0.0,0.0,0.0,0.0,0.0,0.0,0.0,0.0,0.0,0.0,8.0,0.0,0.0,0.0,0.0,0.0,0.0,0.0,6.0,0.0,0.0,0.0,0.0,0.0,0.0,2.0,0.0,0.0,0.0,0.0,2.0,0.0,0.0,0.0,0.0,0.0,2.0,0.0,0.0,4.0,0.0,0.0,0.0,0.0,0.0,0.0,4.0,0.0,0.0,0.0,0.0,0.0,0.0,0.0,0.0,0.0,0.0,0.0,0.0,0.0,0.0,2.0,0.0,0.0,0.0,0.0,0.0,0.0,0.0,0.0,0.0,2.0,0.0,0.0,0.0,0.0,0.0,0.0,0.0,0.0,0.0,2.0,0.0,0.0,0.0,0.0,0.0,0.0,0.0,0.0,0.0,0.0,0.0,2.0,0.0,0.0,0.0
0.0,3.0,8.0,12.0,4.0,0.0,1.0,2.0,0.0,0.0,0.0,4.0,3.0,8.0,0.0,5.0,23.0,3.0,0.0,0.0,0.0,7.0,0.0,0.0,0.0,2.0,0.0,0.0,1.0,0.0,0.0,0.0,8.0,0.0,5.0,0.0,12.0,0.0,7.0,4.0,4.0,0.0,0.0,0.0,3.0,0.0,3.0,0.0,22.0,2.0,0.0,0.0,1.0,5.0,0.0,0.0,6.0,0.0,0.0,0.0,0.0,3.0,0.0,0.0,5.0,2.0,8.0,0.0,4.0,0.0,12.0,6.0,0.0,0.0,3.0,2.0,0.0,0.0,0.0,0.0,0.0,1.0,0.0,3.0,0.0,3.0,0.0,1.0,0.0,0.0,0.0,2.0,1.0,2.0,0.0,0.0,2.0,0.0,0.0,3.0,3.0,10.0,0.0,0.0,2.0,2.0,0.0,6.0,4.0,4.0,4.0,6.0,1.0,3.0,0.0,0.0,4.0,0.0,6.0,4.0,0.0,6.0,4.0,2.0,1.0,0.0,0.0,5.0,0.0,5.0,3.0,0.0,0.0,0.0,2.0,0.0,0.0,4.0,0.0,4.0,3.0,0.0,1.0,0.0,3.0,0.0,2.0,2.0,0.0,0.0,0.0,9.0,0.0,3.0,2.0,1.0,1.0,0.0,0.0,0.0,9.0,3.0,0.0,3.0,0.0,0.0,6.0,0.0,0.0,0.0,0.0,5.0,0.0,2.0,1.0,4.0,1.0,2.0,2.0,2.0,5.0,0.0,11.0,8.0,3.0,1.0,0.0,5.0,0.0,0.0,2.0,2.0,8.0,9.0,1.0,1.0,0.0,4.0,3.0,0.0,1.0,0.0,1.0,1.0,0.0,0.0,4.0,7.0,2.0,1.0,3.0,4.0,0.0,2.0,1.0,0.0,5.0,0.0,3.0,0.0,12.0,0.0,1.0,0.0,9.0,2.0,0.0,0.0,3.0,1.0,3.0,4.0,0.0,0.0,4.0,1.0,0.0,0.0,0.0,2.0,0.0,4.0,1.0,4.0,0.0,0.0,10.0,3.0,1.0,0.0,0.0,2.0,1.0,3.0,5.0,0.0,4.0,2.0,1.0,6.0,5.0,0.0,0.0,3.0,4.0,0.0,3.0,2.0,2.0,1.0,0.0,0.0,0.0,0.0,0.0,10.0,2.0,0.0,0.0,0.0,1.0,1.0,1.0,2.0,0.0,0.0,2.0,0.0,0.0,0.0,0.0,1.0,3.0,0.0,4.0,1.0,0.0,2.0,0.0,0.0,0.0,0.0,0.0,0.0,0.0,0.0,0.0,0.0,5.0,0.0,0.0,0.0,0.0,2.0,0.0,0.0,0.0,2.0,0.0,4.0,0.0,0.0,4.0,0.0,0.0,0.0,0.0,0.0,0.0,6.0,0.0,0.0,0.0
0.0,1.0,6.0,12.0,1.0,0.0,0.0,2.0,0.0,0.0,0.0,6.0,1.0,4.0,0.0,5.0,15.0,0.0,2.0,0.0,0.0,0.0,6.0,0.0,0.0,0.0,0.0,2.0,2.0,1.0,1.0,0.0,13.0,1.0,3.0,0.0,5.0,0.0,4.0,0.0,0.0,0.0,0.0,1.0,3.0,0.0,6.0,4.0,10.0,0.0,2.0,1.0,0.0,6.0,0.0,3.0,5.0,1.0,0.0,1.0,0.0,0.0,1.0,1.0,0.0,2.0,8.0,1.0,1.0,0.0,10.0,10.0,0.0,0.0,0.0,1.0,0.0,0.0,0.0,1.0,0.0,0.0,0.0,0.0,0.0,3.0,0.0,1.0,1.0,0.0,1.0,0.0,1.0,0.0,0.0,0.0,0.0,0.0,2.0,0.0,0.0,3.0,1.0,2.0,0.0,0.0,0.0,2.0,4.0,1.0,0.0,3.0,0.0,0.0,0.0,0.0,1.0,8.0,1.0,1.0,0.0,2.0,1.0,0.0,0.0,4.0,0.0,0.0,0.0,2.0,1.0,0.0,1.0,1.0,0.0,1.0,0.0,5.0,0.0,7.0,3.0,0.0,0.0,0.0,0.0,1.0,0.0,1.0,0.0,0.0,0.0,8.0,1.0,3.0,3.0,1.0,7.0,1.0,0.0,2.0,5.0,0.0,0.0,3.0,0.0,1.0,0.0,0.0,0.0,0.0,1.0,6.0,0.0,0.0,3.0,6.0,1.0,2.0,0.0,0.0,2.0,2.0,3.0,3.0,1.0,0.0,0.0,2.0,0.0,0.0,1.0,0.0,7.0,6.0,0.0,4.0,0.0,6.0,7.0,1.0,0.0,0.0,0.0,0.0,2.0,1.0,2.0,8.0,0.0,7.0,2.0,2.0,0.0,0.0,1.0,0.0,6.0,2.0,3.0,2.0,5.0,0.0,1.0,1.0,0.0,1.0,0.0,0.0,3.0,1.0,7.0,2.0,3.0,3.0,0.0,1.0,1.0,0.0,0.0,0.0,0.0,1.0,5.0,5.0,3.0,2.0,1.0,4.0,0.0,0.0,2.0,1.0,0.0,2.0,1.0,0.0,0.0,5.0,0.0,3.0,6.0,1.0,0.0,0.0,0.0,0.0,1.0,0.0,0.0,0.0,0.0,4.0,0.0,0.0,0.0,0.0,0.0,0.0,0.0,0.0,1.0,2.0,2.0,1.0,0.0,0.0,0.0,0.0,1.0,0.0,0.0,0.0,0.0,0.0,0.0,0.0,0.0,2.0,0.0,0.0,0.0,0.0,2.0,0.0,0.0,0.0,0.0,0.0,0.0,5.0,1.0,1.0,0.0,0.0,0.0,0.0,0.0,0.0,2.0,0.0,0.0,1.0,1.0,0.0,0.0,0.0,0.0,0.0,0.0,8.0,1.0,1.0,2.0
0.0,2.0,6.0,1.0,1.0,2.0,0.0,0.0,0.0,3.0,0.0,0.0,0.0,0.0,0.0,7.0,14.0,0.0,0.0,0.0,0.0,0.0,0.0,5.0,0.0,2.0,0.0,0.0,0.0,0.0,0.0,1.0,1.0,2.0,2.0,2.0,6.0,0.0,3.0,0.0,1.0,0.0,0.0,0.0,0.0,1.0,0.0,1.0,3.0,0.0,0.0,0.0,0.0,0.0,1.0,1.0,0.0,2.0,0.0,0.0,0.0,0.0,0.0,0.0,0.0,3.0,0.0,0.0,4.0,0.0,2.0,0.0,0.0,2.0,0.0,1.0,0.0,3.0,0.0,0.0,0.0,0.0,3.0,0.0,0.0,0.0,0.0,0.0,0.0,0.0,0.0,0.0,1.0,0.0,0.0,3.0,0.0,0.0,0.0,1.0,0.0,4.0,0.0,0.0,0.0,2.0,0.0,0.0,2.0,2.0,0.0,4.0,0.0,1.0,0.0,0.0,0.0,0.0,3.0,2.0,0.0,0.0,1.0,0.0,0.0,0.0,0.0,0.0,0.0,5.0,9.0,1.0,0.0,0.0,0.0,0.0,0.0,0.0,0.0,0.0,0.0,2.0,0.0,0.0,1.0,0.0,0.0,0.0,0.0,0.0,0.0,0.0,0.0,0.0,3.0,1.0,2.0,0.0,0.0,1.0,1.0,1.0,0.0,0.0,0.0,0.0,2.0,3.0,0.0,2.0,0.0,2.0,0.0,0.0,2.0,0.0,2.0,0.0,5.0,0.0,0.0,0.0,2.0,1.0,0.0,0.0,0.0,0.0,0.0,0.0,0.0,0.0,0.0,10.0,0.0,2.0,0.0,0.0,1.0,0.0,0.0,3.0,0.0,0.0,0.0,0.0,7.0,2.0,0.0,0.0,5.0,2.0,3.0,0.0,2.0,0.0,7.0,0.0,2.0,0.0,3.0,0.0,0.0,0.0,2.0,2.0,0.0,0.0,1.0,0.0,2.0,2.0,2.0,0.0,0.0,2.0,0.0,0.0,0.0,0.0,2.0,0.0,2.0,0.0,2.0,1.0,3.0,1.0,0.0,1.0,0.0,4.0,0.0,3.0,2.0,0.0,4.0,0.0,0.0,0.0,2.0,4.0,0.0,0.0,0.0,0.0,2.0,1.0,0.0,0.0,0.0,0.0,0.0,0.0,0.0,3.0,2.0,2.0,0.0,0.0,0.0,0.0,3.0,0.0,2.0,1.0,0.0,0.0,0.0,0.0,0.0,0.0,0.0,0.0,0.0,0.0,0.0,2.0,0.0,0.0,0.0,0.0,0.0,0.0,0.0,0.0,0.0,0.0,1.0,0.0,0.0,0.0,0.0,0.0,2.0,0.0,0.0,5.0,1.0,2.0,0.0,0.0,0.0,0.0,5.0,0.0,0.0,0.0,0.0,7.0,0.0,0.0,0.0
0.0,0.0,5.0,3.0,1.0,0.0,1.0,0.0,0.0,0.0,0.0,0.0,0.0,2.0,0.0,3.0,12.0,2.0,3.0,0.0,0.0,0.0,0.0,0.0,4.0,0.0,0.0,1.0,0.0,0.0,0.0,0.0,4.0,0.0,1.0,0.0,5.0,0.0,5.0,1.0,0.0,0.0,0.0,0.0,1.0,0.0,2.0,3.0,4.0,0.0,0.0,0.0,0.0,0.0,0.0,3.0,2.0,0.0,2.0,0.0,0.0,0.0,0.0,0.0,0.0,1.0,6.0,0.0,1.0,1.0,6.0,4.0,0.0,0.0,0.0,0.0,1.0,1.0,0.0,0.0,0.0,0.0,2.0,0.0,0.0,2.0,0.0,0.0,0.0,0.0,0.0,0.0,0.0,0.0,1.0,1.0,0.0,0.0,0.0,0.0,0.0,2.0,0.0,0.0,0.0,2.0,0.0,1.0,0.0,2.0,1.0,0.0,0.0,0.0,1.0,0.0,0.0,2.0,2.0,1.0,0.0,2.0,3.0,4.0,0.0,0.0,0.0,0.0,0.0,3.0,1.0,0.0,0.0,0.0,0.0,0.0,0.0,2.0,0.0,2.0,1.0,0.0,1.0,0.0,0.0,0.0,0.0,0.0,0.0,1.0,0.0,1.0,0.0,0.0,3.0,1.0,3.0,0.0,0.0,1.0,1.0,3.0,2.0,4.0,1.0,1.0,0.0,0.0,0.0,0.0,0.0,2.0,1.0,1.0,3.0,2.0,0.0,0.0,0.0,0.0,1.0,1.0,1.0,2.0,0.0,0.0,0.0,0.0,1.0,0.0,0.0,2.0,2.0,5.0,0.0,0.0,0.0,6.0,3.0,2.0,0.0,0.0,0.0,1.0,2.0,0.0,2.0,1.0,1.0,2.0,4.0,2.0,0.0,1.0,1.0,1.0,10.0,0.0,0.0,0.0,7.0,0.0,0.0,0.0,4.0,0.0,0.0,0.0,2.0,1.0,4.0,2.0,2.0,1.0,0.0,0.0,1.0,1.0,0.0,0.0,2.0,0.0,2.0,2.0,1.0,0.0,2.0,2.0,0.0,0.0,0.0,2.0,0.0,3.0,5.0,0.0,5.0,3.0,0.0,1.0,3.0,2.0,1.0,0.0,0.0,0.0,0.0,0.0,1.0,1.0,0.0,2.0,0.0,0.0,1.0,2.0,0.0,0.0,0.0,0.0,1.0,0.0,0.0,0.0,0.0,0.0,0.0,0.0,0.0,0.0,0.0,0.0,0.0,1.0,2.0,0.0,0.0,1.0,1.0,0.0,1.0,0.0,0.0,0.0,0.0,0.0,0.0,0.0,0.0,0.0,0.0,0.0,1.0,0.0,2.0,0.0,0.0,0.0,1.0,0.0,0.0,0.0,0.0,0.0,0.0,0.0,0.0,1.0,3.0,4.0,0.0,0.0,0.0
0.0,3.0,6.0,2.0,1.0,2.0,0.0,1.0,0.0,2.0,0.0,1.0,1.0,3.0,0.0,6.0,14.0,0.0,0.0,0.0,0.0,2.0,0.0,2.0,0.0,3.0,0.0,0.0,0.0,0.0,0.0,0.0,3.0,2.0,3.0,0.0,6.0,0.0,3.0,1.0,1.0,1.0,0.0,0.0,0.0,0.0,1.0,0.0,7.0,0.0,0.0,0.0,0.0,2.0,0.0,0.0,2.0,1.0,0.0,0.0,0.0,1.0,0.0,0.0,0.0,1.0,2.0,0.0,3.0,0.0,8.0,1.0,0.0,1.0,1.0,0.0,0.0,1.0,0.0,0.0,0.0,0.0,2.0,1.0,0.0,2.0,0.0,0.0,0.0,0.0,0.0,1.0,0.0,1.0,0.0,2.0,0.0,0.0,0.0,1.0,1.0,4.0,0.0,0.0,1.0,2.0,0.0,2.0,1.0,2.0,2.0,4.0,0.0,0.0,0.0,0.0,2.0,0.0,4.0,4.0,0.0,1.0,1.0,0.0,0.0,0.0,0.0,1.0,0.0,4.0,7.0,0.0,0.0,0.0,1.0,0.0,0.0,0.0,0.0,0.0,0.0,2.0,0.0,0.0,1.0,0.0,1.0,1.0,0.0,0.0,1.0,3.0,0.0,0.0,4.0,0.0,1.0,0.0,0.0,0.0,3.0,0.0,0.0,2.0,0.0,0.0,4.0,1.0,1.0,2.0,0.0,2.0,0.0,0.0,2.0,1.0,1.0,1.0,4.0,1.0,1.0,0.0,3.0,3.0,1.0,0.0,0.0,2.0,0.0,0.0,1.0,1.0,2.0,8.0,0.0,0.0,0.0,2.0,1.0,1.0,0.0,2.0,0.0,0.0,0.0,0.0,4.0,3.0,0.0,0.0,4.0,2.0,1.0,1.0,1.0,0.0,6.0,0.0,4.0,0.0,5.0,0.0,0.0,0.0,3.0,2.0,0.0,0.0,2.0,0.0,3.0,2.0,2.0,0.0,1.0,3.0,0.0,0.0,0.0,0.0,1.0,2.0,1.0,0.0,1.0,0.0,4.0,2.0,0.0,0.0,0.0,3.0,0.0,3.0,2.0,0.0,3.0,0.0,0.0,1.0,1.0,4.0,0.0,1.0,2.0,0.0,3.0,0.0,1.0,0.0,0.0,0.0,1.0,0.0,0.0,4.0,1.0,1.0,0.0,0.0,0.0,0.0,2.0,1.0,1.0,0.0,0.0,0.0,0.0,0.0,0.0,0.0,1.0,0.0,1.0,0.0,0.0,1.0,0.0,0.0,0.0,0.0,0.0,0.0,0.0,0.0,0.0,0.0,2.0,0.0,0.0,0.0,0.0,0.0,1.0,0.0,0.0,4.0,0.0,3.0,0.0,1.0,2.0,0.0,2.0,0.0,0.0,0.0,0.0,5.0,0.0,0.0,0.0
0.0,3.0,4.0,1.0,0.0,0.0,1.0,0.0,0.0,0.0,0.0,4.0,2.0,2.0,0.0,3.0,8.0,3.0,0.0,0.0,0.0,0.0,0.0,0.0,0.0,0.0,4.0,2.0,1.0,0.0,0.0,0.0,4.0,0.0,1.0,0.0,7.0,0.0,4.0,1.0,2.0,0.0,0.0,0.0,1.0,0.0,1.0,0.0,1.0,0.0,0.0,0.0,2.0,3.0,0.0,2.0,2.0,1.0,0.0,0.0,1.0,0.0,0.0,0.0,1.0,2.0,5.0,0.0,1.0,0.0,3.0,2.0,2.0,0.0,0.0,0.0,0.0,2.0,0.0,0.0,0.0,0.0,0.0,0.0,0.0,1.0,1.0,0.0,0.0,0.0,0.0,0.0,2.0,0.0,1.0,1.0,1.0,0.0,0.0,0.0,0.0,6.0,0.0,0.0,0.0,3.0,0.0,2.0,1.0,4.0,0.0,4.0,0.0,3.0,0.0,0.0,0.0,1.0,6.0,2.0,1.0,4.0,1.0,1.0,0.0,0.0,0.0,0.0,0.0,2.0,1.0,0.0,0.0,0.0,1.0,0.0,1.0,2.0,0.0,4.0,0.0,0.0,0.0,1.0,2.0,0.0,0.0,0.0,0.0,0.0,1.0,1.0,3.0,3.0,2.0,0.0,1.0,0.0,0.0,0.0,4.0,1.0,0.0,0.0,0.0,0.0,0.0,0.0,0.0,0.0,1.0,4.0,0.0,0.0,2.0,6.0,1.0,0.0,1.0,0.0,3.0,1.0,4.0,1.0,1.0,1.0,0.0,0.0,0.0,1.0,1.0,1.0,2.0,2.0,0.0,0.0,0.0,4.0,1.0,2.0,2.0,0.0,2.0,0.0,2.0,0.0,1.0,0.0,1.0,0.0,5.0,1.0,0.0,0.0,0.0,0.0,3.0,0.0,2.0,0.0,6.0,1.0,0.0,0.0,3.0,0.0,1.0,0.0,1.0,3.0,3.0,0.0,2.0,1.0,1.0,1.0,1.0,0.0,0.0,0.0,0.0,0.0,0.0,0.0,0.0,0.0,5.0,2.0,1.0,0.0,1.0,0.0,0.0,4.0,4.0,0.0,4.0,4.0,0.0,4.0,4.0,2.0,0.0,2.0,1.0,0.0,3.0,0.0,1.0,0.0,0.0,1.0,0.0,1.0,3.0,5.0,0.0,0.0,0.0,0.0,0.0,1.0,3.0,0.0,0.0,0.0,0.0,0.0,0.0,0.0,0.0,2.0,0.0,0.0,1.0,0.0,0.0,0.0,1.0,0.0,0.0,0.0,1.0,0.0,0.0,0.0,0.0,0.0,2.0,0.0,0.0,0.0,0.0,0.0,0.0,0.0,1.0,1.0,0.0,0.0,0.0,0.0,0.0,0.0,0.0,1.0,0.0,0.0,0.0,2.0,0.0,0.0,0.0
0.0,8.0,8.0,13.0,0.0,0.0,2.0,0.0,0.0,0.0,0.0,8.0,1.0,5.0,1.0,10.0,13.0,1.0,0.0,0.0,0.0,0.0,2.0,0.0,1.0,0.0,2.0,10.0,2.0,2.0,0.0,0.0,13.0,0.0,4.0,0.0,13.0,0.0,11.0,0.0,2.0,0.0,0.0,0.0,4.0,0.0,1.0,1.0,14.0,0.0,0.0,0.0,2.0,0.0,0.0,6.0,2.0,1.0,0.0,0.0,0.0,0.0,0.0,2.0,0.0,2.0,5.0,1.0,2.0,0.0,11.0,22.0,2.0,0.0,0.0,0.0,0.0,1.0,1.0,0.0,0.0,0.0,1.0,0.0,0.0,2.0,2.0,2.0,2.0,0.0,0.0,0.0,1.0,0.0,1.0,2.0,2.0,0.0,0.0,0.0,0.0,3.0,0.0,1.0,0.0,1.0,1.0,4.0,2.0,6.0,0.0,4.0,0.0,1.0,0.0,0.0,2.0,3.0,0.0,4.0,0.0,5.0,1.0,2.0,0.0,2.0,0.0,0.0,0.0,5.0,3.0,0.0,0.0,2.0,1.0,2.0,1.0,8.0,0.0,8.0,3.0,0.0,0.0,2.0,3.0,2.0,1.0,0.0,0.0,0.0,1.0,5.0,3.0,7.0,4.0,1.0,1.0,2.0,0.0,1.0,2.0,1.0,1.0,2.0,0.0,2.0,1.0,0.0,0.0,0.0,2.0,9.0,0.0,0.0,6.0,6.0,2.0,0.0,1.0,0.0,4.0,4.0,8.0,2.0,1.0,3.0,0.0,1.0,0.0,1.0,3.0,3.0,7.0,12.0,0.0,2.0,1.0,7.0,6.0,3.0,0.0,0.0,1.0,0.0,1.0,0.0,0.0,10.0,2.0,3.0,7.0,2.0,0.0,0.0,2.0,1.0,6.0,0.0,1.0,1.0,6.0,0.0,2.0,0.0,0.0,2.0,1.0,0.0,4.0,2.0,5.0,5.0,3.0,1.0,2.0,3.0,4.0,0.0,0.0,1.0,0.0,2.0,9.0,8.0,4.0,0.0,3.0,4.0,1.0,0.0,2.0,3.0,0.0,5.0,4.0,0.0,7.0,5.0,0.0,4.0,5.0,2.0,0.0,2.0,2.0,0.0,3.0,0.0,3.0,0.0,1.0,5.0,0.0,1.0,1.0,1.0,0.0,0.0,0.0,0.0,4.0,0.0,5.0,0.0,0.0,0.0,0.0,0.0,0.0,0.0,0.0,1.0,0.0,0.0,1.0,0.0,0.0,1.0,0.0,0.0,0.0,0.0,0.0,0.0,0.0,1.0,0.0,0.0,0.0,2.0,0.0,2.0,0.0,0.0,0.0,0.0,0.0,1.0,1.0,0.0,0.0,0.0,2.0,0.0,0.0,1.0,0.0,0.0,1.0,9.0,0.0,0.0,0.0
0.0,9.0,18.0,25.0,4.0,0.0,4.0,0.0,0.0,0.0,0.0,4.0,4.0,7.0,0.0,5.0,50.0,2.0,6.0,0.0,0.0,1.0,2.0,0.0,0.0,0.0,1.0,2.0,12.0,3.0,3.0,0.0,25.0,2.0,3.0,0.0,25.0,1.0,16.0,3.0,2.0,5.0,1.0,2.0,7.0,0.0,9.0,5.0,27.0,1.0,4.0,2.0,1.0,10.0,0.0,5.0,5.0,2.0,0.0,2.0,1.0,1.0,3.0,1.0,4.0,3.0,26.0,3.0,1.0,0.0,15.0,25.0,0.0,0.0,0.0,2.0,0.0,1.0,1.0,2.0,0.0,1.0,3.0,1.0,0.0,6.0,1.0,1.0,0.0,1.0,3.0,0.0,3.0,0.0,1.0,4.0,2.0,0.0,0.0,1.0,1.0,11.0,2.0,1.0,0.0,1.0,1.0,6.0,16.0,5.0,0.0,5.0,1.0,3.0,0.0,0.0,2.0,9.0,13.0,3.0,1.0,8.0,3.0,1.0,1.0,4.0,0.0,5.0,1.0,9.0,0.0,0.0,3.0,0.0,0.0,1.0,0.0,6.0,0.0,9.0,3.0,0.0,1.0,1.0,2.0,0.0,1.0,2.0,0.0,1.0,0.0,16.0,1.0,9.0,7.0,5.0,11.0,0.0,0.0,1.0,16.0,3.0,0.0,9.0,0.0,1.0,2.0,0.0,0.0,1.0,1.0,12.0,2.0,0.0,10.0,14.0,0.0,5.0,0.0,0.0,6.0,3.0,13.0,5.0,6.0,5.0,1.0,6.0,2.0,0.0,0.0,2.0,14.0,13.0,1.0,8.0,2.0,21.0,4.0,5.0,3.0,2.0,1.0,1.0,11.0,3.0,5.0,11.0,0.0,5.0,8.0,8.0,0.0,1.0,0.0,2.0,19.0,4.0,10.0,1.0,10.0,1.0,2.0,2.0,11.0,0.0,0.0,1.0,9.0,4.0,22.0,9.0,11.0,5.0,2.0,1.0,4.0,0.0,0.0,2.0,0.0,2.0,7.0,13.0,6.0,5.0,6.0,3.0,0.0,0.0,2.0,0.0,1.0,7.0,8.0,1.0,4.0,18.0,0.0,12.0,11.0,2.0,0.0,1.0,2.0,3.0,3.0,1.0,3.0,1.0,1.0,4.0,0.0,0.0,3.0,6.0,2.0,0.0,0.0,1.0,4.0,1.0,4.0,2.0,0.0,0.0,0.0,0.0,2.0,0.0,0.0,1.0,1.0,0.0,1.0,0.0,0.0,8.0,2.0,0.0,1.0,0.0,6.0,1.0,0.0,1.0,2.0,0.0,1.0,0.0,2.0,7.0,0.0,0.0,0.0,1.0,0.0,0.0,2.0,0.0,1.0,3.0,2.0,0.0,0.0,0.0,0.0,0.0,0.0,9.0,2.0,2.0,0.0
0.0,8.0,7.0,14.0,0.0,0.0,9.0,0.0,0.0,0.0,0.0,7.0,0.0,4.0,2.0,5.0,34.0,0.0,1.0,0.0,4.0,0.0,1.0,0.0,0.0,0.0,0.0,2.0,3.0,11.0,2.0,0.0,8.0,0.0,3.0,1.0,15.0,2.0,12.0,0.0,1.0,6.0,1.0,0.0,1.0,0.0,6.0,1.0,17.0,0.0,0.0,0.0,2.0,4.0,0.0,5.0,0.0,0.0,0.0,0.0,0.0,0.0,0.0,2.0,0.0,2.0,10.0,1.0,1.0,0.0,14.0,23.0,0.0,0.0,0.0,1.0,0.0,2.0,0.0,1.0,0.0,0.0,3.0,0.0,0.0,3.0,0.0,1.0,1.0,1.0,2.0,0.0,0.0,0.0,3.0,9.0,0.0,0.0,0.0,0.0,0.0,12.0,0.0,0.0,0.0,3.0,0.0,4.0,4.0,4.0,0.0,2.0,0.0,0.0,0.0,0.0,1.0,6.0,12.0,7.0,2.0,6.0,0.0,3.0,0.0,3.0,0.0,1.0,2.0,4.0,3.0,0.0,0.0,1.0,0.0,2.0,0.0,11.0,0.0,2.0,1.0,0.0,0.0,1.0,0.0,1.0,1.0,0.0,1.0,1.0,0.0,7.0,2.0,10.0,4.0,2.0,3.0,1.0,0.0,0.0,16.0,2.0,1.0,4.0,0.0,4.0,2.0,2.0,0.0,0.0,1.0,4.0,3.0,0.0,3.0,6.0,1.0,0.0,2.0,1.0,3.0,3.0,7.0,4.0,0.0,4.0,0.0,0.0,1.0,0.0,1.0,4.0,9.0,12.0,2.0,5.0,1.0,13.0,3.0,1.0,0.0,3.0,0.0,0.0,10.0,1.0,6.0,10.0,0.0,1.0,6.0,2.0,0.0,1.0,1.0,1.0,15.0,0.0,3.0,1.0,13.0,1.0,2.0,0.0,12.0,1.0,0.0,1.0,6.0,3.0,16.0,5.0,12.0,4.0,1.0,1.0,5.0,0.0,0.0,1.0,0.0,4.0,8.0,11.0,3.0,0.0,11.0,1.0,0.0,0.0,1.0,1.0,0.0,2.0,8.0,0.0,3.0,4.0,0.0,5.0,4.0,2.0,0.0,1.0,0.0,5.0,2.0,0.0,1.0,0.0,1.0,2.0,2.0,0.0,0.0,6.0,0.0,0.0,0.0,1.0,4.0,1.0,12.0,1.0,0.0,0.0,0.0,0.0,0.0,1.0,0.0,0.0,0.0,0.0,0.0,0.0,0.0,3.0,3.0,0.0,0.0,0.0,0.0,2.0,0.0,0.0,3.0,2.0,0.0,1.0,0.0,3.0,0.0,0.0,0.0,2.0,0.0,2.0,1.0,0.0,1.0,0.0,4.0,1.0,0.0,0.0,1.0,0.0,0.0,6.0,0.0,0.0,0.0
0.0,1.0,4.0,6.0,1.0,0.0,2.0,0.0,0.0,0.0,0.0,0.0,1.0,2.0,0.0,2.0,16.0,0.0,2.0,0.0,0.0,0.0,1.0,0.0,0.0,0.0,0.0,0.0,3.0,2.0,2.0,0.0,9.0,1.0,1.0,0.0,5.0,1.0,3.0,0.0,0.0,2.0,0.0,1.0,1.0,0.0,4.0,2.0,4.0,0.0,2.0,1.0,0.0,4.0,0.0,2.0,1.0,1.0,0.0,1.0,0.0,0.0,1.0,0.0,0.0,0.0,9.0,1.0,0.0,0.0,4.0,8.0,0.0,0.0,0.0,1.0,0.0,1.0,0.0,1.0,0.0,0.0,1.0,0.0,0.0,2.0,0.0,0.0,0.0,0.0,1.0,0.0,1.0,0.0,0.0,2.0,0.0,0.0,0.0,0.0,0.0,3.0,1.0,0.0,0.0,0.0,0.0,1.0,4.0,1.0,0.0,1.0,0.0,0.0,0.0,0.0,0.0,4.0,4.0,1.0,0.0,2.0,1.0,0.0,0.0,1.0,0.0,0.0,1.0,1.0,0.0,0.0,1.0,0.0,0.0,0.0,0.0,1.0,0.0,2.0,0.0,0.0,0.0,0.0,0.0,0.0,0.0,1.0,0.0,0.0,0.0,5.0,0.0,2.0,3.0,1.0,3.0,0.0,0.0,0.0,6.0,1.0,0.0,5.0,0.0,0.0,0.0,0.0,0.0,0.0,0.0,3.0,0.0,0.0,2.0,4.0,0.0,2.0,0.0,0.0,0.0,2.0,3.0,2.0,1.0,1.0,0.0,2.0,0.0,0.0,0.0,0.0,3.0,3.0,1.0,2.0,0.0,4.0,1.0,1.0,0.0,1.0,0.0,0.0,4.0,1.0,2.0,2.0,0.0,2.0,1.0,2.0,0.0,0.0,0.0,0.0,5.0,2.0,3.0,0.0,5.0,0.0,0.0,1.0,3.0,0.0,0.0,0.0,3.0,2.0,7.0,2.0,4.0,2.0,0.0,0.0,1.0,0.0,0.0,0.0,0.0,0.0,2.0,4.0,2.0,2.0,1.0,1.0,0.0,0.0,0.0,0.0,0.0,2.0,2.0,0.0,1.0,6.0,0.0,1.0,3.0,1.0,0.0,0.0,0.0,2.0,1.0,0.0,0.0,0.0,0.0,1.0,0.0,0.0,0.0,1.0,0.0,0.0,0.0,0.0,0.0,0.0,2.0,1.0,0.0,0.0,0.0,0.0,1.0,0.0,0.0,0.0,0.0,0.0,0.0,0.0,0.0,2.0,1.0,0.0,0.0,0.0,2.0,1.0,0.0,0.0,1.0,0.0,0.0,0.0,1.0,1.0,0.0,0.0,0.0,1.0,0.0,0.0,0.0,0.0,0.0,1.0,0.0,0.0,0.0,0.0,0.0,0.0,0.0,1.0,1.0,1.0,0.0
0.0,0.0,2.0,2.0,1.0,0.0,0.0,0.0,0.0,1.0,0.0,1.0,2.0,2.0,0.0,1.0,5.0,0.0,0.0,1.0,0.0,0.0,0.0,1.0,0.0,0.0,0.0,0.0,0.0,0.0,0.0,2.0,1.0,0.0,1.0,2.0,2.0,0.0,1.0,0.0,1.0,0.0,0.0,0.0,0.0,1.0,0.0,3.0,4.0,0.0,0.0,0.0,0.0,0.0,1.0,2.0,1.0,1.0,0.0,2.0,0.0,0.0,0.0,0.0,0.0,3.0,1.0,0.0,0.0,1.0,2.0,3.0,0.0,0.0,0.0,1.0,0.0,3.0,0.0,0.0,1.0,0.0,1.0,0.0,1.0,0.0,0.0,0.0,0.0,0.0,1.0,0.0,2.0,0.0,0.0,1.0,2.0,0.0,0.0,1.0,0.0,3.0,0.0,0.0,0.0,2.0,0.0,0.0,2.0,0.0,0.0,3.0,0.0,1.0,0.0,0.0,0.0,0.0,1.0,0.0,0.0,1.0,2.0,0.0,0.0,0.0,1.0,0.0,0.0,1.0,1.0,1.0,0.0,0.0,0.0,0.0,0.0,1.0,0.0,1.0,0.0,0.0,0.0,0.0,3.0,0.0,0.0,0.0,0.0,0.0,0.0,0.0,1.0,1.0,1.0,1.0,2.0,0.0,1.0,1.0,1.0,1.0,1.0,0.0,0.0,0.0,0.0,1.0,0.0,0.0,0.0,2.0,0.0,0.0,0.0,3.0,0.0,0.0,1.0,0.0,1.0,0.0,2.0,1.0,0.0,0.0,0.0,0.0,0.0,0.0,0.0,0.0,0.0,4.0,0.0,4.0,0.0,1.0,3.0,0.0,0.0,1.0,1.0,0.0,0.0,0.0,1.0,3.0,0.0,0.0,1.0,0.0,2.0,2.0,0.0,1.0,3.0,0.0,0.0,0.0,3.0,1.0,0.0,0.0,0.0,0.0,0.0,0.0,1.0,0.0,1.0,2.0,2.0,0.0,0.0,0.0,0.0,0.0,0.0,0.0,0.0,0.0,0.0,0.0,1.0,1.0,2.0,2.0,0.0,1.0,0.0,0.0,1.0,4.0,1.0,0.0,4.0,2.0,0.0,0.0,4.0,0.0,0.0,0.0,0.0,0.0,0.0,1.0,4.0,1.0,1.0,0.0,1.0,0.0,1.0,2.0,0.0,0.0,0.0,0.0,0.0,0.0,1.0,0.0,0.0,1.0,0.0,1.0,1.0,0.0,0.0,0.0,0.0,0.0,0.0,0.0,0.0,2.0,0.0,0.0,0.0,0.0,0.0,0.0,0.0,0.0,0.0,0.0,1.0,0.0,0.0,0.0,0.0,0.0,0.0,0.0,0.0,1.0,1.0,0.0,0.0,0.0,0.0,0.0,1.0,0.0,0.0,0.0,1.0,1.0,0.0,0.0,0.0
1.0,19.0,79.0,100.0,18.0,1.0,8.0,4.0,1.0,3.0,1.0,21.0,18.0,35.0,1.0,44.0,205.0,12.0,23.0,0.0,0.0,8.0,13.0,1.0,4.0,3.0,4.0,13.0,25.0,8.0,9.0,1.0,129.0,9.0,20.0,5.0,80.0,1.0,69.0,9.0,10.0,5.0,1.0,8.0,22.0,2.0,39.0,23.0,112.0,1.0,16.0,10.0,5.0,32.0,1.0,15.0,26.0,9.0,0.0,8.0,0.0,5.0,12.0,4.0,9.0,18.0,92.0,12.0,10.0,2.0,94.0,90.0,5.0,0.0,3.0,14.0,0.0,12.0,1.0,10.0,0.0,2.0,8.0,5.0,0.0,35.0,2.0,6.0,3.0,1.0,11.0,3.0,16.0,2.0,6.0,9.0,6.0,1.0,1.0,6.0,6.0,49.0,8.0,3.0,2.0,10.0,1.0,24.0,50.0,21.0,6.0,28.0,4.0,15.0,0.0,1.0,14.0,40.0,44.0,19.0,3.0,31.0,18.0,10.0,3.0,14.0,0.0,14.0,1.0,31.0,16.0,3.0,8.0,5.0,3.0,5.0,1.0,30.0,1.0,40.0,14.0,1.0,6.0,4.0,12.0,3.0,5.0,12.0,3.0,3.0,2.0,66.0,8.0,23.0,36.0,22.0,47.0,3.0,0.0,8.0,58.0,13.0,5.0,41.0,3.0,9.0,11.0,2.0,1.0,4.0,3.0,55.0,6.0,0.0,40.0,49.0,5.0,20.0,6.0,4.0,18.0,15.0,67.0,31.0,20.0,10.0,3.0,25.0,6.0,1.0,7.0,15.0,54.0,81.0,1.0,33.0,2.0,64.0,36.0,15.0,3.0,6.0,6.0,3.0,32.0,10.0,28.0,59.0,6.0,31.0,44.0,28.0,3.0,6.0,6.0,4.0,73.0,16.0,40.0,6.0,52.0,5.0,8.0,8.0,29.0,5.0,1.0,1.0,41.0,21.0,68.0,36.0,37.0,15.0,9.0,10.0,19.0,1.0,1.0,4.0,3.0,12.0,24.0,45.0,31.0,19.0,28.0,27.0,2.0,1.0,8.0,12.0,3.0,33.0,25.0,2.0,26.0,66.0,0.0,39.0,48.0,15.0,0.0,6.0,6.0,3.0,17.0,6.0,7.0,5.0,4.0,21.0,1.0,1.0,1.0,25.0,7.0,0.0,0.0,1.0,17.0,7.0,21.0,13.0,0.0,1.0,2.0,0.0,8.0,2.0,1.0,6.0,5.0,0.0,6.0,1.0,1.0,33.0,6.0,2.0,0.0,1.0,18.0,1.0,1.0,3.0,2.0,0.0,13.0,5.0,8.0,13.0,3.0,2.0,3.0,1.0,2.0,6.0,9.0,5.0,1.0,11.0,11.0,2.0,2.0,1.0,2.0,2.0,2.0,42.0,8.0,8.0,1.0
1.0,2.0,8.0,4.0,1.0,2.0,0.0,0.0,0.0,2.0,0.0,1.0,2.0,1.0,0.0,6.0,22.0,1.0,3.0,0.0,0.0,0.0,1.0,2.0,0.0,2.0,0.0,0.0,2.0,0.0,1.0,0.0,9.0,5.0,2.0,1.0,8.0,0.0,5.0,1.0,0.0,2.0,0.0,1.0,2.0,1.0,2.0,2.0,3.0,0.0,2.0,1.0,1.0,3.0,0.0,1.0,1.0,2.0,0.0,1.0,0.0,0.0,1.0,0.0,0.0,3.0,10.0,1.0,2.0,0.0,5.0,3.0,0.0,1.0,0.0,1.0,0.0,1.0,0.0,1.0,0.0,0.0,2.0,0.0,0.0,3.0,0.0,0.0,0.0,0.0,1.0,0.0,2.0,0.0,0.0,2.0,0.0,0.0,0.0,0.0,0.0,6.0,1.0,0.0,0.0,4.0,0.0,1.0,6.0,1.0,0.0,4.0,0.0,1.0,0.0,0.0,1.0,4.0,5.0,2.0,0.0,2.0,2.0,0.0,0.0,1.0,0.0,0.0,0.0,5.0,6.0,0.0,1.0,0.0,0.0,0.0,0.0,0.0,0.0,2.0,1.0,2.0,0.0,0.0,1.0,0.0,0.0,1.0,0.0,0.0,1.0,5.0,0.0,2.0,5.0,2.0,4.0,0.0,0.0,0.0,4.0,2.0,0.0,4.0,0.0,0.0,2.0,1.0,1.0,2.0,0.0,3.0,0.0,0.0,5.0,6.0,1.0,2.0,3.0,0.0,0.0,1.0,3.0,2.0,1.0,0.0,0.0,3.0,1.0,0.0,0.0,0.0,2.0,10.0,0.0,2.0,0.0,5.0,1.0,2.0,0.0,2.0,0.0,0.0,3.0,1.0,5.0,2.0,0.0,2.0,4.0,4.0,1.0,0.0,1.0,0.0,9.0,2.0,6.0,0.0,5.0,0.0,0.0,1.0,3.0,1.0,0.0,0.0,3.0,1.0,8.0,3.0,5.0,2.0,0.0,3.0,0.0,0.0,0.0,0.0,1.0,0.0,1.0,1.0,4.0,2.0,2.0,3.0,0.0,0.0,0.0,2.0,0.0,5.0,3.0,0.0,4.0,5.0,0.0,1.0,5.0,5.0,0.0,0.0,1.0,0.0,4.0,0.0,1.0,0.0,0.0,1.0,1.0,0.0,0.0,2.0,1.0,1.0,0.0,0.0,0.0,0.0,2.0,1.0,1.0,0.0,0.0,0.0,1.0,0.0,0.0,0.0,0.0,0.0,0.0,0.0,0.0,3.0,0.0,0.0,0.0,0.0,2.0,0.0,0.0,0.0,0.0,0.0,0.0,0.0,1.0,1.0,0.0,0.0,1.0,0.0,0.0,3.0,0.0,1.0,0.0,2.0,0.0,0.0,2.0,0.0,0.0,0.0,0.0,6.0,1.0,1.0,0.0
0.0,7.0,19.0,27.0,3.0,2.0,4.0,2.0,0.0,2.0,0.0,11.0,4.0,15.0,0.0,13.0,62.0,10.0,1.0,1.0,0.0,5.0,3.0,2.0,1.0,3.0,1.0,4.0,3.0,3.0,1.0,1.0,20.0,2.0,26.0,2.0,22.0,1.0,24.0,2.0,6.0,3.0,0.0,0.0,8.0,0.0,14.0,4.0,35.0,3.0,0.0,1.0,0.0,15.0,0.0,12.0,9.0,2.0,0.0,2.0,1.0,1.0,3.0,1.0,8.0,13.0,21.0,1.0,10.0,1.0,42.0,29.0,3.0,1.0,3.0,4.0,0.0,7.0,0.0,0.0,1.0,1.0,6.0,1.0,1.0,9.0,1.0,1.0,1.0,0.0,1.0,3.0,1.0,1.0,0.0,4.0,5.0,0.0,1.0,1.0,3.0,18.0,0.0,1.0,1.0,10.0,1.0,8.0,7.0,10.0,5.0,7.0,0.0,0.0,0.0,0.0,5.0,4.0,13.0,6.0,1.0,6.0,8.0,2.0,0.0,2.0,1.0,1.0,1.0,13.0,14.0,0.0,0.0,1.0,1.0,1.0,0.0,15.0,0.0,13.0,7.0,2.0,4.0,1.0,4.0,1.0,1.0,3.0,2.0,0.0,1.0,11.0,3.0,13.0,7.0,2.0,11.0,1.0,1.0,3.0,14.0,11.0,2.0,8.0,2.0,1.0,9.0,1.0,1.0,4.0,2.0,12.0,1.0,2.0,7.0,19.0,3.0,1.0,4.0,1.0,9.0,3.0,16.0,13.0,5.0,5.0,0.0,4.0,0.0,0.0,2.0,5.0,11.0,24.0,2.0,8.0,0.0,18.0,13.0,1.0,2.0,7.0,1.0,0.0,7.0,2.0,7.0,27.0,2.0,9.0,11.0,8.0,5.0,3.0,5.0,1.0,21.0,0.0,12.0,4.0,23.0,2.0,3.0,0.0,17.0,3.0,0.0,0.0,11.0,3.0,22.0,11.0,12.0,3.0,3.0,4.0,5.0,2.0,0.0,3.0,1.0,3.0,8.0,16.0,8.0,0.0,15.0,6.0,2.0,0.0,8.0,9.0,1.0,10.0,12.0,0.0,11.0,14.0,1.0,7.0,18.0,4.0,0.0,2.0,6.0,2.0,3.0,2.0,6.0,1.0,1.0,2.0,2.0,0.0,3.0,16.0,1.0,1.0,0.0,0.0,6.0,6.0,6.0,3.0,1.0,0.0,4.0,1.0,1.0,0.0,0.0,0.0,1.0,0.0,2.0,2.0,2.0,10.0,1.0,0.0,0.0,0.0,1.0,1.0,0.0,2.0,1.0,0.0,2.0,3.0,0.0,1.0,2.0,2.0,1.0,1.0,0.0,4.0,3.0,3.0,0.0,1.0,3.0,0.0,2.0,0.0,0.0,0.0,2.0,21.0,0.0,0.0,1.0
1.0,0.0,6.0,8.0,4.0,0.0,2.0,0.0,0.0,2.0,0.0,1.0,1.0,2.0,0.0,2.0,13.0,4.0,2.0,0.0,0.0,0.0,0.0,2.0,0.0,0.0,0.0,0.0,0.0,1.0,0.0,2.0,5.0,1.0,2.0,8.0,5.0,0.0,4.0,0.0,4.0,0.0,0.0,0.0,2.0,3.0,4.0,3.0,16.0,0.0,0.0,0.0,0.0,4.0,2.0,4.0,3.0,0.0,0.0,1.0,0.0,0.0,1.0,0.0,1.0,6.0,3.0,1.0,0.0,0.0,9.0,3.0,1.0,0.0,0.0,3.0,0.0,2.0,0.0,1.0,0.0,0.0,2.0,0.0,0.0,2.0,0.0,1.0,0.0,0.0,0.0,1.0,4.0,0.0,2.0,4.0,0.0,0.0,0.0,2.0,1.0,11.0,0.0,0.0,0.0,3.0,0.0,1.0,8.0,0.0,0.0,6.0,0.0,4.0,0.0,0.0,1.0,1.0,6.0,2.0,0.0,2.0,3.0,1.0,0.0,2.0,0.0,0.0,0.0,2.0,3.0,2.0,0.0,0.0,0.0,0.0,0.0,3.0,0.0,2.0,0.0,0.0,3.0,1.0,4.0,0.0,0.0,1.0,3.0,0.0,0.0,3.0,1.0,3.0,2.0,7.0,2.0,0.0,0.0,2.0,5.0,2.0,1.0,0.0,1.0,2.0,0.0,2.0,0.0,1.0,0.0,6.0,0.0,0.0,1.0,3.0,0.0,0.0,2.0,1.0,0.0,0.0,8.0,4.0,2.0,1.0,0.0,2.0,3.0,0.0,0.0,4.0,2.0,12.0,0.0,6.0,0.0,7.0,6.0,2.0,0.0,4.0,1.0,1.0,2.0,1.0,4.0,6.0,0.0,1.0,3.0,1.0,2.0,0.0,0.0,0.0,5.0,0.0,2.0,1.0,7.0,0.0,1.0,0.0,4.0,0.0,0.0,1.0,3.0,1.0,4.0,2.0,3.0,1.0,1.0,0.0,1.0,2.0,0.0,0.0,1.0,1.0,0.0,2.0,2.0,2.0,4.0,4.0,0.0,2.0,3.0,2.0,1.0,4.0,3.0,0.0,5.0,4.0,0.0,0.0,10.0,0.0,2.0,1.0,0.0,0.0,0.0,2.0,0.0,0.0,0.0,2.0,0.0,0.0,0.0,4.0,0.0,0.0,1.0,0.0,1.0,2.0,7.0,2.0,0.0,2.0,0.0,0.0,0.0,1.0,0.0,1.0,1.0,0.0,2.0,0.0,1.0,2.0,0.0,0.0,0.0,0.0,0.0,0.0,0.0,0.0,0.0,0.0,2.0,0.0,0.0,0.0,1.0,0.0,1.0,0.0,0.0,2.0,2.0,0.0,0.0,0.0,1.0,1.0,2.0,0.0,1.0,0.0,0.0,2.0,0.0,0.0,0.0
3.0,34.0,87.0,88.0,16.0,3.0,16.0,3.0,1.0,7.0,0.0,29.0,14.0,35.0,1.0,48.0,222.0,14.0,20.0,0.0,2.0,12.0,5.0,6.0,5.0,6.0,7.0,13.0,25.0,15.0,5.0,2.0,80.0,8.0,22.0,5.0,131.0,2.0,92.0,17.0,22.0,20.0,6.0,3.0,22.0,3.0,31.0,17.0,134.0,4.0,6.0,4.0,10.0,28.0,2.0,22.0,21.0,7.0,4.0,3.0,3.0,6.0,5.0,8.0,14.0,28.0,82.0,6.0,18.0,1.0,96.0,89.0,5.0,2.0,4.0,10.0,2.0,8.0,1.0,4.0,0.0,3.0,20.0,6.0,0.0,26.0,4.0,5.0,2.0,6.0,6.0,3.0,11.0,3.0,12.0,18.0,8.0,1.0,0.0,8.0,6.0,59.0,3.0,1.0,3.0,21.0,2.0,42.0,56.0,32.0,8.0,31.0,4.0,13.0,2.0,1.0,12.0,25.0,57.0,32.0,5.0,40.0,17.0,16.0,3.0,17.0,0.0,19.0,2.0,48.0,27.0,4.0,4.0,3.0,5.0,9.0,2.0,37.0,0.0,34.0,15.0,3.0,3.0,5.0,13.0,2.0,10.0,7.0,1.0,7.0,3.0,55.0,8.0,43.0,35.0,13.0,41.0,2.0,0.0,6.0,69.0,23.0,5.0,26.0,1.0,11.0,16.0,7.0,1.0,4.0,5.0,49.0,9.0,4.0,36.0,51.0,6.0,10.0,15.0,4.0,39.0,11.0,74.0,35.0,14.0,18.0,2.0,16.0,5.0,2.0,8.0,19.0,60.0,91.0,4.0,39.0,7.0,83.0,26.0,20.0,9.0,13.0,5.0,5.0,37.0,9.0,34.0,51.0,9.0,17.0,59.0,40.0,4.0,13.0,8.0,8.0,85.0,6.0,37.0,7.0,69.0,7.0,11.0,3.0,54.0,7.0,2.0,6.0,42.0,14.0,84.0,35.0,43.0,20.0,13.0,12.0,17.0,2.0,1.0,14.0,4.0,23.0,26.0,45.0,23.0,9.0,46.0,20.0,3.0,2.0,11.0,14.0,3.0,41.0,39.0,1.0,44.0,45.0,2.0,65.0,51.0,19.0,2.0,11.0,12.0,10.0,21.0,7.0,18.0,4.0,8.0,11.0,2.0,2.0,11.0,41.0,9.0,2.0,0.0,6.0,22.0,8.0,27.0,7.0,2.0,2.0,2.0,0.0,3.0,1.0,2.0,5.0,6.0,2.0,14.0,1.0,0.0,24.0,9.0,2.0,1.0,1.0,10.0,2.0,0.0,3.0,8.0,1.0,12.0,2.0,3.0,24.0,1.0,6.0,4.0,2.0,0.0,15.0,12.0,9.0,6.0,5.0,21.0,1.0,8.0,2.0,1.0,1.0,4.0,58.0,3.0,3.0,0.0
0.0,1.0,0.0,2.0,0.0,0.0,2.0,0.0,0.0,0.0,0.0,0.0,0.0,1.0,0.0,0.0,7.0,0.0,0.0,0.0,0.0,0.0,0.0,0.0,0.0,0.0,0.0,0.0,1.0,2.0,1.0,0.0,1.0,0.0,1.0,0.0,2.0,1.0,1.0,0.0,0.0,2.0,0.0,0.0,0.0,0.0,2.0,0.0,2.0,0.0,0.0,0.0,0.0,2.0,0.0,2.0,0.0,0.0,0.0,0.0,0.0,0.0,0.0,0.0,0.0,0.0,3.0,0.0,0.0,0.0,2.0,5.0,0.0,0.0,0.0,0.0,0.0,1.0,0.0,0.0,0.0,0.0,1.0,0.0,0.0,0.0,0.0,0.0,0.0,0.0,0.0,0.0,0.0,0.0,0.0,2.0,0.0,0.0,0.0,0.0,0.0,1.0,0.0,0.0,0.0,0.0,0.0,0.0,0.0,1.0,0.0,0.0,0.0,0.0,0.0,0.0,0.0,1.0,3.0,1.0,0.0,1.0,0.0,0.0,0.0,0.0,0.0,0.0,1.0,0.0,0.0,0.0,0.0,0.0,0.0,0.0,0.0,1.0,0.0,0.0,0.0,0.0,0.0,0.0,0.0,0.0,0.0,0.0,0.0,0.0,0.0,1.0,0.0,2.0,1.0,0.0,0.0,0.0,0.0,0.0,4.0,1.0,0.0,2.0,0.0,0.0,0.0,0.0,0.0,0.0,0.0,0.0,0.0,0.0,0.0,2.0,0.0,0.0,0.0,0.0,0.0,1.0,1.0,1.0,0.0,1.0,0.0,0.0,0.0,0.0,0.0,0.0,1.0,0.0,1.0,0.0,0.0,1.0,0.0,0.0,0.0,1.0,0.0,0.0,2.0,0.0,0.0,1.0,0.0,0.0,0.0,0.0,0.0,0.0,0.0,0.0,1.0,0.0,0.0,0.0,4.0,0.0,0.0,0.0,3.0,0.0,0.0,0.0,1.0,1.0,3.0,1.0,2.0,1.0,0.0,0.0,1.0,0.0,0.0,0.0,0.0,0.0,2.0,3.0,0.0,0.0,1.0,0.0,0.0,0.0,0.0,0.0,0.0,0.0,1.0,0.0,1.0,1.0,0.0,0.0,1.0,0.0,0.0,0.0,0.0,2.0,0.0,0.0,0.0,0.0,0.0,0.0,0.0,0.0,0.0,1.0,0.0,0.0,0.0,0.0,0.0,0.0,2.0,0.0,0.0,0.0,0.0,0.0,0.0,0.0,0.0,0.0,0.0,0.0,0.0,0.0,0.0,0.0,1.0,0.0,0.0,0.0,0.0,1.0,0.0,0.0,1.0,0.0,0.0,0.0,0.0,0.0,0.0,0.0,0.0,1.0,0.0,0.0,0.0,0.0,0.0,0.0,0.0,0.0,0.0,0.0,0.0,0.0,0.0,0.0,0.0,0.0,0.0
2.0,21.0,70.0,72.0,6.0,2.0,13.0,1.0,0.0,5.0,0.0,19.0,9.0,24.0,1.0,33.0,187.0,10.0,16.0,0.0,0.0,7.0,4.0,3.0,5.0,3.0,4.0,11.0,16.0,12.0,3.0,1.0,69.0,5.0,24.0,4.0,92.0,1.0,99.0,5.0,17.0,16.0,6.0,2.0,19.0,2.0,27.0,16.0,104.0,4.0,4.0,4.0,4.0,18.0,1.0,19.0,14.0,4.0,0.0,2.0,1.0,3.0,4.0,8.0,9.0,23.0,59.0,5.0,15.0,1.0,88.0,70.0,4.0,1.0,3.0,11.0,0.0,11.0,1.0,4.0,0.0,3.0,15.0,2.0,0.0,25.0,2.0,3.0,2.0,6.0,3.0,1.0,7.0,1.0,11.0,16.0,5.0,1.0,0.0,3.0,2.0,33.0,2.0,1.0,1.0,18.0,1.0,35.0,44.0,27.0,6.0,15.0,2.0,7.0,0.0,1.0,6.0,16.0,38.0,26.0,2.0,25.0,15.0,9.0,1.0,16.0,0.0,11.0,1.0,32.0,20.0,3.0,2.0,3.0,2.0,9.0,1.0,33.0,0.0,24.0,13.0,2.0,3.0,5.0,8.0,2.0,9.0,4.0,2.0,7.0,2.0,42.0,7.0,34.0,29.0,11.0,33.0,2.0,0.0,6.0,46.0,18.0,4.0,20.0,1.0,14.0,10.0,4.0,1.0,3.0,3.0,32.0,10.0,6.0,33.0,46.0,6.0,6.0,8.0,3.0,32.0,8.0,59.0,30.0,7.0,17.0,2.0,8.0,4.0,1.0,5.0,21.0,46.0,89.0,3.0,40.0,7.0,66.0,22.0,13.0,3.0,10.0,3.0,1.0,29.0,8.0,21.0,50.0,7.0,16.0,47.0,30.0,6.0,9.0,8.0,8.0,59.0,4.0,33.0,9.0,46.0,9.0,9.0,2.0,40.0,4.0,1.0,6.0,38.0,12.0,69.0,27.0,35.0,17.0,8.0,7.0,21.0,0.0,0.0,11.0,5.0,20.0,24.0,41.0,24.0,6.0,23.0,13.0,3.0,1.0,9.0,10.0,1.0,29.0,23.0,1.0,31.0,39.0,2.0,52.0,42.0,11.0,0.0,7.0,8.0,8.0,10.0,4.0,11.0,2.0,9.0,13.0,1.0,1.0,3.0,20.0,4.0,1.0,0.0,6.0,27.0,9.0,21.0,5.0,1.0,1.0,4.0,0.0,2.0,2.0,2.0,3.0,2.0,0.0,5.0,2.0,0.0,20.0,9.0,1.0,2.0,1.0,6.0,1.0,0.0,3.0,7.0,0.0,6.0,2.0,2.0,22.0,1.0,4.0,5.0,1.0,1.0,8.0,12.0,4.0,6.0,4.0,18.0,2.0,5.0,1.0,2.0,1.0,4.0,42.0,2.0,2.0,0.0
1.0,4.0,7.0,13.0,6.0,0.0,1.0,1.0,1.0,0.0,0.0,5.0,4.0,7.0,0.0,4.0,26.0,4.0,2.0,0.0,0.0,4.0,0.0,0.0,1.0,1.0,1.0,0.0,3.0,0.0,0.0,0.0,9.0,1.0,2.0,0.0,17.0,0.0,5.0,9.0,1.0,1.0,0.0,0.0,1.0,0.0,4.0,0.0,24.0,0.0,0.0,0.0,3.0,5.0,0.0,2.0,4.0,0.0,2.0,0.0,1.0,3.0,0.0,0.0,5.0,4.0,13.0,0.0,3.0,0.0,9.0,10.0,0.0,0.0,1.0,0.0,1.0,0.0,0.0,0.0,0.0,0.0,2.0,3.0,0.0,3.0,0.0,2.0,0.0,0.0,1.0,1.0,2.0,1.0,1.0,0.0,2.0,0.0,0.0,3.0,3.0,14.0,0.0,0.0,1.0,4.0,0.0,3.0,5.0,4.0,3.0,6.0,2.0,6.0,1.0,0.0,5.0,3.0,13.0,2.0,1.0,10.0,3.0,4.0,2.0,0.0,0.0,7.0,0.0,7.0,2.0,0.0,0.0,0.0,1.0,0.0,0.0,5.0,0.0,5.0,5.0,0.0,2.0,0.0,3.0,0.0,1.0,1.0,0.0,0.0,0.0,10.0,1.0,4.0,3.0,2.0,5.0,0.0,0.0,0.0,13.0,7.0,1.0,1.0,0.0,1.0,4.0,0.0,0.0,0.0,1.0,7.0,0.0,0.0,5.0,5.0,0.0,1.0,1.0,1.0,5.0,0.0,11.0,4.0,3.0,0.0,0.0,4.0,1.0,0.0,1.0,2.0,11.0,4.0,0.0,1.0,0.0,10.0,2.0,2.0,4.0,0.0,2.0,3.0,3.0,0.0,4.0,7.0,2.0,1.0,4.0,4.0,0.0,2.0,1.0,0.0,8.0,0.0,4.0,0.0,15.0,0.0,2.0,0.0,11.0,1.0,0.0,0.0,3.0,2.0,6.0,7.0,3.0,0.0,3.0,3.0,0.0,1.0,1.0,2.0,0.0,2.0,2.0,6.0,1.0,0.0,13.0,4.0,0.0,0.0,0.0,1.0,2.0,3.0,9.0,0.0,6.0,2.0,0.0,8.0,7.0,1.0,1.0,1.0,1.0,0.0,4.0,3.0,3.0,2.0,0.0,0.0,0.0,0.0,3.0,13.0,4.0,0.0,0.0,0.0,0.0,0.0,2.0,1.0,0.0,0.0,0.0,0.0,0.0,0.0,0.0,2.0,3.0,1.0,5.0,0.0,0.0,4.0,0.0,1.0,0.0,0.0,1.0,0.0,0.0,0.0,0.0,0.0,5.0,0.0,0.0,0.0,0.0,2.0,0.0,0.0,0.0,1.0,0.0,2.0,0.0,0.0,2.0,0.0,0.0,0.0,0.0,0.0,1.0,8.0,0.0,0.0,0.0
2.0,5.0,17.0,22.0,4.0,0.0,4.0,1.0,0.0,2.0,0.0,9.0,2.0,8.0,0.0,14.0,42.0,7.0,3.0,0.0,0.0,4.0,0.0,1.0,0.0,1.0,2.0,2.0,2.0,1.0,0.0,1.0,10.0,0.0,6.0,4.0,22.0,0.0,17.0,1.0,14.0,3.0,1.0,0.0,11.0,2.0,7.0,3.0,31.0,3.0,0.0,0.0,0.0,9.0,1.0,6.0,10.0,2.0,0.0,1.0,0.0,1.0,2.0,1.0,5.0,7.0,13.0,0.0,3.0,0.0,22.0,11.0,3.0,0.0,2.0,4.0,0.0,1.0,0.0,0.0,0.0,1.0,2.0,1.0,0.0,4.0,2.0,1.0,0.0,1.0,0.0,2.0,5.0,1.0,3.0,4.0,3.0,1.0,0.0,2.0,2.0,13.0,0.0,0.0,1.0,6.0,0.0,12.0,12.0,9.0,2.0,11.0,1.0,4.0,0.0,1.0,2.0,2.0,9.0,6.0,1.0,4.0,4.0,3.0,0.0,4.0,0.0,2.0,0.0,6.0,8.0,2.0,1.0,1.0,3.0,2.0,2.0,10.0,0.0,10.0,2.0,0.0,3.0,2.0,6.0,0.0,3.0,3.0,2.0,1.0,2.0,8.0,0.0,9.0,6.0,3.0,6.0,0.0,0.0,1.0,11.0,3.0,0.0,3.0,1.0,1.0,3.0,2.0,0.0,1.0,0.0,10.0,1.0,2.0,2.0,11.0,1.0,1.0,5.0,1.0,11.0,2.0,19.0,8.0,6.0,4.0,1.0,3.0,1.0,2.0,4.0,6.0,9.0,17.0,1.0,9.0,1.0,12.0,10.0,5.0,0.0,4.0,3.0,1.0,7.0,2.0,6.0,8.0,4.0,5.0,13.0,8.0,1.0,3.0,2.0,1.0,17.0,0.0,4.0,2.0,13.0,1.0,2.0,0.0,10.0,1.0,2.0,2.0,6.0,2.0,16.0,3.0,7.0,2.0,4.0,2.0,3.0,2.0,0.0,3.0,2.0,5.0,1.0,5.0,2.0,1.0,9.0,5.0,3.0,1.0,7.0,4.0,1.0,11.0,6.0,0.0,10.0,9.0,1.0,14.0,16.0,5.0,2.0,7.0,6.0,1.0,3.0,2.0,4.0,0.0,2.0,1.0,0.0,2.0,3.0,8.0,1.0,0.0,1.0,1.0,5.0,4.0,8.0,2.0,0.0,1.0,2.0,0.0,0.0,0.0,1.0,3.0,2.0,0.0,6.0,1.0,1.0,3.0,1.0,1.0,1.0,1.0,0.0,0.0,0.0,0.0,1.0,0.0,3.0,0.0,0.0,3.0,1.0,2.0,2.0,0.0,0.0,5.0,2.0,3.0,1.0,0.0,4.0,0.0,2.0,2.0,0.0,0.0,0.0,8.0,0.0,0.0,0.0
1.0,6.0,10.0,11.0,0.0,1.0,6.0,0.0,0.0,1.0,0.0,2.0,1.0,2.0,0.0,1.0,42.0,0.0,2.0,0.0,0.0,0.0,0.0,0.0,0.0,1.0,0.0,0.0,5.0,6.0,2.0,0.0,5.0,2.0,3.0,0.0,20.0,2.0,16.0,1.0,3.0,11.0,2.0,0.0,3.0,0.0,6.0,2.0,18.0,1.0,0.0,0.0,1.0,6.0,0.0,5.0,1.0,0.0,0.0,0.0,0.0,0.0,1.0,2.0,1.0,4.0,12.0,0.0,0.0,0.0,14.0,16.0,0.0,0.0,0.0,0.0,0.0,2.0,0.0,0.0,0.0,0.0,5.0,0.0,0.0,3.0,0.0,0.0,0.0,2.0,0.0,0.0,0.0,0.0,2.0,7.0,0.0,0.0,0.0,0.0,0.0,3.0,0.0,0.0,0.0,2.0,0.0,6.0,8.0,5.0,0.0,1.0,0.0,0.0,0.0,0.0,1.0,3.0,10.0,7.0,0.0,4.0,0.0,0.0,0.0,4.0,0.0,2.0,2.0,5.0,2.0,0.0,1.0,0.0,0.0,2.0,0.0,5.0,0.0,1.0,2.0,1.0,0.0,0.0,0.0,0.0,2.0,0.0,0.0,2.0,1.0,7.0,0.0,11.0,6.0,0.0,5.0,0.0,0.0,0.0,15.0,4.0,0.0,5.0,0.0,2.0,1.0,0.0,1.0,1.0,0.0,0.0,2.0,0.0,5.0,9.0,0.0,0.0,1.0,0.0,6.0,2.0,8.0,5.0,1.0,4.0,0.0,0.0,0.0,0.0,0.0,2.0,8.0,11.0,2.0,8.0,2.0,15.0,0.0,3.0,0.0,5.0,0.0,0.0,10.0,2.0,0.0,6.0,0.0,1.0,7.0,6.0,0.0,2.0,0.0,2.0,11.0,0.0,6.0,2.0,10.0,2.0,2.0,0.0,10.0,0.0,0.0,2.0,8.0,2.0,21.0,5.0,11.0,6.0,0.0,2.0,5.0,0.0,0.0,2.0,0.0,4.0,6.0,10.0,3.0,0.0,3.0,1.0,0.0,0.0,2.0,0.0,0.0,3.0,3.0,0.0,6.0,2.0,0.0,10.0,5.0,2.0,0.0,1.0,2.0,6.0,2.0,0.0,3.0,0.0,2.0,0.0,1.0,0.0,1.0,3.0,0.0,0.0,0.0,2.0,5.0,2.0,7.0,0.0,0.0,0.0,0.0,0.0,0.0,0.0,0.0,0.0,0.0,0.0,0.0,0.0,0.0,2.0,4.0,0.0,1.0,0.0,0.0,2.0,0.0,0.0,4.0,0.0,0.0,0.0,0.0,6.0,0.0,0.0,0.0,2.0,0.0,1.0,2.0,0.0,2.0,1.0,4.0,0.0,0.0,0.0,0.0,0.0,0.0,5.0,0.0,0.0,0.0
0.0,1.0,3.0,2.0,0.0,0.0,1.0,0.0,0.0,0.0,0.0,0.0,0.0,0.0,0.0,0.0,9.0,0.0,1.0,0.0,0.0,0.0,0.0,0.0,0.0,0.0,0.0,0.0,1.0,1.0,0.0,0.0,1.0,0.0,0.0,0.0,6.0,0.0,6.0,0.0,1.0,2.0,1.0,0.0,0.0,0.0,1.0,1.0,6.0,0.0,0.0,0.0,0.0,0.0,0.0,0.0,0.0,0.0,0.0,0.0,0.0,0.0,0.0,1.0,0.0,1.0,1.0,0.0,0.0,0.0,4.0,3.0,0.0,0.0,0.0,0.0,0.0,0.0,0.0,0.0,0.0,0.0,1.0,0.0,0.0,1.0,0.0,0.0,0.0,1.0,0.0,0.0,0.0,0.0,1.0,1.0,0.0,0.0,0.0,0.0,0.0,0.0,0.0,0.0,0.0,0.0,0.0,3.0,3.0,1.0,0.0,0.0,0.0,0.0,0.0,0.0,0.0,0.0,1.0,2.0,0.0,1.0,0.0,0.0,0.0,2.0,0.0,1.0,0.0,1.0,0.0,0.0,0.0,0.0,0.0,1.0,0.0,1.0,0.0,0.0,0.0,0.0,0.0,0.0,0.0,0.0,1.0,0.0,0.0,1.0,0.0,2.0,0.0,2.0,1.0,0.0,2.0,0.0,0.0,0.0,3.0,0.0,0.0,0.0,0.0,1.0,0.0,0.0,0.0,0.0,0.0,0.0,1.0,0.0,1.0,1.0,0.0,0.0,0.0,0.0,3.0,0.0,2.0,1.0,0.0,1.0,0.0,0.0,0.0,0.0,0.0,1.0,3.0,4.0,0.0,4.0,1.0,5.0,0.0,1.0,0.0,1.0,0.0,0.0,2.0,1.0,0.0,2.0,0.0,0.0,3.0,2.0,0.0,1.0,0.0,1.0,2.0,0.0,2.0,1.0,0.0,1.0,1.0,0.0,1.0,0.0,0.0,1.0,2.0,0.0,5.0,1.0,2.0,2.0,0.0,0.0,1.0,0.0,0.0,1.0,0.0,2.0,1.0,2.0,1.0,0.0,0.0,0.0,0.0,0.0,1.0,0.0,0.0,1.0,0.0,0.0,1.0,0.0,0.0,5.0,1.0,0.0,0.0,0.0,0.0,1.0,0.0,0.0,1.0,0.0,1.0,0.0,0.0,0.0,0.0,0.0,0.0,0.0,0.0,1.0,2.0,1.0,1.0,0.0,0.0,0.0,0.0,0.0,0.0,0.0,0.0,0.0,0.0,0.0,0.0,0.0,0.0,1.0,1.0,0.0,0.0,0.0,0.0,0.0,0.0,0.0,1.0,0.0,0.0,0.0,0.0,3.0,0.0,0.0,0.0,0.0,0.0,0.0,1.0,0.0,1.0,0.0,2.0,0.0,0.0,0.0,0.0,0.0,0.0,1.0,0.0,0.0,0.0
0.0,0.0,4.0,4.0,1.0,0.0,0.0,0.0,0.0,0.0,0.0,0.0,1.0,1.0,0.0,2.0,9.0,0.0,2.0,0.0,0.0,0.0,1.0,0.0,0.0,0.0,0.0,0.0,2.0,0.0,1.0,0.0,8.0,1.0,0.0,0.0,3.0,0.0,2.0,0.0,0.0,0.0,0.0,1.0,1.0,0.0,2.0,2.0,2.0,0.0,2.0,1.0,0.0,2.0,0.0,0.0,1.0,1.0,0.0,1.0,0.0,0.0,1.0,0.0,0.0,0.0,6.0,1.0,0.0,0.0,2.0,3.0,0.0,0.0,0.0,1.0,0.0,0.0,0.0,1.0,0.0,0.0,0.0,0.0,0.0,2.0,0.0,0.0,0.0,0.0,1.0,0.0,1.0,0.0,0.0,0.0,0.0,0.0,0.0,0.0,0.0,2.0,1.0,0.0,0.0,0.0,0.0,1.0,4.0,0.0,0.0,1.0,0.0,0.0,0.0,0.0,0.0,3.0,1.0,0.0,0.0,1.0,1.0,0.0,0.0,1.0,0.0,0.0,0.0,1.0,0.0,0.0,1.0,0.0,0.0,0.0,0.0,0.0,0.0,2.0,0.0,0.0,0.0,0.0,0.0,0.0,0.0,1.0,0.0,0.0,0.0,4.0,0.0,0.0,2.0,1.0,3.0,0.0,0.0,0.0,2.0,0.0,0.0,3.0,0.0,0.0,0.0,0.0,0.0,0.0,0.0,3.0,0.0,0.0,2.0,2.0,0.0,2.0,0.0,0.0,0.0,1.0,2.0,1.0,1.0,0.0,0.0,2.0,0.0,0.0,0.0,0.0,2.0,3.0,0.0,2.0,0.0,3.0,1.0,1.0,0.0,0.0,0.0,0.0,2.0,1.0,2.0,1.0,0.0,2.0,1.0,2.0,0.0,0.0,0.0,0.0,4.0,2.0,3.0,0.0,1.0,0.0,0.0,1.0,0.0,0.0,0.0,0.0,2.0,1.0,4.0,1.0,2.0,1.0,0.0,0.0,0.0,0.0,0.0,0.0,0.0,0.0,0.0,1.0,2.0,2.0,0.0,1.0,0.0,0.0,0.0,0.0,0.0,2.0,1.0,0.0,0.0,5.0,0.0,1.0,2.0,1.0,0.0,0.0,0.0,0.0,1.0,0.0,0.0,0.0,0.0,1.0,0.0,0.0,0.0,0.0,0.0,0.0,0.0,0.0,0.0,0.0,0.0,1.0,0.0,0.0,0.0,0.0,1.0,0.0,0.0,0.0,0.0,0.0,0.0,0.0,0.0,2.0,0.0,0.0,0.0,0.0,2.0,0.0,0.0,0.0,0.0,0.0,0.0,0.0,1.0,1.0,0.0,0.0,0.0,0.0,0.0,0.0,0.0,0.0,0.0,1.0,0.0,0.0,0.0,0.0,0.0,0.0,0.0,1.0,1.0,1.0,0.0
3.0,8.0,24.0,47.0,2.0,0.0,5.0,1.0,0.0,0.0,0.0,11.0,2.0,9.0,1.0,15.0,65.0,6.0,5.0,0.0,0.0,3.0,3.0,0.0,1.0,0.0,1.0,4.0,7.0,1.0,1.0,0.0,22.0,2.0,8.0,2.0,22.0,0.0,19.0,1.0,11.0,3.0,0.0,1.0,33.0,4.0,14.0,3.0,33.0,6.0,2.0,2.0,0.0,13.0,0.0,4.0,12.0,2.0,2.0,1.0,0.0,0.0,5.0,0.0,8.0,13.0,25.0,3.0,2.0,0.0,22.0,20.0,2.0,0.0,2.0,6.0,1.0,2.0,1.0,2.0,0.0,1.0,4.0,0.0,0.0,5.0,2.0,0.0,0.0,0.0,1.0,0.0,6.0,0.0,4.0,2.0,4.0,3.0,1.0,0.0,0.0,20.0,1.0,2.0,0.0,8.0,1.0,8.0,18.0,12.0,1.0,7.0,3.0,2.0,1.0,3.0,0.0,8.0,11.0,3.0,3.0,3.0,6.0,5.0,0.0,2.0,0.0,0.0,0.0,8.0,8.0,0.0,4.0,3.0,1.0,3.0,1.0,10.0,0.0,22.0,5.0,0.0,0.0,3.0,7.0,0.0,4.0,4.0,1.0,0.0,1.0,11.0,1.0,12.0,8.0,5.0,19.0,0.0,0.0,2.0,9.0,7.0,2.0,8.0,0.0,2.0,3.0,0.0,0.0,0.0,0.0,15.0,0.0,2.0,9.0,17.0,1.0,2.0,1.0,1.0,8.0,2.0,16.0,8.0,5.0,5.0,3.0,4.0,3.0,1.0,4.0,10.0,14.0,15.0,1.0,8.0,1.0,23.0,13.0,5.0,0.0,0.0,1.0,1.0,13.0,1.0,13.0,13.0,4.0,12.0,7.0,9.0,0.0,1.0,6.0,1.0,26.0,2.0,4.0,3.0,14.0,1.0,0.0,1.0,23.0,0.0,1.0,0.0,12.0,3.0,23.0,4.0,14.0,3.0,4.0,1.0,9.0,1.0,0.0,3.0,3.0,1.0,4.0,12.0,5.0,2.0,12.0,4.0,3.0,0.0,6.0,0.0,0.0,10.0,13.0,0.0,12.0,16.0,1.0,14.0,17.0,4.0,1.0,7.0,8.0,0.0,2.0,2.0,4.0,0.0,1.0,5.0,0.0,1.0,5.0,9.0,3.0,0.0,0.0,0.0,11.0,2.0,2.0,2.0,0.0,0.0,4.0,0.0,1.0,1.0,0.0,1.0,0.0,1.0,4.0,2.0,0.0,4.0,0.0,3.0,3.0,3.0,2.0,0.0,0.0,2.0,0.0,0.0,0.0,2.0,1.0,3.0,0.0,2.0,3.0,0.0,0.0,1.0,2.0,3.0,0.0,1.0,1.0,1.0,0.0,1.0,1.0,0.0,1.0,16.0,1.0,1.0,1.0
1.0,0.0,4.0,4.0,1.0,0.0,0.0,0.0,0.0,1.0,0.0,0.0,0.0,0.0,0.0,3.0,9.0,1.0,1.0,0.0,0.0,0.0,0.0,1.0,0.0,0.0,0.0,0.0,0.0,0.0,0.0,1.0,2.0,1.0,0.0,3.0,3.0,0.0,2.0,0.0,2.0,0.0,0.0,0.0,4.0,3.0,1.0,1.0,4.0,0.0,0.0,0.0,0.0,1.0,1.0,1.0,1.0,0.0,0.0,0.0,0.0,0.0,0.0,0.0,0.0,3.0,1.0,0.0,0.0,0.0,0.0,0.0,0.0,0.0,0.0,1.0,0.0,1.0,0.0,0.0,0.0,0.0,1.0,0.0,0.0,0.0,0.0,0.0,0.0,0.0,0.0,0.0,3.0,0.0,0.0,1.0,0.0,1.0,0.0,1.0,0.0,7.0,0.0,0.0,0.0,1.0,0.0,1.0,4.0,1.0,0.0,3.0,1.0,2.0,0.0,1.0,0.0,0.0,4.0,0.0,1.0,1.0,2.0,0.0,0.0,0.0,0.0,0.0,0.0,1.0,2.0,1.0,0.0,1.0,0.0,1.0,0.0,0.0,0.0,1.0,0.0,0.0,0.0,0.0,3.0,0.0,1.0,1.0,0.0,0.0,0.0,0.0,0.0,0.0,2.0,2.0,2.0,0.0,0.0,1.0,3.0,1.0,0.0,1.0,0.0,0.0,0.0,1.0,0.0,0.0,0.0,4.0,0.0,0.0,0.0,1.0,0.0,0.0,1.0,0.0,0.0,0.0,2.0,1.0,0.0,0.0,1.0,1.0,1.0,0.0,1.0,1.0,2.0,5.0,0.0,2.0,0.0,1.0,3.0,0.0,0.0,1.0,0.0,0.0,2.0,0.0,3.0,0.0,0.0,1.0,2.0,0.0,1.0,0.0,1.0,0.0,1.0,0.0,0.0,0.0,2.0,0.0,0.0,0.0,3.0,0.0,0.0,0.0,1.0,0.0,2.0,0.0,2.0,1.0,0.0,0.0,1.0,0.0,0.0,0.0,1.0,0.0,0.0,0.0,0.0,1.0,3.0,2.0,0.0,1.0,1.0,0.0,0.0,2.0,1.0,0.0,4.0,0.0,0.0,2.0,4.0,0.0,0.0,0.0,0.0,0.0,0.0,1.0,0.0,0.0,0.0,0.0,0.0,0.0,0.0,2.0,1.0,0.0,0.0,0.0,1.0,0.0,1.0,0.0,0.0,1.0,0.0,0.0,0.0,0.0,0.0,0.0,0.0,0.0,0.0,0.0,0.0,0.0,0.0,1.0,0.0,1.0,0.0,0.0,0.0,0.0,0.0,0.0,1.0,0.0,0.0,0.0,0.0,0.0,1.0,0.0,0.0,1.0,1.0,1.0,0.0,0.0,0.0,0.0,1.0,0.0,0.0,0.0,0.0,2.0,0.0,0.0,0.0
2.0,7.0,23.0,54.0,7.0,0.0,10.0,5.0,1.0,0.0,2.0,9.0,3.0,18.0,1.0,12.0,91.0,10.0,9.0,0.0,0.0,3.0,6.0,0.0,2.0,1.0,1.0,1.0,9.0,6.0,4.0,0.0,39.0,2.0,14.0,4.0,31.0,2.0,27.0,4.0,7.0,6.0,1.0,2.0,14.0,1.0,37.0,9.0,62.0,1.0,4.0,4.0,1.0,23.0,0.0,13.0,16.0,2.0,2.0,3.0,1.0,1.0,8.0,1.0,5.0,14.0,47.0,5.0,3.0,0.0,57.0,41.0,4.0,0.0,2.0,5.0,1.0,6.0,0.0,3.0,0.0,1.0,7.0,1.0,0.0,13.0,0.0,1.0,0.0,1.0,4.0,3.0,4.0,1.0,4.0,9.0,1.0,1.0,2.0,1.0,3.0,29.0,2.0,4.0,1.0,6.0,0.0,11.0,21.0,11.0,3.0,7.0,1.0,1.0,1.0,1.0,5.0,18.0,29.0,8.0,6.0,11.0,9.0,3.0,0.0,8.0,0.0,3.0,2.0,10.0,8.0,2.0,2.0,3.0,1.0,2.0,0.0,15.0,2.0,20.0,2.0,0.0,8.0,1.0,4.0,0.0,4.0,6.0,4.0,1.0,0.0,25.0,2.0,14.0,19.0,8.0,25.0,0.0,0.0,5.0,34.0,9.0,4.0,14.0,2.0,5.0,3.0,0.0,0.0,3.0,1.0,22.0,2.0,1.0,13.0,26.0,0.0,6.0,1.0,2.0,10.0,4.0,27.0,20.0,9.0,5.0,2.0,8.0,5.0,0.0,2.0,11.0,24.0,25.0,2.0,19.0,1.0,34.0,21.0,8.0,2.0,7.0,1.0,2.0,22.0,5.0,12.0,30.0,3.0,13.0,17.0,11.0,0.0,7.0,3.0,1.0,31.0,4.0,13.0,8.0,31.0,3.0,3.0,2.0,24.0,1.0,0.0,2.0,19.0,6.0,42.0,13.0,21.0,8.0,2.0,1.0,11.0,4.0,1.0,3.0,3.0,5.0,12.0,24.0,12.0,5.0,19.0,7.0,1.0,0.0,10.0,5.0,1.0,11.0,20.0,1.0,10.0,28.0,0.0,19.0,27.0,3.0,3.0,2.0,2.0,5.0,3.0,2.0,5.0,0.0,4.0,9.0,0.0,0.0,4.0,19.0,1.0,0.0,1.0,1.0,9.0,9.0,10.0,6.0,0.0,0.0,2.0,0.0,2.0,1.0,0.0,1.0,2.0,1.0,5.0,1.0,2.0,13.0,3.0,2.0,1.0,1.0,6.0,2.0,2.0,2.0,3.0,0.0,4.0,4.0,2.0,5.0,2.0,2.0,3.0,2.0,0.0,1.0,6.0,3.0,1.0,3.0,5.0,1.0,0.0,0.0,1.0,0.0,2.0,17.0,2.0,2.0,2.0
1.0,1.0,18.0,19.0,4.0,0.0,3.0,1.0,0.0,1.0,0.0,4.0,8.0,9.0,0.0,7.0,50.0,1.0,7.0,2.0,0.0,0.0,4.0,1.0,3.0,0.0,0.0,1.0,5.0,1.0,2.0,3.0,23.0,2.0,4.0,3.0,17.0,0.0,16.0,0.0,3.0,2.0,1.0,2.0,3.0,1.0,9.0,16.0,25.0,0.0,4.0,2.0,0.0,8.0,1.0,7.0,10.0,4.0,0.0,7.0,0.0,0.0,2.0,1.0,0.0,7.0,19.0,2.0,1.0,3.0,20.0,18.0,0.0,0.0,0.0,4.0,0.0,6.0,0.0,2.0,2.0,0.0,2.0,0.0,2.0,6.0,0.0,1.0,0.0,1.0,4.0,0.0,6.0,0.0,2.0,5.0,4.0,0.0,1.0,1.0,0.0,11.0,2.0,1.0,0.0,5.0,0.0,7.0,15.0,4.0,0.0,8.0,0.0,2.0,0.0,0.0,0.0,9.0,6.0,3.0,0.0,9.0,8.0,2.0,0.0,7.0,2.0,1.0,0.0,7.0,2.0,1.0,2.0,0.0,0.0,1.0,0.0,7.0,0.0,9.0,2.0,0.0,2.0,0.0,6.0,1.0,1.0,2.0,1.0,2.0,0.0,14.0,2.0,6.0,8.0,6.0,15.0,0.0,2.0,3.0,11.0,2.0,4.0,10.0,1.0,3.0,0.0,1.0,0.0,0.0,0.0,8.0,2.0,1.0,8.0,15.0,0.0,4.0,1.0,0.0,7.0,3.0,10.0,8.0,2.0,1.0,0.0,4.0,1.0,0.0,0.0,3.0,11.0,21.0,0.0,15.0,1.0,17.0,13.0,5.0,0.0,2.0,3.0,1.0,9.0,3.0,7.0,14.0,1.0,8.0,10.0,7.0,3.0,5.0,1.0,4.0,23.0,4.0,8.0,2.0,13.0,3.0,1.0,2.0,3.0,1.0,0.0,2.0,8.0,3.0,20.0,9.0,13.0,6.0,0.0,0.0,2.0,1.0,1.0,1.0,3.0,3.0,4.0,6.0,8.0,5.0,5.0,9.0,0.0,1.0,2.0,2.0,3.0,14.0,9.0,0.0,10.0,16.0,0.0,9.0,16.0,3.0,2.0,0.0,0.0,1.0,2.0,1.0,9.0,3.0,3.0,6.0,2.0,0.0,2.0,4.0,0.0,0.0,1.0,1.0,3.0,2.0,6.0,2.0,0.0,1.0,0.0,2.0,4.0,1.0,0.0,1.0,1.0,0.0,2.0,0.0,0.0,10.0,2.0,0.0,1.0,0.0,4.0,0.0,1.0,0.0,1.0,0.0,1.0,2.0,2.0,5.0,1.0,0.0,3.0,0.0,0.0,1.0,4.0,0.0,1.0,2.0,3.0,0.0,1.0,0.0,0.0,1.0,4.0,10.0,2.0,2.0,1.0
5.0,40.0,92.0,168.0,33.0,1.0,29.0,9.0,5.0,5.0,1.0,36.0,24.0,60.0,4.0,48.0,277.0,23.0,24.0,1.0,2.0,22.0,10.0,3.0,4.0,7.0,1.0,14.0,27.0,17.0,4.0,4.0,112.0,3.0,35.0,16.0,134.0,2.0,104.0,24.0,31.0,18.0,6.0,2.0,33.0,4.0,62.0,25.0,258.0,5.0,4.0,5.0,8.0,47.0,3.0,27.0,48.0,4.0,4.0,8.0,0.0,12.0,9.0,8.0,22.0,41.0,107.0,7.0,17.0,1.0,164.0,138.0,7.0,0.0,8.0,14.0,2.0,14.0,2.0,5.0,1.0,6.0,22.0,12.0,1.0,39.0,3.0,12.0,2.0,6.0,12.0,10.0,18.0,6.0,16.0,29.0,13.0,1.0,3.0,15.0,15.0,86.0,2.0,5.0,6.0,22.0,2.0,47.0,74.0,35.0,15.0,47.0,7.0,26.0,2.0,1.0,25.0,36.0,79.0,38.0,2.0,54.0,23.0,19.0,6.0,27.0,1.0,34.0,2.0,49.0,29.0,4.0,3.0,5.0,8.0,9.0,1.0,53.0,0.0,48.0,23.0,1.0,16.0,6.0,29.0,3.0,16.0,12.0,10.0,6.0,2.0,91.0,6.0,55.0,42.0,32.0,59.0,2.0,1.0,15.0,101.0,25.0,9.0,28.0,3.0,19.0,24.0,5.0,1.0,8.0,2.0,64.0,12.0,4.0,44.0,68.0,4.0,14.0,13.0,9.0,49.0,9.0,109.0,57.0,30.0,23.0,5.0,27.0,17.0,1.0,12.0,35.0,89.0,111.0,4.0,59.0,8.0,108.0,56.0,29.0,6.0,18.0,12.0,12.0,41.0,11.0,34.0,105.0,16.0,27.0,58.0,40.0,5.0,17.0,9.0,9.0,97.0,4.0,39.0,18.0,95.0,10.0,18.0,2.0,66.0,9.0,1.0,10.0,57.0,15.0,97.0,54.0,49.0,19.0,20.0,15.0,28.0,9.0,5.0,20.0,5.0,31.0,38.0,77.0,32.0,11.0,68.0,35.0,3.0,3.0,22.0,17.0,11.0,39.0,53.0,4.0,50.0,58.0,2.0,75.0,83.0,10.0,10.0,14.0,15.0,10.0,17.0,15.0,23.0,7.0,11.0,19.0,3.0,1.0,7.0,62.0,13.0,0.0,4.0,6.0,34.0,17.0,46.0,14.0,0.0,3.0,4.0,1.0,3.0,4.0,1.0,11.0,16.0,2.0,27.0,2.0,3.0,41.0,8.0,5.0,1.0,1.0,8.0,2.0,1.0,5.0,8.0,1.0,26.0,8.0,2.0,24.0,3.0,12.0,5.0,2.0,0.0,13.0,21.0,13.0,6.0,7.0,30.0,3.0,4.0,1.0,3.0,0.0,5.0,66.0,2.0,2.0,3.0
0.0,1.0,5.0,7.0,0.0,0.0,1.0,0.0,0.0,0.0,0.0,2.0,1.0,1.0,0.0,1.0,12.0,2.0,0.0,0.0,0.0,2.0,0.0,0.0,0.0,0.0,0.0,0.0,1.0,0.0,0.0,0.0,1.0,0.0,3.0,0.0,4.0,0.0,4.0,0.0,3.0,1.0,0.0,0.0,6.0,0.0,1.0,0.0,5.0,3.0,0.0,0.0,0.0,3.0,0.0,0.0,2.0,0.0,0.0,0.0,0.0,0.0,1.0,0.0,4.0,2.0,4.0,0.0,2.0,0.0,2.0,1.0,0.0,0.0,1.0,2.0,0.0,0.0,0.0,0.0,0.0,1.0,0.0,0.0,0.0,1.0,0.0,0.0,0.0,0.0,0.0,0.0,0.0,0.0,0.0,0.0,1.0,0.0,0.0,0.0,0.0,3.0,0.0,0.0,0.0,2.0,0.0,2.0,4.0,2.0,0.0,0.0,0.0,0.0,0.0,0.0,0.0,0.0,0.0,0.0,0.0,1.0,2.0,1.0,0.0,0.0,0.0,0.0,0.0,3.0,1.0,0.0,1.0,0.0,0.0,0.0,0.0,3.0,0.0,4.0,2.0,0.0,0.0,0.0,0.0,0.0,0.0,0.0,0.0,0.0,0.0,2.0,0.0,3.0,0.0,0.0,1.0,0.0,0.0,0.0,0.0,2.0,0.0,1.0,0.0,0.0,1.0,0.0,0.0,0.0,0.0,1.0,0.0,2.0,1.0,3.0,1.0,0.0,0.0,0.0,2.0,0.0,3.0,2.0,1.0,1.0,0.0,0.0,0.0,0.0,0.0,0.0,1.0,3.0,1.0,1.0,0.0,3.0,1.0,0.0,0.0,0.0,0.0,0.0,1.0,0.0,2.0,1.0,2.0,2.0,0.0,3.0,0.0,0.0,1.0,0.0,5.0,0.0,0.0,0.0,4.0,0.0,0.0,0.0,6.0,0.0,0.0,0.0,2.0,0.0,3.0,0.0,1.0,0.0,1.0,0.0,1.0,0.0,0.0,2.0,0.0,0.0,0.0,2.0,0.0,0.0,3.0,0.0,1.0,0.0,0.0,0.0,0.0,1.0,3.0,0.0,1.0,2.0,1.0,1.0,2.0,0.0,0.0,2.0,3.0,0.0,0.0,1.0,0.0,0.0,0.0,0.0,0.0,0.0,1.0,3.0,0.0,0.0,0.0,0.0,2.0,1.0,0.0,0.0,0.0,0.0,2.0,0.0,0.0,0.0,0.0,0.0,0.0,0.0,1.0,1.0,0.0,0.0,0.0,0.0,1.0,0.0,0.0,0.0,0.0,0.0,0.0,0.0,0.0,0.0,0.0,0.0,0.0,2.0,0.0,0.0,0.0,0.0,0.0,0.0,0.0,0.0,0.0,0.0,0.0,0.0,0.0,0.0,0.0,4.0,0.0,0.0,0.0
0.0,0.0,8.0,8.0,2.0,0.0,0.0,0.0,0.0,0.0,0.0,0.0,2.0,2.0,0.0,4.0,18.0,0.0,4.0,0.0,0.0,0.0,2.0,0.0,0.0,0.0,0.0,0.0,4.0,0.0,2.0,0.0,16.0,2.0,0.0,0.0,6.0,0.0,4.0,0.0,0.0,0.0,0.0,2.0,2.0,0.0,4.0,4.0,4.0,0.0,4.0,2.0,0.0,4.0,0.0,0.0,2.0,2.0,0.0,2.0,0.0,0.0,2.0,0.0,0.0,0.0,12.0,2.0,0.0,0.0,4.0,6.0,0.0,0.0,0.0,2.0,0.0,0.0,0.0,2.0,0.0,0.0,0.0,0.0,0.0,4.0,0.0,0.0,0.0,0.0,2.0,0.0,2.0,0.0,0.0,0.0,0.0,0.0,0.0,0.0,0.0,4.0,2.0,0.0,0.0,0.0,0.0,2.0,8.0,0.0,0.0,2.0,0.0,0.0,0.0,0.0,0.0,6.0,2.0,0.0,0.0,2.0,2.0,0.0,0.0,2.0,0.0,0.0,0.0,2.0,0.0,0.0,2.0,0.0,0.0,0.0,0.0,0.0,0.0,4.0,0.0,0.0,0.0,0.0,0.0,0.0,0.0,2.0,0.0,0.0,0.0,8.0,0.0,0.0,4.0,2.0,6.0,0.0,0.0,0.0,4.0,0.0,0.0,6.0,0.0,0.0,0.0,0.0,0.0,0.0,0.0,6.0,0.0,0.0,4.0,4.0,0.0,4.0,0.0,0.0,0.0,2.0,4.0,2.0,2.0,0.0,0.0,4.0,0.0,0.0,0.0,0.0,4.0,6.0,0.0,4.0,0.0,6.0,2.0,2.0,0.0,0.0,0.0,0.0,4.0,2.0,4.0,2.0,0.0,4.0,2.0,4.0,0.0,0.0,0.0,0.0,8.0,4.0,6.0,0.0,2.0,0.0,0.0,2.0,0.0,0.0,0.0,0.0,4.0,2.0,8.0,2.0,4.0,2.0,0.0,0.0,0.0,0.0,0.0,0.0,0.0,0.0,0.0,2.0,4.0,4.0,0.0,2.0,0.0,0.0,0.0,0.0,0.0,4.0,2.0,0.0,0.0,10.0,0.0,2.0,4.0,2.0,0.0,0.0,0.0,0.0,2.0,0.0,0.0,0.0,0.0,2.0,0.0,0.0,0.0,0.0,0.0,0.0,0.0,0.0,0.0,0.0,0.0,2.0,0.0,0.0,0.0,0.0,2.0,0.0,0.0,0.0,0.0,0.0,0.0,0.0,0.0,4.0,0.0,0.0,0.0,0.0,4.0,0.0,0.0,0.0,0.0,0.0,0.0,0.0,2.0,2.0,0.0,0.0,0.0,0.0,0.0,0.0,0.0,0.0,0.0,2.0,0.0,0.0,0.0,0.0,0.0,0.0,0.0,2.0,2.0,2.0,0.0
0.0,0.0,5.0,7.0,1.0,0.0,0.0,0.0,0.0,0.0,0.0,0.0,1.0,2.0,0.0,2.0,13.0,0.0,2.0,0.0,0.0,0.0,1.0,0.0,0.0,0.0,0.0,0.0,2.0,0.0,1.0,0.0,10.0,1.0,1.0,0.0,4.0,0.0,4.0,0.0,0.0,0.0,0.0,1.0,2.0,0.0,4.0,2.0,5.0,0.0,2.0,2.0,0.0,2.0,0.0,0.0,1.0,1.0,0.0,1.0,0.0,0.0,2.0,0.0,0.0,2.0,7.0,1.0,0.0,0.0,6.0,4.0,1.0,0.0,0.0,1.0,0.0,1.0,0.0,1.0,0.0,0.0,1.0,0.0,0.0,2.0,0.0,0.0,0.0,0.0,1.0,0.0,1.0,0.0,0.0,0.0,0.0,0.0,0.0,0.0,0.0,2.0,1.0,0.0,0.0,0.0,0.0,1.0,5.0,1.0,0.0,1.0,0.0,0.0,0.0,0.0,0.0,3.0,2.0,0.0,0.0,1.0,1.0,0.0,0.0,1.0,0.0,0.0,0.0,2.0,1.0,0.0,1.0,0.0,0.0,0.0,0.0,0.0,0.0,2.0,0.0,0.0,0.0,0.0,0.0,0.0,0.0,1.0,0.0,0.0,0.0,4.0,0.0,1.0,3.0,1.0,5.0,0.0,0.0,1.0,3.0,1.0,0.0,3.0,0.0,0.0,0.0,0.0,0.0,0.0,0.0,3.0,0.0,0.0,3.0,4.0,0.0,2.0,0.0,0.0,0.0,1.0,5.0,3.0,1.0,0.0,0.0,2.0,0.0,0.0,0.0,0.0,2.0,4.0,0.0,2.0,0.0,3.0,1.0,1.0,0.0,0.0,0.0,0.0,3.0,1.0,2.0,3.0,0.0,2.0,2.0,2.0,0.0,0.0,0.0,0.0,5.0,2.0,3.0,1.0,1.0,1.0,0.0,1.0,0.0,0.0,0.0,0.0,5.0,1.0,5.0,1.0,3.0,1.0,0.0,0.0,1.0,0.0,0.0,0.0,0.0,0.0,0.0,2.0,3.0,2.0,0.0,1.0,0.0,0.0,0.0,0.0,0.0,2.0,1.0,0.0,1.0,6.0,0.0,3.0,3.0,1.0,0.0,0.0,0.0,0.0,1.0,0.0,0.0,0.0,0.0,1.0,0.0,0.0,0.0,0.0,0.0,0.0,0.0,0.0,1.0,0.0,0.0,1.0,0.0,0.0,0.0,0.0,1.0,0.0,0.0,0.0,0.0,0.0,0.0,0.0,0.0,3.0,0.0,0.0,0.0,0.0,2.0,0.0,0.0,1.0,0.0,0.0,0.0,0.0,1.0,1.0,0.0,0.0,0.0,0.0,0.0,0.0,1.0,0.0,0.0,1.0,0.0,0.0,0.0,0.0,0.0,0.0,0.0,2.0,1.0,1.0,0.0
1.0,5.0,1.0,8.0,2.0,0.0,2.0,0.0,0.0,0.0,0.0,4.0,4.0,1.0,1.0,1.0,13.0,2.0,0.0,0.0,2.0,1.0,0.0,0.0,0.0,0.0,2.0,2.0,1.0,2.0,0.0,0.0,5.0,1.0,0.0,0.0,10.0,0.0,4.0,3.0,0.0,1.0,0.0,0.0,0.0,0.0,1.0,0.0,8.0,0.0,0.0,0.0,8.0,1.0,0.0,1.0,3.0,0.0,0.0,0.0,0.0,1.0,0.0,0.0,2.0,6.0,9.0,0.0,0.0,0.0,0.0,5.0,2.0,0.0,0.0,0.0,0.0,1.0,0.0,0.0,0.0,0.0,0.0,1.0,0.0,1.0,0.0,1.0,0.0,0.0,1.0,0.0,1.0,0.0,0.0,2.0,1.0,0.0,0.0,1.0,1.0,11.0,0.0,0.0,0.0,2.0,0.0,0.0,2.0,3.0,0.0,3.0,1.0,3.0,0.0,0.0,2.0,3.0,6.0,2.0,1.0,10.0,1.0,2.0,1.0,0.0,0.0,3.0,0.0,3.0,1.0,0.0,0.0,0.0,0.0,0.0,0.0,4.0,0.0,3.0,3.0,0.0,1.0,0.0,1.0,0.0,0.0,0.0,0.0,0.0,0.0,5.0,2.0,6.0,3.0,1.0,3.0,0.0,0.0,0.0,8.0,3.0,0.0,0.0,0.0,0.0,2.0,1.0,0.0,0.0,0.0,3.0,1.0,0.0,4.0,5.0,0.0,0.0,1.0,0.0,1.0,0.0,6.0,3.0,1.0,0.0,0.0,1.0,0.0,0.0,0.0,0.0,4.0,4.0,0.0,0.0,0.0,5.0,0.0,2.0,1.0,0.0,1.0,1.0,3.0,0.0,2.0,2.0,0.0,0.0,4.0,3.0,0.0,0.0,0.0,0.0,7.0,0.0,3.0,0.0,7.0,0.0,1.0,0.0,3.0,0.0,0.0,0.0,1.0,4.0,6.0,3.0,3.0,2.0,1.0,1.0,0.0,0.0,0.0,0.0,0.0,0.0,1.0,2.0,1.0,0.0,11.0,1.0,0.0,0.0,0.0,0.0,1.0,0.0,10.0,0.0,4.0,2.0,0.0,5.0,2.0,1.0,0.0,0.0,0.0,0.0,7.0,1.0,1.0,1.0,0.0,2.0,1.0,0.0,1.0,9.0,2.0,0.0,0.0,0.0,0.0,0.0,3.0,0.0,0.0,0.0,0.0,0.0,0.0,0.0,0.0,1.0,1.0,0.0,1.0,0.0,0.0,3.0,0.0,0.0,0.0,0.0,0.0,0.0,0.0,0.0,0.0,1.0,2.0,0.0,0.0,0.0,0.0,0.0,0.0,0.0,0.0,1.0,0.0,0.0,0.0,0.0,0.0,0.0,0.0,0.0,0.0,0.0,0.0,3.0,0.0,0.0,0.0
3.0,8.0,25.0,42.0,9.0,1.0,10.0,3.0,0.0,1.0,0.0,11.0,9.0,16.0,0.0,10.0,87.0,13.0,6.0,0.0,0.0,5.0,6.0,0.0,0.0,2.0,3.0,0.0,10.0,4.0,4.0,0.0,32.0,3.0,15.0,4.0,28.0,2.0,18.0,5.0,9.0,6.0,0.0,2.0,13.0,1.0,23.0,8.0,47.0,3.0,4.0,2.0,1.0,33.0,0.0,13.0,18.0,2.0,0.0,4.0,2.0,3.0,5.0,0.0,10.0,10.0,37.0,2.0,5.0,0.0,35.0,28.0,2.0,0.0,2.0,4.0,0.0,4.0,0.0,2.0,0.0,1.0,3.0,2.0,0.0,10.0,0.0,3.0,0.0,0.0,2.0,3.0,7.0,1.0,0.0,10.0,2.0,1.0,2.0,2.0,4.0,32.0,2.0,2.0,1.0,9.0,0.0,11.0,21.0,9.0,2.0,12.0,2.0,7.0,0.0,1.0,6.0,12.0,29.0,5.0,3.0,14.0,8.0,2.0,1.0,8.0,0.0,4.0,2.0,12.0,7.0,0.0,3.0,1.0,1.0,1.0,0.0,15.0,0.0,18.0,6.0,1.0,7.0,1.0,6.0,0.0,2.0,6.0,4.0,0.0,1.0,25.0,3.0,16.0,10.0,7.0,16.0,0.0,0.0,2.0,30.0,7.0,0.0,14.0,2.0,0.0,5.0,0.0,1.0,3.0,2.0,17.0,0.0,2.0,9.0,26.0,2.0,5.0,2.0,1.0,8.0,4.0,20.0,13.0,9.0,3.0,1.0,9.0,2.0,0.0,2.0,4.0,21.0,15.0,3.0,9.0,0.0,28.0,16.0,7.0,5.0,7.0,4.0,3.0,18.0,4.0,11.0,19.0,2.0,13.0,11.0,10.0,0.0,1.0,2.0,0.0,27.0,4.0,14.0,4.0,37.0,1.0,3.0,2.0,25.0,1.0,0.0,2.0,11.0,6.0,34.0,9.0,19.0,6.0,3.0,3.0,5.0,4.0,0.0,2.0,3.0,2.0,8.0,16.0,6.0,4.0,20.0,10.0,1.0,0.0,9.0,5.0,3.0,10.0,18.0,0.0,9.0,23.0,1.0,13.0,23.0,4.0,4.0,3.0,5.0,4.0,5.0,2.0,1.0,1.0,0.0,6.0,1.0,0.0,5.0,19.0,3.0,0.0,2.0,0.0,3.0,8.0,16.0,5.0,0.0,0.0,2.0,0.0,2.0,0.0,0.0,4.0,4.0,0.0,7.0,1.0,2.0,10.0,3.0,1.0,1.0,1.0,6.0,2.0,0.0,0.0,2.0,0.0,5.0,4.0,2.0,2.0,2.0,2.0,3.0,2.0,1.0,2.0,2.0,3.0,0.0,3.0,2.0,0.0,0.0,0.0,0.0,0.0,0.0,18.0,2.0,2.0,2.0
0.0,0.0,2.0,1.0,1.0,0.0,0.0,0.0,0.0,1.0,0.0,0.0,0.0,0.0,0.0,1.0,2.0,0.0,0.0,0.0,0.0,0.0,0.0,1.0,0.0,0.0,0.0,0.0,0.0,0.0,0.0,1.0,1.0,0.0,0.0,2.0,2.0,0.0,1.0,0.0,1.0,0.0,0.0,0.0,0.0,1.0,0.0,1.0,3.0,0.0,0.0,0.0,0.0,0.0,1.0,1.0,0.0,0.0,0.0,0.0,0.0,0.0,0.0,0.0,0.0,1.0,0.0,0.0,0.0,0.0,0.0,0.0,0.0,0.0,0.0,1.0,0.0,1.0,0.0,0.0,0.0,0.0,1.0,0.0,0.0,0.0,0.0,0.0,0.0,0.0,0.0,0.0,1.0,0.0,0.0,1.0,0.0,0.0,0.0,1.0,0.0,2.0,0.0,0.0,0.0,0.0,0.0,0.0,2.0,0.0,0.0,2.0,0.0,1.0,0.0,0.0,0.0,0.0,1.0,0.0,0.0,0.0,1.0,0.0,0.0,0.0,0.0,0.0,0.0,1.0,1.0,1.0,0.0,0.0,0.0,0.0,0.0,0.0,0.0,0.0,0.0,0.0,0.0,0.0,1.0,0.0,0.0,0.0,0.0,0.0,0.0,0.0,0.0,0.0,1.0,1.0,0.0,0.0,0.0,1.0,1.0,1.0,0.0,0.0,0.0,0.0,0.0,1.0,0.0,0.0,0.0,2.0,0.0,0.0,0.0,0.0,0.0,0.0,1.0,0.0,0.0,0.0,2.0,1.0,0.0,0.0,0.0,0.0,0.0,0.0,0.0,0.0,0.0,4.0,0.0,2.0,0.0,0.0,1.0,0.0,0.0,1.0,0.0,0.0,0.0,0.0,1.0,0.0,0.0,0.0,1.0,0.0,1.0,0.0,0.0,0.0,1.0,0.0,0.0,0.0,1.0,0.0,0.0,0.0,0.0,0.0,0.0,0.0,1.0,0.0,0.0,0.0,0.0,0.0,0.0,0.0,0.0,0.0,0.0,0.0,0.0,0.0,0.0,0.0,0.0,1.0,1.0,1.0,0.0,1.0,0.0,0.0,0.0,1.0,0.0,0.0,2.0,0.0,0.0,0.0,2.0,0.0,0.0,0.0,0.0,0.0,0.0,1.0,0.0,0.0,0.0,0.0,0.0,0.0,0.0,1.0,0.0,0.0,0.0,0.0,0.0,0.0,1.0,0.0,0.0,1.0,0.0,0.0,0.0,0.0,0.0,0.0,0.0,0.0,0.0,0.0,0.0,0.0,0.0,0.0,0.0,0.0,0.0,0.0,0.0,0.0,0.0,0.0,1.0,0.0,0.0,0.0,0.0,0.0,0.0,0.0,0.0,1.0,1.0,0.0,0.0,0.0,0.0,0.0,1.0,0.0,0.0,0.0,0.0,1.0,0.0,0.0,0.0
1.0,8.0,11.0,21.0,3.0,0.0,5.0,1.0,0.0,2.0,0.0,12.0,2.0,14.0,0.0,10.0,48.0,9.0,1.0,1.0,0.0,0.0,3.0,1.0,3.0,0.0,2.0,6.0,5.0,5.0,2.0,2.0,15.0,1.0,12.0,4.0,22.0,2.0,19.0,2.0,6.0,5.0,0.0,0.0,4.0,1.0,13.0,7.0,27.0,0.0,0.0,0.0,1.0,13.0,1.0,24.0,8.0,2.0,0.0,2.0,1.0,1.0,2.0,1.0,3.0,9.0,25.0,1.0,2.0,1.0,30.0,33.0,3.0,0.0,0.0,2.0,0.0,5.0,1.0,0.0,1.0,0.0,4.0,0.0,1.0,3.0,2.0,1.0,1.0,0.0,1.0,2.0,3.0,0.0,1.0,8.0,4.0,0.0,1.0,1.0,2.0,13.0,0.0,2.0,0.0,7.0,1.0,5.0,5.0,8.0,0.0,8.0,0.0,2.0,0.0,0.0,3.0,7.0,17.0,4.0,1.0,8.0,7.0,2.0,0.0,2.0,1.0,0.0,2.0,8.0,6.0,2.0,0.0,1.0,1.0,1.0,1.0,16.0,0.0,11.0,4.0,0.0,6.0,3.0,5.0,1.0,0.0,2.0,2.0,0.0,1.0,6.0,3.0,16.0,9.0,4.0,6.0,1.0,1.0,3.0,16.0,7.0,2.0,6.0,2.0,3.0,1.0,2.0,0.0,2.0,2.0,11.0,0.0,2.0,7.0,25.0,1.0,0.0,3.0,0.0,8.0,5.0,15.0,10.0,5.0,5.0,0.0,3.0,0.0,1.0,2.0,6.0,10.0,16.0,2.0,8.0,1.0,15.0,11.0,2.0,2.0,7.0,2.0,0.0,11.0,2.0,2.0,19.0,1.0,7.0,11.0,5.0,2.0,3.0,1.0,2.0,20.0,0.0,3.0,3.0,25.0,1.0,3.0,0.0,12.0,1.0,1.0,0.0,6.0,3.0,25.0,11.0,14.0,3.0,2.0,2.0,4.0,2.0,0.0,1.0,2.0,2.0,13.0,14.0,6.0,1.0,8.0,6.0,1.0,1.0,9.0,7.0,1.0,12.0,9.0,0.0,13.0,19.0,0.0,6.0,19.0,3.0,0.0,2.0,2.0,4.0,2.0,1.0,8.0,1.0,2.0,6.0,1.0,1.0,4.0,9.0,0.0,0.0,0.0,0.0,2.0,5.0,8.0,2.0,0.0,1.0,0.0,1.0,1.0,0.0,1.0,1.0,0.0,0.0,1.0,0.0,2.0,6.0,2.0,0.0,2.0,0.0,1.0,2.0,0.0,1.0,2.0,0.0,1.0,3.0,0.0,2.0,2.0,0.0,2.0,2.0,0.0,3.0,3.0,0.0,0.0,0.0,1.0,0.0,2.0,1.0,0.0,0.0,4.0,12.0,0.0,0.0,1.0
3.0,7.0,18.0,38.0,9.0,0.0,5.0,4.0,1.0,0.0,1.0,12.0,8.0,17.0,0.0,13.0,62.0,7.0,6.0,1.0,0.0,6.0,5.0,0.0,2.0,2.0,2.0,2.0,5.0,0.0,1.0,1.0,26.0,1.0,9.0,3.0,21.0,0.0,14.0,4.0,10.0,1.0,0.0,1.0,12.0,1.0,16.0,10.0,48.0,2.0,2.0,1.0,3.0,18.0,0.0,8.0,25.0,3.0,0.0,5.0,0.0,3.0,3.0,0.0,6.0,11.0,30.0,1.0,3.0,2.0,32.0,22.0,3.0,0.0,3.0,3.0,0.0,3.0,0.0,1.0,1.0,1.0,0.0,3.0,1.0,7.0,1.0,3.0,0.0,0.0,3.0,4.0,7.0,2.0,1.0,5.0,5.0,1.0,2.0,3.0,4.0,21.0,1.0,2.0,2.0,6.0,0.0,10.0,11.0,11.0,4.0,15.0,2.0,6.0,0.0,1.0,6.0,11.0,15.0,9.0,1.0,15.0,8.0,3.0,1.0,7.0,1.0,6.0,0.0,7.0,6.0,0.0,2.0,3.0,4.0,1.0,1.0,13.0,0.0,17.0,5.0,0.0,6.0,1.0,10.0,0.0,3.0,5.0,3.0,1.0,1.0,19.0,2.0,11.0,10.0,8.0,17.0,0.0,1.0,3.0,18.0,3.0,1.0,10.0,2.0,1.0,6.0,0.0,0.0,2.0,0.0,15.0,2.0,1.0,9.0,22.0,0.0,5.0,3.0,2.0,10.0,2.0,19.0,14.0,10.0,2.0,2.0,8.0,4.0,1.0,6.0,6.0,19.0,17.0,0.0,8.0,0.0,19.0,22.0,9.0,1.0,2.0,5.0,3.0,10.0,2.0,7.0,20.0,2.0,11.0,12.0,8.0,1.0,4.0,2.0,2.0,25.0,2.0,8.0,3.0,24.0,1.0,3.0,1.0,13.0,2.0,1.0,2.0,5.0,5.0,24.0,10.0,12.0,5.0,4.0,2.0,3.0,3.0,0.0,0.0,5.0,4.0,8.0,10.0,5.0,3.0,15.0,11.0,2.0,0.0,7.0,5.0,4.0,12.0,16.0,1.0,10.0,19.0,0.0,15.0,24.0,4.0,4.0,5.0,5.0,0.0,7.0,2.0,7.0,3.0,1.0,8.0,1.0,1.0,4.0,13.0,3.0,0.0,2.0,0.0,4.0,4.0,10.0,4.0,0.0,0.0,2.0,1.0,2.0,0.0,0.0,4.0,5.0,0.0,8.0,1.0,1.0,10.0,1.0,1.0,2.0,1.0,3.0,0.0,0.0,0.0,0.0,0.0,5.0,4.0,1.0,1.0,2.0,0.0,5.0,0.0,0.0,3.0,3.0,5.0,0.0,2.0,4.0,0.0,0.0,1.0,0.0,1.0,2.0,13.0,1.0,1.0,2.0
0.0,2.0,7.0,6.0,1.0,1.0,0.0,0.0,0.0,1.0,0.0,4.0,3.0,4.0,0.0,8.0,19.0,1.0,2.0,1.0,0.0,0.0,1.0,2.0,0.0,1.0,1.0,1.0,2.0,0.0,1.0,1.0,9.0,2.0,2.0,0.0,7.0,0.0,4.0,0.0,2.0,0.0,0.0,1.0,2.0,0.0,2.0,4.0,4.0,0.0,2.0,1.0,0.0,2.0,0.0,2.0,3.0,4.0,0.0,3.0,0.0,0.0,1.0,0.0,0.0,3.0,9.0,1.0,2.0,1.0,7.0,8.0,1.0,1.0,0.0,1.0,0.0,3.0,0.0,1.0,1.0,0.0,1.0,0.0,1.0,2.0,1.0,0.0,0.0,0.0,2.0,0.0,3.0,0.0,1.0,1.0,3.0,0.0,0.0,0.0,0.0,4.0,1.0,0.0,0.0,4.0,0.0,2.0,4.0,3.0,0.0,6.0,0.0,1.0,0.0,0.0,0.0,4.0,2.0,2.0,0.0,2.0,2.0,1.0,0.0,1.0,1.0,0.0,0.0,3.0,5.0,0.0,1.0,0.0,1.0,0.0,1.0,2.0,0.0,5.0,0.0,1.0,0.0,1.0,3.0,0.0,0.0,1.0,0.0,0.0,1.0,4.0,1.0,2.0,4.0,1.0,6.0,0.0,1.0,0.0,2.0,0.0,1.0,3.0,0.0,0.0,1.0,1.0,0.0,1.0,0.0,4.0,0.0,0.0,3.0,8.0,1.0,2.0,3.0,0.0,3.0,2.0,4.0,1.0,2.0,1.0,0.0,2.0,0.0,1.0,1.0,1.0,2.0,7.0,0.0,4.0,0.0,4.0,4.0,2.0,0.0,1.0,2.0,0.0,2.0,1.0,5.0,5.0,1.0,2.0,5.0,3.0,2.0,2.0,1.0,1.0,11.0,2.0,4.0,0.0,4.0,1.0,0.0,1.0,1.0,1.0,1.0,0.0,2.0,2.0,6.0,4.0,5.0,1.0,1.0,2.0,0.0,0.0,0.0,0.0,1.0,0.0,1.0,1.0,4.0,2.0,2.0,3.0,1.0,0.0,1.0,2.0,1.0,9.0,3.0,0.0,5.0,9.0,0.0,3.0,7.0,5.0,0.0,2.0,1.0,0.0,3.0,0.0,5.0,1.0,1.0,1.0,1.0,1.0,2.0,2.0,1.0,1.0,0.0,0.0,0.0,0.0,2.0,1.0,1.0,0.0,0.0,1.0,2.0,0.0,0.0,1.0,0.0,0.0,1.0,0.0,0.0,5.0,0.0,0.0,0.0,0.0,2.0,0.0,0.0,0.0,0.0,0.0,0.0,0.0,1.0,1.0,0.0,0.0,1.0,0.0,0.0,3.0,0.0,1.0,0.0,1.0,0.0,0.0,2.0,1.0,0.0,0.0,1.0,4.0,1.0,1.0,0.0
0.0,0.0,0.0,4.0,2.0,0.0,2.0,0.0,0.0,0.0,0.0,0.0,0.0,2.0,0.0,4.0,2.0,2.0,4.0,0.0,0.0,0.0,0.0,0.0,2.0,0.0,0.0,0.0,0.0,0.0,0.0,0.0,0.0,0.0,0.0,0.0,4.0,0.0,0.0,2.0,0.0,0.0,0.0,0.0,2.0,0.0,2.0,0.0,4.0,0.0,0.0,0.0,0.0,0.0,0.0,0.0,0.0,0.0,4.0,0.0,0.0,0.0,0.0,0.0,0.0,2.0,6.0,0.0,0.0,0.0,4.0,4.0,0.0,0.0,0.0,0.0,2.0,0.0,0.0,0.0,0.0,0.0,4.0,0.0,0.0,2.0,0.0,0.0,0.0,0.0,0.0,0.0,0.0,0.0,2.0,0.0,0.0,0.0,0.0,0.0,0.0,4.0,0.0,0.0,0.0,4.0,0.0,0.0,0.0,0.0,2.0,0.0,0.0,0.0,2.0,0.0,0.0,2.0,2.0,0.0,0.0,0.0,0.0,4.0,0.0,0.0,0.0,0.0,0.0,0.0,2.0,0.0,0.0,0.0,0.0,0.0,0.0,0.0,0.0,2.0,0.0,0.0,0.0,0.0,0.0,0.0,0.0,0.0,0.0,0.0,0.0,2.0,0.0,0.0,2.0,0.0,4.0,0.0,0.0,0.0,2.0,4.0,2.0,0.0,0.0,0.0,0.0,0.0,0.0,0.0,0.0,4.0,0.0,0.0,0.0,0.0,0.0,0.0,0.0,0.0,0.0,0.0,0.0,0.0,0.0,0.0,0.0,0.0,2.0,0.0,0.0,2.0,2.0,0.0,0.0,0.0,0.0,8.0,2.0,4.0,0.0,0.0,0.0,2.0,0.0,0.0,2.0,0.0,0.0,0.0,0.0,2.0,0.0,2.0,2.0,0.0,6.0,0.0,0.0,0.0,8.0,0.0,0.0,0.0,4.0,0.0,0.0,0.0,2.0,0.0,2.0,0.0,0.0,0.0,0.0,0.0,0.0,2.0,0.0,0.0,0.0,0.0,0.0,2.0,0.0,0.0,4.0,0.0,0.0,0.0,0.0,0.0,0.0,2.0,6.0,0.0,4.0,2.0,0.0,0.0,4.0,2.0,2.0,0.0,0.0,0.0,0.0,0.0,2.0,0.0,0.0,0.0,0.0,0.0,2.0,4.0,0.0,0.0,0.0,0.0,0.0,0.0,0.0,0.0,0.0,0.0,0.0,0.0,0.0,0.0,0.0,0.0,0.0,2.0,4.0,0.0,0.0,0.0,0.0,0.0,0.0,0.0,0.0,0.0,0.0,0.0,0.0,0.0,0.0,0.0,0.0,0.0,0.0,0.0,0.0,0.0,0.0,0.0,0.0,0.0,0.0,0.0,0.0,0.0,0.0,0.0,0.0,0.0,2.0,2.0,0.0,0.0,0.0
1.0,0.0,4.0,8.0,2.0,0.0,2.0,0.0,0.0,0.0,0.0,2.0,6.0,5.0,0.0,2.0,17.0,0.0,3.0,2.0,0.0,0.0,1.0,0.0,0.0,0.0,0.0,0.0,2.0,0.0,1.0,2.0,8.0,1.0,2.0,1.0,3.0,0.0,2.0,0.0,1.0,0.0,0.0,1.0,1.0,0.0,3.0,7.0,8.0,0.0,2.0,1.0,0.0,4.0,0.0,2.0,5.0,3.0,0.0,6.0,0.0,0.0,1.0,0.0,0.0,4.0,8.0,1.0,0.0,2.0,6.0,9.0,0.0,0.0,0.0,1.0,0.0,4.0,0.0,1.0,2.0,0.0,0.0,0.0,2.0,2.0,0.0,1.0,0.0,0.0,3.0,0.0,4.0,0.0,0.0,2.0,4.0,0.0,0.0,0.0,0.0,6.0,1.0,0.0,0.0,5.0,0.0,2.0,6.0,0.0,0.0,4.0,0.0,1.0,0.0,0.0,0.0,3.0,2.0,0.0,0.0,4.0,3.0,0.0,0.0,3.0,2.0,0.0,0.0,1.0,0.0,0.0,1.0,0.0,0.0,0.0,0.0,3.0,0.0,4.0,0.0,0.0,1.0,0.0,5.0,0.0,0.0,1.0,1.0,0.0,0.0,6.0,2.0,3.0,2.0,2.0,7.0,0.0,2.0,0.0,3.0,0.0,2.0,3.0,0.0,0.0,0.0,0.0,0.0,0.0,0.0,3.0,0.0,0.0,2.0,8.0,0.0,2.0,0.0,0.0,2.0,1.0,3.0,1.0,1.0,0.0,0.0,2.0,1.0,0.0,0.0,0.0,3.0,3.0,0.0,6.0,0.0,6.0,7.0,3.0,0.0,0.0,3.0,1.0,3.0,1.0,2.0,7.0,0.0,2.0,1.0,2.0,2.0,4.0,0.0,2.0,8.0,2.0,3.0,0.0,7.0,2.0,0.0,1.0,0.0,0.0,0.0,1.0,2.0,1.0,7.0,5.0,7.0,1.0,0.0,0.0,0.0,1.0,0.0,0.0,1.0,0.0,0.0,1.0,4.0,2.0,3.0,4.0,0.0,0.0,0.0,0.0,3.0,8.0,5.0,0.0,4.0,9.0,0.0,1.0,8.0,1.0,2.0,0.0,0.0,0.0,1.0,0.0,8.0,2.0,2.0,2.0,2.0,0.0,2.0,2.0,0.0,0.0,1.0,0.0,0.0,0.0,4.0,1.0,0.0,0.0,0.0,2.0,3.0,0.0,0.0,1.0,1.0,0.0,2.0,0.0,0.0,6.0,0.0,0.0,0.0,0.0,2.0,0.0,0.0,0.0,0.0,0.0,0.0,0.0,1.0,1.0,0.0,0.0,1.0,0.0,0.0,0.0,0.0,0.0,0.0,1.0,0.0,0.0,0.0,0.0,0.0,0.0,2.0,1.0,1.0,1.0,0.0
0.0,1.0,2.0,0.0,0.0,0.0,0.0,0.0,0.0,0.0,0.0,1.0,0.0,1.0,0.0,0.0,2.0,1.0,0.0,0.0,0.0,0.0,0.0,0.0,0.0,0.0,1.0,0.0,1.0,0.0,0.0,0.0,0.0,0.0,1.0,0.0,3.0,0.0,1.0,1.0,0.0,0.0,0.0,0.0,0.0,0.0,1.0,0.0,0.0,0.0,0.0,0.0,0.0,2.0,0.0,1.0,0.0,0.0,0.0,0.0,1.0,0.0,0.0,0.0,1.0,0.0,1.0,0.0,1.0,0.0,0.0,0.0,0.0,0.0,0.0,0.0,0.0,0.0,0.0,0.0,0.0,0.0,0.0,0.0,0.0,0.0,0.0,0.0,0.0,0.0,0.0,0.0,0.0,0.0,0.0,0.0,0.0,0.0,0.0,0.0,0.0,3.0,0.0,0.0,0.0,1.0,0.0,1.0,1.0,1.0,0.0,0.0,0.0,0.0,0.0,0.0,0.0,0.0,3.0,0.0,1.0,1.0,1.0,0.0,0.0,0.0,0.0,0.0,0.0,2.0,0.0,0.0,0.0,0.0,0.0,0.0,0.0,1.0,0.0,1.0,0.0,0.0,0.0,0.0,0.0,0.0,0.0,0.0,0.0,0.0,0.0,0.0,1.0,0.0,0.0,0.0,0.0,0.0,0.0,0.0,1.0,1.0,0.0,0.0,0.0,0.0,0.0,0.0,0.0,0.0,1.0,2.0,0.0,0.0,1.0,1.0,0.0,0.0,0.0,0.0,1.0,0.0,0.0,0.0,0.0,0.0,0.0,0.0,0.0,0.0,0.0,0.0,1.0,0.0,0.0,0.0,0.0,2.0,0.0,0.0,2.0,0.0,0.0,0.0,1.0,0.0,1.0,0.0,0.0,0.0,1.0,0.0,0.0,0.0,0.0,0.0,1.0,0.0,1.0,0.0,2.0,0.0,0.0,0.0,3.0,0.0,0.0,0.0,0.0,0.0,1.0,0.0,1.0,0.0,0.0,0.0,0.0,0.0,0.0,0.0,0.0,0.0,0.0,0.0,0.0,0.0,2.0,0.0,0.0,0.0,0.0,0.0,0.0,1.0,2.0,0.0,0.0,1.0,0.0,1.0,1.0,0.0,0.0,0.0,0.0,0.0,0.0,0.0,0.0,0.0,0.0,0.0,0.0,0.0,2.0,2.0,0.0,0.0,0.0,0.0,0.0,0.0,0.0,0.0,0.0,0.0,0.0,0.0,0.0,0.0,0.0,0.0,0.0,0.0,0.0,0.0,0.0,0.0,0.0,0.0,0.0,0.0,1.0,0.0,0.0,0.0,0.0,0.0,0.0,0.0,0.0,0.0,0.0,0.0,0.0,0.0,0.0,0.0,0.0,0.0,0.0,0.0,0.0,0.0,0.0,0.0,0.0,0.0,0.0,2.0,0.0,0.0,0.0
0.0,2.0,3.0,6.0,3.0,0.0,0.0,1.0,0.0,0.0,0.0,3.0,2.0,5.0,0.0,2.0,12.0,2.0,0.0,0.0,0.0,3.0,0.0,0.0,0.0,1.0,0.0,0.0,1.0,0.0,0.0,0.0,5.0,0.0,1.0,0.0,6.0,0.0,3.0,3.0,1.0,0.0,0.0,0.0,0.0,0.0,1.0,0.0,12.0,0.0,0.0,0.0,1.0,3.0,0.0,1.0,3.0,0.0,0.0,0.0,0.0,3.0,0.0,0.0,2.0,1.0,4.0,0.0,1.0,0.0,6.0,5.0,0.0,0.0,1.0,0.0,0.0,0.0,0.0,0.0,0.0,0.0,0.0,2.0,0.0,1.0,0.0,1.0,0.0,0.0,0.0,1.0,1.0,1.0,0.0,0.0,1.0,0.0,0.0,2.0,2.0,7.0,0.0,0.0,1.0,1.0,0.0,2.0,1.0,2.0,2.0,4.0,1.0,3.0,0.0,0.0,3.0,0.0,5.0,2.0,0.0,5.0,2.0,1.0,1.0,0.0,0.0,4.0,0.0,2.0,1.0,0.0,0.0,0.0,1.0,0.0,0.0,2.0,0.0,1.0,2.0,0.0,1.0,1.0,2.0,0.0,1.0,1.0,0.0,0.0,0.0,5.0,0.0,2.0,1.0,1.0,1.0,0.0,0.0,0.0,6.0,1.0,0.0,1.0,0.0,0.0,3.0,0.0,0.0,0.0,0.0,2.0,0.0,0.0,1.0,5.0,0.0,1.0,1.0,1.0,2.0,0.0,6.0,3.0,2.0,0.0,0.0,3.0,0.0,0.0,1.0,1.0,5.0,4.0,0.0,0.0,0.0,3.0,1.0,0.0,1.0,0.0,1.0,1.0,0.0,0.0,1.0,4.0,0.0,0.0,2.0,1.0,0.0,1.0,0.0,0.0,2.0,0.0,2.0,0.0,7.0,0.0,1.0,0.0,4.0,1.0,0.0,0.0,1.0,1.0,1.0,3.0,0.0,0.0,2.0,1.0,0.0,0.0,0.0,0.0,0.0,2.0,2.0,2.0,0.0,0.0,6.0,2.0,0.0,0.0,0.0,1.0,1.0,2.0,3.0,0.0,3.0,3.0,0.0,4.0,3.0,0.0,0.0,1.0,1.0,0.0,2.0,1.0,1.0,1.0,0.0,0.0,0.0,0.0,0.0,6.0,2.0,0.0,0.0,0.0,0.0,0.0,1.0,1.0,0.0,0.0,0.0,0.0,0.0,0.0,0.0,1.0,2.0,0.0,2.0,0.0,0.0,2.0,0.0,0.0,0.0,0.0,0.0,0.0,0.0,0.0,0.0,0.0,3.0,0.0,0.0,0.0,0.0,0.0,0.0,0.0,0.0,1.0,0.0,2.0,0.0,0.0,2.0,0.0,0.0,0.0,0.0,0.0,0.0,2.0,0.0,0.0,0.0
0.0,1.0,7.0,12.0,2.0,0.0,0.0,1.0,0.0,0.0,1.0,2.0,2.0,3.0,0.0,3.0,22.0,3.0,2.0,0.0,0.0,0.0,1.0,0.0,0.0,0.0,0.0,0.0,3.0,0.0,1.0,0.0,12.0,1.0,3.0,1.0,5.0,0.0,4.0,0.0,2.0,1.0,0.0,1.0,5.0,0.0,8.0,2.0,9.0,1.0,2.0,2.0,0.0,5.0,0.0,2.0,3.0,1.0,0.0,1.0,0.0,0.0,6.0,0.0,2.0,5.0,11.0,2.0,0.0,0.0,13.0,7.0,2.0,0.0,0.0,1.0,0.0,1.0,0.0,1.0,0.0,0.0,1.0,0.0,0.0,3.0,0.0,0.0,0.0,0.0,1.0,2.0,1.0,0.0,0.0,0.0,0.0,0.0,0.0,0.0,1.0,5.0,1.0,1.0,0.0,1.0,0.0,1.0,6.0,2.0,0.0,2.0,0.0,0.0,0.0,0.0,2.0,3.0,4.0,0.0,2.0,1.0,1.0,0.0,0.0,1.0,0.0,0.0,0.0,3.0,3.0,1.0,2.0,1.0,0.0,0.0,0.0,3.0,1.0,5.0,1.0,0.0,3.0,0.0,0.0,0.0,0.0,2.0,1.0,0.0,0.0,4.0,0.0,4.0,4.0,2.0,7.0,0.0,0.0,1.0,6.0,1.0,1.0,3.0,1.0,0.0,0.0,0.0,0.0,1.0,0.0,4.0,0.0,0.0,4.0,6.0,0.0,2.0,0.0,0.0,0.0,1.0,8.0,4.0,4.0,0.0,0.0,3.0,0.0,0.0,0.0,1.0,2.0,5.0,0.0,4.0,0.0,8.0,4.0,1.0,0.0,2.0,0.0,0.0,6.0,2.0,2.0,6.0,0.0,4.0,5.0,4.0,0.0,2.0,1.0,0.0,10.0,2.0,4.0,2.0,2.0,1.0,1.0,1.0,3.0,0.0,0.0,0.0,6.0,1.0,11.0,3.0,5.0,1.0,0.0,0.0,3.0,1.0,0.0,0.0,0.0,0.0,1.0,3.0,4.0,2.0,2.0,1.0,0.0,0.0,3.0,2.0,0.0,3.0,3.0,0.0,1.0,9.0,0.0,4.0,5.0,1.0,0.0,1.0,1.0,0.0,1.0,0.0,1.0,0.0,1.0,2.0,0.0,0.0,1.0,3.0,0.0,0.0,0.0,0.0,2.0,3.0,0.0,2.0,0.0,0.0,0.0,0.0,1.0,0.0,0.0,0.0,0.0,0.0,0.0,0.0,1.0,5.0,0.0,0.0,1.0,0.0,2.0,0.0,1.0,1.0,0.0,0.0,0.0,0.0,1.0,1.0,1.0,0.0,0.0,0.0,0.0,0.0,1.0,0.0,0.0,1.0,0.0,0.0,0.0,0.0,0.0,0.0,0.0,4.0,1.0,1.0,0.0
0.0,2.0,5.0,4.0,0.0,0.0,1.0,0.0,0.0,0.0,0.0,2.0,0.0,1.0,0.0,3.0,13.0,0.0,1.0,0.0,0.0,0.0,1.0,0.0,0.0,0.0,0.0,2.0,1.0,2.0,0.0,0.0,4.0,0.0,1.0,0.0,8.0,0.0,8.0,0.0,1.0,2.0,1.0,0.0,0.0,0.0,1.0,1.0,8.0,0.0,0.0,0.0,0.0,0.0,0.0,1.0,0.0,0.0,0.0,0.0,0.0,0.0,0.0,2.0,0.0,1.0,1.0,0.0,1.0,0.0,6.0,8.0,0.0,0.0,0.0,0.0,0.0,0.0,0.0,0.0,0.0,0.0,1.0,0.0,0.0,2.0,0.0,1.0,1.0,1.0,0.0,0.0,0.0,0.0,1.0,1.0,0.0,0.0,0.0,0.0,0.0,1.0,0.0,0.0,0.0,0.0,0.0,4.0,3.0,2.0,0.0,0.0,0.0,0.0,0.0,0.0,1.0,1.0,1.0,3.0,0.0,2.0,0.0,0.0,0.0,3.0,0.0,1.0,0.0,2.0,1.0,0.0,0.0,1.0,0.0,2.0,0.0,4.0,0.0,1.0,1.0,0.0,0.0,0.0,0.0,1.0,1.0,0.0,0.0,1.0,0.0,4.0,1.0,3.0,2.0,0.0,2.0,1.0,0.0,0.0,4.0,0.0,0.0,0.0,0.0,2.0,0.0,0.0,0.0,0.0,1.0,3.0,1.0,0.0,2.0,1.0,1.0,0.0,0.0,0.0,3.0,1.0,3.0,1.0,0.0,1.0,0.0,0.0,0.0,0.0,1.0,1.0,6.0,7.0,0.0,4.0,1.0,6.0,2.0,1.0,0.0,1.0,0.0,0.0,2.0,1.0,0.0,5.0,0.0,1.0,4.0,2.0,0.0,1.0,1.0,1.0,2.0,0.0,2.0,1.0,2.0,1.0,2.0,0.0,1.0,1.0,0.0,1.0,3.0,0.0,6.0,2.0,3.0,2.0,0.0,1.0,2.0,0.0,0.0,1.0,0.0,3.0,4.0,4.0,2.0,0.0,1.0,1.0,0.0,0.0,1.0,1.0,0.0,1.0,0.0,0.0,1.0,0.0,0.0,5.0,1.0,0.0,0.0,0.0,0.0,1.0,0.0,0.0,1.0,0.0,1.0,1.0,0.0,0.0,0.0,0.0,0.0,0.0,0.0,1.0,3.0,1.0,3.0,0.0,0.0,0.0,0.0,0.0,0.0,0.0,0.0,0.0,0.0,0.0,0.0,0.0,0.0,1.0,1.0,0.0,0.0,0.0,0.0,0.0,0.0,0.0,1.0,0.0,0.0,1.0,0.0,3.0,0.0,0.0,0.0,0.0,0.0,0.0,1.0,0.0,1.0,0.0,3.0,0.0,0.0,0.0,0.0,0.0,0.0,4.0,0.0,0.0,0.0
0.0,4.0,9.0,20.0,5.0,0.0,2.0,0.0,0.0,0.0,0.0,5.0,5.0,6.0,0.0,2.0,36.0,9.0,0.0,0.0,0.0,5.0,0.0,0.0,0.0,0.0,1.0,0.0,4.0,0.0,0.0,0.0,9.0,0.0,8.0,1.0,14.0,0.0,9.0,5.0,5.0,1.0,0.0,0.0,8.0,0.0,5.0,0.0,22.0,4.0,0.0,0.0,2.0,10.0,0.0,3.0,6.0,0.0,0.0,0.0,1.0,2.0,2.0,0.0,12.0,6.0,13.0,0.0,3.0,0.0,7.0,10.0,1.0,0.0,2.0,4.0,0.0,0.0,0.0,0.0,0.0,1.0,0.0,2.0,0.0,2.0,0.0,2.0,0.0,0.0,0.0,1.0,2.0,0.0,0.0,0.0,4.0,0.0,0.0,2.0,3.0,12.0,0.0,0.0,0.0,4.0,0.0,4.0,7.0,6.0,0.0,4.0,2.0,6.0,0.0,0.0,5.0,0.0,8.0,0.0,1.0,8.0,5.0,3.0,2.0,0.0,0.0,6.0,0.0,7.0,3.0,0.0,1.0,0.0,0.0,0.0,0.0,11.0,0.0,10.0,6.0,0.0,4.0,0.0,2.0,0.0,0.0,1.0,1.0,0.0,0.0,9.0,1.0,6.0,0.0,3.0,4.0,0.0,0.0,0.0,8.0,7.0,0.0,2.0,1.0,0.0,4.0,0.0,0.0,1.0,1.0,4.0,0.0,2.0,4.0,8.0,1.0,0.0,0.0,0.0,7.0,0.0,10.0,4.0,5.0,1.0,0.0,3.0,0.0,0.0,0.0,1.0,9.0,4.0,1.0,3.0,0.0,9.0,2.0,0.0,4.0,2.0,2.0,2.0,3.0,1.0,3.0,9.0,2.0,4.0,4.0,4.0,0.0,0.0,2.0,0.0,10.0,0.0,4.0,1.0,12.0,0.0,3.0,0.0,16.0,0.0,0.0,0.0,2.0,2.0,8.0,5.0,3.0,0.0,3.0,2.0,1.0,1.0,0.0,2.0,0.0,0.0,2.0,9.0,1.0,0.0,10.0,2.0,2.0,0.0,3.0,2.0,2.0,2.0,8.0,0.0,3.0,6.0,1.0,8.0,7.0,0.0,0.0,2.0,4.0,0.0,2.0,4.0,0.0,2.0,0.0,0.0,0.0,0.0,3.0,11.0,4.0,0.0,0.0,0.0,3.0,3.0,2.0,1.0,0.0,0.0,4.0,0.0,0.0,0.0,0.0,2.0,2.0,0.0,3.0,2.0,1.0,6.0,0.0,0.0,1.0,0.0,1.0,0.0,0.0,0.0,0.0,0.0,2.0,0.0,0.0,0.0,1.0,2.0,0.0,0.0,0.0,0.0,0.0,0.0,0.0,0.0,0.0,0.0,0.0,0.0,0.0,0.0,0.0,9.0,0.0,0.0,0.0
2.0,6.0,19.0,33.0,6.0,1.0,2.0,1.0,0.0,2.0,0.0,10.0,9.0,12.0,0.0,8.0,66.0,10.0,4.0,2.0,0.0,2.0,2.0,3.0,1.0,1.0,2.0,2.0,3.0,2.0,0.0,3.0,18.0,3.0,13.0,6.0,28.0,0.0,23.0,4.0,7.0,4.0,1.0,0.0,13.0,3.0,14.0,7.0,41.0,2.0,0.0,2.0,6.0,10.0,1.0,9.0,11.0,3.0,2.0,4.0,0.0,1.0,5.0,1.0,6.0,29.0,24.0,1.0,5.0,2.0,39.0,22.0,6.0,1.0,0.0,2.0,1.0,9.0,0.0,1.0,2.0,1.0,7.0,1.0,2.0,7.0,0.0,1.0,0.0,1.0,2.0,2.0,6.0,0.0,4.0,3.0,5.0,1.0,1.0,2.0,3.0,22.0,0.0,1.0,0.0,12.0,0.0,5.0,15.0,10.0,2.0,9.0,2.0,5.0,1.0,1.0,4.0,5.0,15.0,7.0,1.0,14.0,4.0,5.0,1.0,3.0,2.0,4.0,0.0,11.0,11.0,1.0,1.0,1.0,0.0,2.0,0.0,10.0,0.0,14.0,7.0,1.0,5.0,1.0,8.0,0.0,2.0,3.0,3.0,1.0,0.0,9.0,5.0,18.0,9.0,7.0,25.0,0.0,2.0,4.0,16.0,9.0,4.0,1.0,2.0,3.0,3.0,2.0,0.0,3.0,0.0,13.0,1.0,2.0,10.0,24.0,2.0,0.0,3.0,1.0,7.0,0.0,24.0,14.0,6.0,3.0,1.0,4.0,3.0,0.0,1.0,8.0,11.0,24.0,1.0,14.0,1.0,27.0,15.0,5.0,1.0,7.0,3.0,2.0,10.0,3.0,11.0,27.0,2.0,6.0,14.0,12.0,5.0,6.0,3.0,3.0,27.0,0.0,11.0,6.0,23.0,5.0,4.0,0.0,15.0,1.0,0.0,1.0,13.0,5.0,26.0,12.0,16.0,6.0,3.0,2.0,6.0,3.0,0.0,3.0,2.0,3.0,4.0,11.0,10.0,1.0,15.0,6.0,0.0,1.0,9.0,6.0,3.0,13.0,15.0,0.0,19.0,16.0,1.0,18.0,22.0,3.0,1.0,3.0,2.0,1.0,7.0,2.0,11.0,3.0,3.0,4.0,2.0,0.0,4.0,16.0,4.0,1.0,0.0,1.0,7.0,7.0,5.0,3.0,1.0,1.0,0.0,2.0,2.0,1.0,0.0,1.0,1.0,1.0,4.0,0.0,2.0,15.0,1.0,1.0,1.0,1.0,0.0,0.0,0.0,2.0,1.0,0.0,2.0,2.0,0.0,3.0,2.0,2.0,2.0,0.0,0.0,3.0,5.0,2.0,1.0,0.0,3.0,1.0,3.0,0.0,1.0,0.0,3.0,16.0,0.0,0.0,1.0
4.0,21.0,60.0,96.0,17.0,1.0,15.0,3.0,2.0,1.0,2.0,25.0,18.0,36.0,1.0,38.0,194.0,22.0,25.0,1.0,2.0,8.0,8.0,0.0,6.0,2.0,5.0,5.0,26.0,10.0,9.0,1.0,92.0,10.0,21.0,3.0,82.0,3.0,59.0,13.0,13.0,12.0,1.0,6.0,25.0,1.0,47.0,19.0,107.0,4.0,12.0,7.0,9.0,37.0,0.0,25.0,30.0,9.0,6.0,8.0,1.0,4.0,11.0,1.0,13.0,24.0,135.0,10.0,8.0,2.0,93.0,94.0,6.0,0.0,3.0,11.0,3.0,10.0,0.0,7.0,1.0,7.0,14.0,3.0,1.0,32.0,4.0,2.0,0.0,1.0,14.0,5.0,13.0,1.0,8.0,13.0,10.0,1.0,1.0,3.0,5.0,56.0,6.0,2.0,1.0,24.0,2.0,19.0,45.0,20.0,5.0,26.0,3.0,10.0,3.0,1.0,10.0,46.0,60.0,16.0,5.0,32.0,19.0,15.0,2.0,9.0,1.0,13.0,3.0,31.0,16.0,1.0,6.0,4.0,4.0,2.0,2.0,25.0,1.0,41.0,10.0,1.0,9.0,6.0,12.0,0.0,3.0,10.0,3.0,2.0,3.0,56.0,5.0,40.0,39.0,19.0,47.0,0.0,1.0,7.0,63.0,23.0,6.0,36.0,3.0,6.0,10.0,1.0,1.0,8.0,1.0,55.0,8.0,6.0,33.0,81.0,3.0,18.0,5.0,2.0,18.0,11.0,55.0,34.0,25.0,18.0,6.0,18.0,14.0,2.0,6.0,17.0,49.0,60.0,5.0,26.0,1.0,73.0,38.0,23.0,4.0,9.0,6.0,5.0,39.0,9.0,29.0,48.0,9.0,21.0,34.0,32.0,1.0,9.0,7.0,3.0,82.0,12.0,30.0,5.0,71.0,4.0,6.0,6.0,53.0,1.0,2.0,1.0,33.0,18.0,83.0,33.0,42.0,14.0,10.0,7.0,14.0,5.0,1.0,9.0,4.0,5.0,24.0,46.0,26.0,17.0,38.0,17.0,4.0,0.0,13.0,6.0,3.0,37.0,42.0,5.0,33.0,86.0,2.0,36.0,61.0,17.0,3.0,8.0,10.0,7.0,18.0,5.0,17.0,4.0,3.0,13.0,3.0,2.0,10.0,37.0,5.0,0.0,0.0,1.0,12.0,10.0,17.0,10.0,0.0,0.0,4.0,1.0,7.0,1.0,0.0,5.0,3.0,3.0,13.0,2.0,2.0,31.0,6.0,2.0,2.0,1.0,18.0,3.0,1.0,3.0,4.0,1.0,8.0,2.0,6.0,11.0,3.0,6.0,4.0,3.0,1.0,5.0,8.0,3.0,1.0,12.0,5.0,1.0,0.0,2.0,1.0,1.0,6.0,40.0,6.0,6.0,1.0
0.0,1.0,7.0,7.0,1.0,0.0,0.0,1.0,0.0,0.0,1.0,3.0,1.0,2.0,0.0,2.0,15.0,0.0,2.0,0.0,0.0,0.0,1.0,0.0,0.0,0.0,0.0,1.0,3.0,1.0,1.0,0.0,12.0,1.0,1.0,1.0,6.0,0.0,5.0,0.0,0.0,0.0,0.0,1.0,3.0,0.0,5.0,2.0,7.0,0.0,2.0,1.0,0.0,2.0,0.0,1.0,1.0,1.0,0.0,1.0,0.0,0.0,2.0,0.0,0.0,1.0,10.0,4.0,0.0,0.0,10.0,9.0,0.0,0.0,0.0,2.0,0.0,0.0,0.0,2.0,0.0,0.0,1.0,0.0,0.0,3.0,1.0,0.0,0.0,0.0,1.0,0.0,1.0,0.0,2.0,0.0,1.0,0.0,0.0,0.0,0.0,4.0,1.0,1.0,0.0,1.0,1.0,1.0,6.0,0.0,0.0,2.0,0.0,0.0,0.0,0.0,1.0,4.0,2.0,2.0,2.0,1.0,1.0,1.0,0.0,1.0,0.0,0.0,0.0,2.0,0.0,1.0,1.0,1.0,0.0,0.0,0.0,2.0,1.0,5.0,0.0,0.0,1.0,2.0,1.0,0.0,0.0,1.0,1.0,0.0,0.0,5.0,1.0,4.0,3.0,3.0,4.0,0.0,0.0,0.0,3.0,0.0,2.0,3.0,0.0,2.0,1.0,0.0,0.0,0.0,0.0,4.0,0.0,0.0,3.0,5.0,0.0,2.0,0.0,1.0,0.0,1.0,6.0,2.0,1.0,3.0,0.0,2.0,1.0,0.0,0.0,4.0,4.0,7.0,0.0,4.0,0.0,8.0,4.0,1.0,0.0,0.0,0.0,0.0,4.0,1.0,4.0,5.0,0.0,2.0,3.0,3.0,0.0,2.0,0.0,0.0,6.0,2.0,4.0,0.0,2.0,0.0,0.0,1.0,3.0,0.0,0.0,0.0,4.0,2.0,7.0,4.0,4.0,1.0,2.0,0.0,2.0,0.0,0.0,1.0,0.0,1.0,2.0,3.0,3.0,2.0,1.0,1.0,0.0,0.0,1.0,0.0,0.0,5.0,2.0,0.0,1.0,9.0,0.0,3.0,4.0,1.0,0.0,1.0,1.0,0.0,1.0,0.0,2.0,0.0,1.0,3.0,0.0,0.0,0.0,1.0,0.0,0.0,0.0,0.0,1.0,1.0,1.0,2.0,0.0,0.0,0.0,0.0,1.0,1.0,0.0,0.0,0.0,0.0,0.0,0.0,0.0,2.0,0.0,0.0,0.0,0.0,2.0,0.0,1.0,1.0,0.0,0.0,0.0,0.0,1.0,2.0,0.0,0.0,0.0,0.0,0.0,0.0,0.0,0.0,0.0,1.0,1.0,1.0,0.0,0.0,1.0,0.0,0.0,2.0,1.0,1.0,0.0
0.0,5.0,21.0,8.0,1.0,2.0,0.0,1.0,1.0,2.0,0.0,7.0,2.0,5.0,0.0,12.0,40.0,4.0,2.0,0.0,0.0,4.0,1.0,4.0,1.0,3.0,1.0,2.0,1.0,1.0,0.0,0.0,10.0,2.0,10.0,0.0,18.0,0.0,15.0,3.0,3.0,0.0,0.0,0.0,2.0,0.0,3.0,1.0,17.0,2.0,0.0,0.0,0.0,5.0,0.0,2.0,3.0,2.0,0.0,0.0,1.0,1.0,0.0,1.0,3.0,5.0,8.0,0.0,15.0,1.0,20.0,8.0,0.0,2.0,1.0,0.0,0.0,4.0,0.0,0.0,0.0,2.0,3.0,1.0,0.0,8.0,0.0,1.0,1.0,0.0,1.0,1.0,0.0,1.0,0.0,2.0,0.0,0.0,0.0,1.0,1.0,14.0,0.0,0.0,1.0,6.0,0.0,6.0,9.0,7.0,4.0,4.0,0.0,0.0,0.0,0.0,2.0,3.0,9.0,6.0,1.0,8.0,4.0,3.0,0.0,1.0,0.0,1.0,0.0,14.0,11.0,0.0,0.0,1.0,1.0,1.0,0.0,5.0,0.0,6.0,5.0,2.0,0.0,0.0,1.0,1.0,1.0,1.0,0.0,1.0,0.0,8.0,2.0,5.0,5.0,1.0,5.0,1.0,0.0,0.0,6.0,3.0,0.0,3.0,1.0,2.0,5.0,2.0,0.0,2.0,2.0,11.0,2.0,4.0,7.0,6.0,5.0,1.0,5.0,1.0,3.0,1.0,10.0,5.0,1.0,3.0,0.0,2.0,0.0,0.0,2.0,2.0,7.0,22.0,2.0,2.0,0.0,11.0,7.0,0.0,2.0,2.0,0.0,0.0,3.0,0.0,14.0,10.0,7.0,4.0,9.0,10.0,4.0,1.0,4.0,1.0,19.0,0.0,7.0,0.0,18.0,0.0,1.0,0.0,12.0,4.0,0.0,0.0,6.0,2.0,8.0,7.0,6.0,1.0,3.0,4.0,2.0,0.0,1.0,6.0,3.0,3.0,6.0,4.0,4.0,0.0,13.0,4.0,0.0,0.0,0.0,7.0,0.0,7.0,10.0,0.0,6.0,4.0,2.0,5.0,7.0,5.0,0.0,3.0,3.0,0.0,3.0,1.0,1.0,1.0,0.0,2.0,0.0,0.0,2.0,12.0,2.0,2.0,0.0,0.0,2.0,2.0,4.0,1.0,2.0,0.0,0.0,0.0,0.0,0.0,0.0,0.0,1.0,0.0,3.0,0.0,0.0,4.0,1.0,1.0,0.0,0.0,1.0,0.0,0.0,0.0,0.0,0.0,3.0,1.0,0.0,0.0,1.0,6.0,3.0,0.0,0.0,5.0,0.0,4.0,0.0,0.0,3.0,0.0,4.0,0.0,0.0,1.0,0.0,19.0,0.0,0.0,0.0
0.0,0.0,3.0,1.0,0.0,0.0,0.0,0.0,0.0,0.0,0.0,1.0,2.0,2.0,0.0,0.0,9.0,1.0,1.0,1.0,0.0,0.0,0.0,0.0,1.0,0.0,0.0,0.0,0.0,0.0,0.0,1.0,2.0,0.0,1.0,0.0,1.0,0.0,1.0,0.0,0.0,0.0,0.0,0.0,0.0,0.0,0.0,3.0,1.0,0.0,0.0,0.0,0.0,0.0,0.0,1.0,2.0,1.0,0.0,2.0,0.0,0.0,0.0,0.0,0.0,2.0,2.0,0.0,1.0,2.0,4.0,3.0,0.0,0.0,0.0,0.0,0.0,3.0,0.0,0.0,1.0,0.0,0.0,0.0,1.0,1.0,0.0,0.0,0.0,0.0,1.0,0.0,1.0,0.0,0.0,0.0,2.0,0.0,0.0,0.0,0.0,1.0,0.0,0.0,0.0,2.0,0.0,0.0,0.0,1.0,0.0,1.0,0.0,0.0,0.0,0.0,0.0,1.0,0.0,1.0,0.0,2.0,2.0,1.0,0.0,0.0,1.0,0.0,0.0,1.0,0.0,0.0,0.0,0.0,0.0,0.0,0.0,1.0,0.0,2.0,0.0,0.0,0.0,0.0,2.0,0.0,0.0,0.0,0.0,1.0,0.0,0.0,1.0,1.0,0.0,1.0,3.0,0.0,1.0,0.0,0.0,0.0,1.0,2.0,1.0,0.0,0.0,0.0,0.0,0.0,0.0,0.0,1.0,0.0,1.0,4.0,0.0,0.0,0.0,0.0,1.0,0.0,0.0,0.0,0.0,0.0,0.0,0.0,0.0,0.0,0.0,0.0,0.0,2.0,0.0,2.0,0.0,3.0,3.0,0.0,0.0,0.0,1.0,0.0,1.0,0.0,1.0,3.0,1.0,1.0,2.0,1.0,1.0,2.0,0.0,2.0,7.0,0.0,0.0,0.0,4.0,1.0,0.0,0.0,1.0,0.0,0.0,0.0,0.0,1.0,2.0,3.0,3.0,1.0,0.0,0.0,0.0,0.0,0.0,0.0,1.0,0.0,1.0,0.0,1.0,0.0,1.0,2.0,0.0,0.0,0.0,1.0,1.0,4.0,2.0,0.0,3.0,3.0,0.0,1.0,2.0,1.0,0.0,0.0,0.0,0.0,0.0,0.0,4.0,2.0,1.0,1.0,1.0,0.0,1.0,1.0,0.0,0.0,0.0,0.0,0.0,0.0,0.0,0.0,0.0,0.0,0.0,1.0,1.0,0.0,0.0,0.0,0.0,0.0,0.0,0.0,0.0,3.0,1.0,0.0,0.0,0.0,0.0,0.0,0.0,0.0,0.0,0.0,0.0,0.0,0.0,0.0,1.0,0.0,1.0,0.0,0.0,0.0,0.0,0.0,0.0,0.0,0.0,0.0,0.0,0.0,0.0,1.0,1.0,1.0,0.0,0.0,0.0
0.0,24.0,83.0,106.0,14.0,3.0,12.0,10.0,2.0,5.0,2.0,35.0,12.0,54.0,1.0,47.0,219.0,25.0,21.0,2.0,0.0,12.0,10.0,2.0,6.0,8.0,3.0,11.0,15.0,14.0,4.0,2.0,94.0,5.0,42.0,9.0,96.0,2.0,88.0,9.0,22.0,14.0,4.0,2.0,22.0,0.0,57.0,20.0,164.0,2.0,4.0,6.0,0.0,35.0,0.0,30.0,32.0,7.0,4.0,6.0,0.0,6.0,13.0,6.0,7.0,39.0,93.0,10.0,20.0,4.0,183.0,109.0,11.0,1.0,5.0,9.0,2.0,17.0,0.0,6.0,2.0,5.0,21.0,5.0,2.0,41.0,4.0,2.0,2.0,4.0,9.0,10.0,7.0,5.0,17.0,13.0,8.0,0.0,3.0,5.0,10.0,54.0,2.0,5.0,5.0,24.0,2.0,34.0,42.0,27.0,15.0,29.0,0.0,4.0,2.0,0.0,16.0,34.0,56.0,37.0,4.0,27.0,16.0,16.0,0.0,15.0,2.0,12.0,2.0,38.0,33.0,4.0,2.0,4.0,7.0,6.0,2.0,38.0,2.0,40.0,12.0,3.0,12.0,9.0,15.0,3.0,10.0,12.0,9.0,6.0,4.0,54.0,9.0,46.0,37.0,21.0,54.0,2.0,2.0,12.0,69.0,15.0,13.0,28.0,7.0,17.0,16.0,3.0,2.0,11.0,2.0,51.0,11.0,4.0,33.0,73.0,6.0,12.0,13.0,9.0,32.0,10.0,84.0,51.0,25.0,23.0,3.0,19.0,12.0,2.0,9.0,36.0,52.0,100.0,4.0,46.0,4.0,93.0,51.0,17.0,0.0,19.0,5.0,2.0,34.0,11.0,31.0,93.0,13.0,27.0,58.0,39.0,6.0,21.0,8.0,8.0,95.0,4.0,37.0,17.0,78.0,11.0,11.0,2.0,46.0,9.0,2.0,4.0,52.0,14.0,88.0,44.0,45.0,18.0,15.0,11.0,27.0,7.0,3.0,14.0,3.0,27.0,29.0,53.0,34.0,7.0,40.0,25.0,2.0,0.0,26.0,25.0,2.0,47.0,31.0,3.0,43.0,69.0,2.0,52.0,68.0,18.0,2.0,15.0,13.0,8.0,12.0,2.0,25.0,4.0,11.0,15.0,4.0,2.0,6.0,43.0,1.0,1.0,0.0,4.0,26.0,22.0,23.0,16.0,1.0,0.0,0.0,2.0,4.0,5.0,2.0,3.0,5.0,2.0,13.0,0.0,5.0,34.0,9.0,2.0,0.0,0.0,7.0,2.0,3.0,6.0,6.0,0.0,14.0,8.0,2.0,16.0,7.0,8.0,3.0,2.0,1.0,13.0,16.0,11.0,4.0,7.0,25.0,4.0,4.0,2.0,4.0,2.0,6.0,54.0,2.0,2.0,3.0
0.0,35.0,54.0,112.0,15.0,0.0,24.0,3.0,2.0,0.0,2.0,36.0,15.0,43.0,5.0,42.0,193.0,15.0,17.0,3.0,4.0,6.0,10.0,0.0,4.0,1.0,2.0,22.0,25.0,23.0,8.0,3.0,90.0,3.0,29.0,3.0,89.0,5.0,70.0,10.0,11.0,16.0,3.0,3.0,20.0,0.0,41.0,18.0,138.0,1.0,6.0,4.0,5.0,28.0,0.0,33.0,22.0,8.0,4.0,9.0,0.0,5.0,7.0,8.0,10.0,22.0,94.0,9.0,8.0,3.0,109.0,152.0,5.0,0.0,2.0,6.0,2.0,15.0,1.0,4.0,3.0,3.0,18.0,4.0,3.0,25.0,6.0,8.0,5.0,3.0,12.0,4.0,11.0,1.0,9.0,21.0,16.0,0.0,1.0,4.0,6.0,49.0,3.0,3.0,1.0,18.0,4.0,24.0,33.0,26.0,5.0,27.0,3.0,11.0,2.0,0.0,16.0,35.0,48.0,24.0,4.0,35.0,13.0,14.0,3.0,15.0,3.0,16.0,5.0,30.0,17.0,1.0,3.0,8.0,4.0,8.0,2.0,48.0,1.0,40.0,15.0,0.0,8.0,8.0,20.0,5.0,7.0,6.0,3.0,3.0,2.0,55.0,9.0,50.0,31.0,15.0,39.0,5.0,3.0,7.0,67.0,18.0,9.0,28.0,2.0,11.0,12.0,2.0,0.0,5.0,5.0,46.0,9.0,0.0,32.0,67.0,5.0,10.0,5.0,2.0,27.0,17.0,59.0,26.0,19.0,23.0,3.0,14.0,9.0,2.0,10.0,21.0,60.0,67.0,5.0,38.0,4.0,77.0,41.0,17.0,3.0,12.0,8.0,5.0,35.0,8.0,16.0,79.0,7.0,20.0,39.0,23.0,4.0,14.0,9.0,7.0,75.0,6.0,23.0,10.0,70.0,7.0,14.0,3.0,42.0,6.0,2.0,3.0,37.0,14.0,80.0,46.0,46.0,15.0,11.0,11.0,25.0,4.0,1.0,9.0,0.0,14.0,47.0,68.0,30.0,9.0,39.0,21.0,3.0,0.0,16.0,12.0,6.0,37.0,37.0,3.0,39.0,63.0,0.0,41.0,56.0,11.0,2.0,6.0,8.0,13.0,11.0,5.0,26.0,6.0,10.0,14.0,5.0,2.0,8.0,32.0,6.0,0.0,0.0,3.0,23.0,9.0,33.0,7.0,0.0,0.0,2.0,3.0,6.0,1.0,0.0,5.0,4.0,2.0,10.0,1.0,2.0,34.0,8.0,1.0,0.0,0.0,9.0,5.0,1.0,5.0,8.0,2.0,6.0,7.0,3.0,17.0,2.0,2.0,0.0,5.0,0.0,5.0,10.0,2.0,3.0,6.0,14.0,1.0,0.0,2.0,1.0,0.0,7.0,46.0,3.0,3.0,1.0
0.0,2.0,2.0,6.0,1.0,0.0,0.0,0.0,0.0,0.0,0.0,3.0,1.0,3.0,0.0,3.0,8.0,4.0,0.0,0.0,0.0,0.0,0.0,0.0,0.0,0.0,2.0,2.0,0.0,0.0,0.0,0.0,5.0,0.0,3.0,1.0,5.0,0.0,4.0,0.0,3.0,0.0,0.0,0.0,2.0,0.0,4.0,0.0,7.0,0.0,0.0,1.0,2.0,2.0,0.0,3.0,3.0,1.0,0.0,0.0,0.0,0.0,2.0,0.0,1.0,6.0,6.0,0.0,0.0,0.0,11.0,5.0,4.0,0.0,0.0,0.0,0.0,1.0,0.0,0.0,0.0,0.0,1.0,0.0,0.0,1.0,1.0,0.0,0.0,0.0,0.0,1.0,1.0,0.0,1.0,0.0,1.0,0.0,0.0,0.0,1.0,2.0,0.0,0.0,0.0,1.0,0.0,1.0,1.0,4.0,0.0,3.0,0.0,1.0,0.0,0.0,1.0,1.0,2.0,2.0,0.0,3.0,0.0,1.0,0.0,0.0,0.0,0.0,0.0,1.0,3.0,0.0,0.0,0.0,1.0,0.0,1.0,2.0,0.0,4.0,0.0,0.0,2.0,1.0,1.0,0.0,0.0,1.0,1.0,0.0,1.0,0.0,1.0,4.0,3.0,1.0,4.0,0.0,0.0,1.0,2.0,1.0,0.0,0.0,1.0,0.0,0.0,0.0,0.0,1.0,0.0,3.0,0.0,0.0,2.0,7.0,0.0,0.0,1.0,0.0,2.0,1.0,7.0,4.0,3.0,1.0,0.0,1.0,0.0,1.0,1.0,2.0,0.0,3.0,0.0,1.0,0.0,3.0,2.0,2.0,0.0,2.0,1.0,0.0,2.0,1.0,0.0,5.0,1.0,1.0,5.0,2.0,0.0,0.0,0.0,0.0,5.0,0.0,2.0,2.0,2.0,1.0,1.0,0.0,0.0,0.0,1.0,0.0,3.0,2.0,5.0,1.0,2.0,1.0,1.0,1.0,1.0,1.0,0.0,0.0,0.0,0.0,0.0,2.0,2.0,0.0,1.0,1.0,1.0,0.0,4.0,2.0,0.0,3.0,2.0,0.0,4.0,6.0,0.0,5.0,5.0,2.0,0.0,2.0,1.0,0.0,3.0,0.0,1.0,0.0,0.0,1.0,0.0,1.0,1.0,2.0,0.0,0.0,0.0,0.0,1.0,2.0,1.0,1.0,0.0,0.0,0.0,0.0,0.0,0.0,0.0,1.0,0.0,0.0,1.0,0.0,1.0,3.0,0.0,0.0,0.0,0.0,0.0,0.0,0.0,1.0,0.0,0.0,0.0,0.0,0.0,0.0,1.0,0.0,0.0,0.0,0.0,1.0,1.0,0.0,0.0,0.0,0.0,0.0,0.0,1.0,0.0,0.0,0.0,1.0,0.0,0.0,0.0
0.0,1.0,2.0,0.0,0.0,1.0,0.0,0.0,0.0,1.0,0.0,0.0,0.0,0.0,0.0,3.0,6.0,0.0,0.0,0.0,0.0,0.0,0.0,2.0,0.0,1.0,0.0,0.0,0.0,0.0,0.0,0.0,0.0,1.0,1.0,0.0,2.0,0.0,1.0,0.0,0.0,0.0,0.0,0.0,0.0,0.0,0.0,0.0,0.0,0.0,0.0,0.0,0.0,0.0,0.0,0.0,0.0,1.0,0.0,0.0,0.0,0.0,0.0,0.0,0.0,1.0,0.0,0.0,2.0,0.0,1.0,0.0,0.0,1.0,0.0,0.0,0.0,1.0,0.0,0.0,0.0,0.0,1.0,0.0,0.0,0.0,0.0,0.0,0.0,0.0,0.0,0.0,0.0,0.0,0.0,1.0,0.0,0.0,0.0,0.0,0.0,1.0,0.0,0.0,0.0,1.0,0.0,0.0,0.0,1.0,0.0,1.0,0.0,0.0,0.0,0.0,0.0,0.0,1.0,1.0,0.0,0.0,0.0,0.0,0.0,0.0,0.0,0.0,0.0,2.0,4.0,0.0,0.0,0.0,0.0,0.0,0.0,0.0,0.0,0.0,0.0,1.0,0.0,0.0,0.0,0.0,0.0,0.0,0.0,0.0,0.0,0.0,0.0,0.0,1.0,0.0,1.0,0.0,0.0,0.0,0.0,0.0,0.0,0.0,0.0,0.0,1.0,1.0,0.0,1.0,0.0,0.0,0.0,0.0,1.0,0.0,1.0,0.0,2.0,0.0,0.0,0.0,0.0,0.0,0.0,0.0,0.0,0.0,0.0,0.0,0.0,0.0,0.0,3.0,0.0,0.0,0.0,0.0,0.0,0.0,0.0,1.0,0.0,0.0,0.0,0.0,3.0,1.0,0.0,0.0,2.0,1.0,1.0,0.0,1.0,0.0,3.0,0.0,1.0,0.0,1.0,0.0,0.0,0.0,1.0,1.0,0.0,0.0,0.0,0.0,1.0,1.0,1.0,0.0,0.0,1.0,0.0,0.0,0.0,0.0,1.0,0.0,1.0,0.0,1.0,0.0,1.0,0.0,0.0,0.0,0.0,2.0,0.0,1.0,1.0,0.0,1.0,0.0,0.0,0.0,0.0,2.0,0.0,0.0,0.0,0.0,1.0,0.0,0.0,0.0,0.0,0.0,0.0,0.0,0.0,1.0,1.0,1.0,0.0,0.0,0.0,0.0,1.0,0.0,1.0,0.0,0.0,0.0,0.0,0.0,0.0,0.0,0.0,0.0,0.0,0.0,0.0,1.0,0.0,0.0,0.0,0.0,0.0,0.0,0.0,0.0,0.0,0.0,0.0,0.0,0.0,0.0,0.0,0.0,1.0,0.0,0.0,2.0,0.0,1.0,0.0,0.0,0.0,0.0,2.0,0.0,0.0,0.0,0.0,3.0,0.0,0.0,0.0
0.0,1.0,2.0,5.0,1.0,0.0,1.0,1.0,0.0,0.0,0.0,1.0,0.0,4.0,0.0,3.0,9.0,1.0,0.0,0.0,0.0,3.0,0.0,0.0,0.0,1.0,0.0,0.0,0.0,0.0,0.0,0.0,3.0,0.0,3.0,0.0,4.0,0.0,3.0,1.0,2.0,0.0,0.0,0.0,2.0,0.0,2.0,0.0,8.0,1.0,0.0,0.0,0.0,2.0,0.0,0.0,3.0,0.0,0.0,0.0,0.0,1.0,0.0,0.0,2.0,0.0,3.0,0.0,1.0,0.0,5.0,2.0,0.0,0.0,2.0,2.0,0.0,0.0,0.0,0.0,0.0,0.0,0.0,1.0,0.0,1.0,0.0,0.0,0.0,0.0,0.0,1.0,0.0,1.0,0.0,0.0,1.0,0.0,0.0,1.0,1.0,4.0,0.0,0.0,1.0,1.0,0.0,3.0,0.0,2.0,2.0,2.0,0.0,0.0,0.0,0.0,1.0,0.0,2.0,2.0,0.0,1.0,3.0,0.0,0.0,0.0,0.0,1.0,0.0,1.0,2.0,0.0,0.0,0.0,1.0,0.0,0.0,2.0,0.0,2.0,0.0,0.0,0.0,0.0,1.0,0.0,1.0,1.0,0.0,0.0,0.0,3.0,0.0,0.0,1.0,0.0,0.0,0.0,0.0,0.0,3.0,2.0,0.0,2.0,0.0,0.0,3.0,0.0,0.0,0.0,0.0,2.0,0.0,0.0,0.0,1.0,0.0,1.0,1.0,1.0,3.0,0.0,3.0,4.0,1.0,0.0,0.0,2.0,0.0,0.0,1.0,1.0,3.0,4.0,0.0,1.0,0.0,1.0,1.0,0.0,0.0,0.0,0.0,0.0,0.0,0.0,1.0,3.0,0.0,1.0,1.0,1.0,0.0,1.0,1.0,0.0,1.0,0.0,1.0,0.0,4.0,0.0,0.0,0.0,4.0,1.0,0.0,0.0,1.0,0.0,2.0,1.0,0.0,0.0,1.0,0.0,0.0,0.0,0.0,0.0,0.0,2.0,0.0,2.0,0.0,0.0,4.0,1.0,1.0,0.0,0.0,1.0,0.0,1.0,2.0,0.0,1.0,1.0,0.0,1.0,2.0,0.0,0.0,1.0,2.0,0.0,1.0,1.0,1.0,0.0,0.0,0.0,0.0,0.0,0.0,4.0,0.0,0.0,0.0,0.0,1.0,0.0,0.0,1.0,0.0,0.0,2.0,0.0,0.0,0.0,0.0,0.0,1.0,0.0,1.0,1.0,0.0,0.0,0.0,0.0,0.0,0.0,0.0,0.0,0.0,0.0,0.0,0.0,2.0,0.0,0.0,0.0,0.0,0.0,0.0,0.0,0.0,1.0,0.0,2.0,0.0,0.0,2.0,0.0,0.0,0.0,0.0,0.0,0.0,2.0,0.0,0.0,0.0
0.0,0.0,9.0,14.0,2.0,0.0,2.0,0.0,0.0,2.0,0.0,1.0,2.0,6.0,0.0,8.0,27.0,2.0,3.0,0.0,0.0,2.0,1.0,1.0,0.0,0.0,0.0,0.0,2.0,1.0,1.0,1.0,14.0,1.0,4.0,3.0,10.0,0.0,11.0,0.0,4.0,0.0,0.0,1.0,6.0,1.0,5.0,4.0,14.0,2.0,2.0,1.0,0.0,4.0,1.0,2.0,3.0,1.0,0.0,1.0,0.0,0.0,1.0,0.0,4.0,2.0,11.0,2.0,0.0,0.0,9.0,6.0,0.0,0.0,2.0,9.0,0.0,1.0,0.0,2.0,0.0,0.0,1.0,0.0,0.0,3.0,0.0,0.0,0.0,0.0,1.0,0.0,2.0,0.0,3.0,1.0,2.0,0.0,0.0,1.0,0.0,8.0,1.0,0.0,0.0,4.0,0.0,4.0,7.0,3.0,0.0,3.0,0.0,1.0,0.0,0.0,0.0,4.0,4.0,2.0,0.0,2.0,6.0,1.0,0.0,1.0,0.0,0.0,0.0,2.0,5.0,2.0,1.0,0.0,0.0,0.0,0.0,7.0,0.0,7.0,0.0,0.0,0.0,1.0,1.0,1.0,0.0,1.0,1.0,0.0,0.0,8.0,1.0,1.0,3.0,5.0,4.0,0.0,0.0,1.0,5.0,5.0,2.0,5.0,0.0,3.0,2.0,2.0,0.0,0.0,0.0,6.0,0.0,0.0,3.0,5.0,0.0,2.0,2.0,1.0,5.0,1.0,9.0,6.0,1.0,1.0,0.0,2.0,1.0,0.0,0.0,4.0,6.0,15.0,0.0,8.0,0.0,6.0,3.0,1.0,0.0,1.0,0.0,0.0,2.0,1.0,6.0,7.0,0.0,5.0,4.0,3.0,1.0,1.0,3.0,0.0,8.0,2.0,4.0,0.0,7.0,0.0,0.0,1.0,9.0,1.0,0.0,0.0,4.0,2.0,7.0,2.0,3.0,1.0,1.0,0.0,1.0,0.0,1.0,0.0,0.0,3.0,0.0,6.0,3.0,3.0,4.0,2.0,2.0,1.0,0.0,1.0,0.0,5.0,4.0,0.0,2.0,10.0,0.0,2.0,8.0,2.0,0.0,1.0,2.0,0.0,1.0,3.0,0.0,0.0,1.0,2.0,0.0,0.0,0.0,4.0,0.0,0.0,0.0,0.0,3.0,0.0,2.0,2.0,0.0,1.0,4.0,0.0,1.0,2.0,1.0,0.0,0.0,0.0,0.0,2.0,0.0,2.0,0.0,0.0,0.0,0.0,2.0,0.0,1.0,0.0,0.0,0.0,1.0,0.0,1.0,1.0,0.0,0.0,0.0,0.0,0.0,2.0,1.0,0.0,0.0,1.0,2.0,1.0,2.0,0.0,1.0,0.0,0.0,5.0,1.0,1.0,0.0
0.0,0.0,0.0,2.0,1.0,0.0,1.0,0.0,0.0,0.0,0.0,0.0,0.0,1.0,0.0,2.0,1.0,1.0,2.0,0.0,0.0,0.0,0.0,0.0,1.0,0.0,0.0,0.0,0.0,0.0,0.0,0.0,0.0,0.0,0.0,0.0,2.0,0.0,0.0,1.0,0.0,0.0,0.0,0.0,1.0,0.0,1.0,0.0,2.0,0.0,0.0,0.0,0.0,0.0,0.0,0.0,0.0,0.0,2.0,0.0,0.0,0.0,0.0,0.0,0.0,1.0,3.0,0.0,0.0,0.0,2.0,2.0,0.0,0.0,0.0,0.0,1.0,0.0,0.0,0.0,0.0,0.0,2.0,0.0,0.0,1.0,0.0,0.0,0.0,0.0,0.0,0.0,0.0,0.0,1.0,0.0,0.0,0.0,0.0,0.0,0.0,2.0,0.0,0.0,0.0,2.0,0.0,0.0,0.0,0.0,1.0,0.0,0.0,0.0,1.0,0.0,0.0,1.0,1.0,0.0,0.0,0.0,0.0,2.0,0.0,0.0,0.0,0.0,0.0,0.0,1.0,0.0,0.0,0.0,0.0,0.0,0.0,0.0,0.0,1.0,0.0,0.0,0.0,0.0,0.0,0.0,0.0,0.0,0.0,0.0,0.0,1.0,0.0,0.0,1.0,0.0,2.0,0.0,0.0,0.0,1.0,2.0,1.0,0.0,0.0,0.0,0.0,0.0,0.0,0.0,0.0,2.0,0.0,0.0,0.0,0.0,0.0,0.0,0.0,0.0,0.0,0.0,0.0,0.0,0.0,0.0,0.0,0.0,1.0,0.0,0.0,1.0,1.0,0.0,0.0,0.0,0.0,4.0,1.0,2.0,0.0,0.0,0.0,1.0,0.0,0.0,1.0,0.0,0.0,0.0,0.0,1.0,0.0,1.0,1.0,0.0,3.0,0.0,0.0,0.0,4.0,0.0,0.0,0.0,2.0,0.0,0.0,0.0,1.0,0.0,1.0,0.0,0.0,0.0,0.0,0.0,0.0,1.0,0.0,0.0,0.0,0.0,0.0,1.0,0.0,0.0,2.0,0.0,0.0,0.0,0.0,0.0,0.0,1.0,3.0,0.0,2.0,1.0,0.0,0.0,2.0,1.0,1.0,0.0,0.0,0.0,0.0,0.0,1.0,0.0,0.0,0.0,0.0,0.0,1.0,2.0,0.0,0.0,0.0,0.0,0.0,0.0,0.0,0.0,0.0,0.0,0.0,0.0,0.0,0.0,0.0,0.0,0.0,1.0,2.0,0.0,0.0,0.0,0.0,0.0,0.0,0.0,0.0,0.0,0.0,0.0,0.0,0.0,0.0,0.0,0.0,0.0,0.0,0.0,0.0,0.0,0.0,0.0,0.0,0.0,0.0,0.0,0.0,0.0,0.0,0.0,0.0,0.0,1.0,1.0,0.0,0.0,0.0
0.0,3.0,10.0,14.0,1.0,1.0,5.0,0.0,0.0,2.0,0.0,3.0,6.0,6.0,1.0,4.0,44.0,4.0,1.0,2.0,0.0,0.0,0.0,3.0,1.0,1.0,2.0,1.0,1.0,2.0,1.0,3.0,12.0,1.0,7.0,2.0,8.0,1.0,11.0,0.0,1.0,2.0,0.0,0.0,2.0,1.0,6.0,6.0,14.0,0.0,0.0,1.0,1.0,4.0,1.0,5.0,3.0,3.0,0.0,4.0,0.0,0.0,1.0,0.0,0.0,9.0,10.0,0.0,4.0,3.0,17.0,15.0,1.0,1.0,0.0,1.0,0.0,16.0,0.0,0.0,2.0,0.0,4.0,0.0,2.0,5.0,0.0,0.0,0.0,0.0,2.0,0.0,5.0,0.0,0.0,7.0,4.0,0.0,0.0,1.0,0.0,14.0,0.0,0.0,0.0,8.0,0.0,0.0,4.0,6.0,1.0,7.0,0.0,5.0,0.0,0.0,0.0,3.0,13.0,3.0,0.0,4.0,5.0,1.0,0.0,0.0,2.0,0.0,1.0,5.0,6.0,1.0,0.0,0.0,0.0,0.0,0.0,3.0,0.0,4.0,1.0,1.0,0.0,0.0,8.0,0.0,1.0,0.0,0.0,1.0,0.0,5.0,4.0,7.0,5.0,2.0,9.0,0.0,2.0,2.0,14.0,4.0,2.0,4.0,1.0,0.0,2.0,2.0,0.0,1.0,0.0,4.0,1.0,0.0,4.0,13.0,3.0,0.0,3.0,0.0,2.0,1.0,10.0,4.0,0.0,1.0,0.0,0.0,0.0,0.0,0.0,1.0,4.0,13.0,1.0,8.0,0.0,10.0,7.0,0.0,0.0,3.0,4.0,0.0,6.0,0.0,5.0,12.0,2.0,1.0,8.0,2.0,5.0,4.0,1.0,3.0,17.0,0.0,3.0,2.0,20.0,5.0,0.0,0.0,5.0,1.0,0.0,0.0,8.0,6.0,10.0,7.0,11.0,2.0,0.0,1.0,5.0,0.0,0.0,0.0,2.0,0.0,5.0,5.0,5.0,1.0,13.0,6.0,0.0,1.0,0.0,3.0,2.0,9.0,9.0,0.0,13.0,7.0,0.0,3.0,9.0,3.0,0.0,0.0,0.0,2.0,1.0,1.0,8.0,3.0,3.0,1.0,2.0,0.0,3.0,13.0,1.0,1.0,0.0,0.0,2.0,2.0,8.0,0.0,1.0,1.0,0.0,2.0,2.0,0.0,0.0,2.0,0.0,0.0,0.0,0.0,0.0,9.0,4.0,0.0,0.0,0.0,0.0,1.0,0.0,1.0,1.0,0.0,6.0,0.0,0.0,0.0,1.0,0.0,2.0,1.0,2.0,3.0,2.0,1.0,0.0,0.0,0.0,0.0,3.0,0.0,0.0,1.0,2.0,6.0,0.0,0.0,0.0
0.0,2.0,0.0,2.0,0.0,0.0,1.0,0.0,0.0,0.0,0.0,0.0,0.0,1.0,0.0,0.0,0.0,0.0,0.0,0.0,0.0,0.0,0.0,0.0,0.0,0.0,0.0,1.0,1.0,0.0,0.0,0.0,1.0,0.0,0.0,0.0,1.0,0.0,1.0,0.0,0.0,0.0,0.0,0.0,1.0,0.0,0.0,0.0,2.0,0.0,0.0,0.0,0.0,0.0,0.0,1.0,0.0,0.0,0.0,0.0,0.0,0.0,0.0,0.0,0.0,0.0,0.0,0.0,0.0,0.0,0.0,1.0,0.0,0.0,0.0,0.0,0.0,0.0,1.0,0.0,0.0,0.0,0.0,0.0,0.0,0.0,0.0,0.0,0.0,0.0,0.0,0.0,0.0,0.0,0.0,1.0,0.0,0.0,0.0,0.0,0.0,0.0,0.0,1.0,0.0,0.0,0.0,0.0,1.0,0.0,0.0,0.0,0.0,0.0,0.0,0.0,0.0,0.0,0.0,0.0,0.0,0.0,0.0,0.0,0.0,0.0,0.0,0.0,0.0,0.0,0.0,0.0,0.0,0.0,0.0,0.0,0.0,0.0,0.0,1.0,0.0,0.0,0.0,0.0,0.0,0.0,0.0,0.0,0.0,0.0,0.0,1.0,0.0,0.0,0.0,1.0,0.0,0.0,0.0,0.0,0.0,0.0,0.0,0.0,0.0,0.0,0.0,0.0,0.0,0.0,0.0,1.0,0.0,0.0,1.0,0.0,0.0,0.0,0.0,0.0,1.0,0.0,0.0,0.0,0.0,0.0,0.0,1.0,0.0,0.0,0.0,0.0,0.0,1.0,0.0,0.0,1.0,1.0,0.0,1.0,0.0,0.0,0.0,0.0,0.0,0.0,0.0,1.0,0.0,0.0,0.0,0.0,0.0,0.0,0.0,1.0,1.0,0.0,0.0,0.0,0.0,0.0,0.0,0.0,0.0,0.0,0.0,0.0,0.0,0.0,0.0,1.0,0.0,0.0,0.0,0.0,0.0,0.0,0.0,0.0,0.0,0.0,1.0,1.0,0.0,0.0,0.0,0.0,0.0,0.0,0.0,0.0,0.0,0.0,1.0,0.0,0.0,0.0,0.0,0.0,1.0,0.0,0.0,0.0,0.0,0.0,0.0,0.0,1.0,0.0,0.0,2.0,0.0,0.0,0.0,0.0,0.0,0.0,0.0,0.0,0.0,0.0,0.0,0.0,0.0,0.0,0.0,0.0,0.0,0.0,0.0,0.0,0.0,0.0,0.0,0.0,0.0,0.0,0.0,0.0,0.0,0.0,0.0,0.0,0.0,0.0,0.0,0.0,0.0,0.0,0.0,1.0,0.0,0.0,0.0,0.0,0.0,0.0,0.0,0.0,0.0,0.0,0.0,0.0,0.0,0.0,0.0,0.0,0.0,0.0,0.0,0.0,0.0
0.0,0.0,6.0,6.0,1.0,0.0,0.0,0.0,0.0,0.0,0.0,1.0,1.0,2.0,0.0,2.0,12.0,0.0,2.0,0.0,0.0,0.0,1.0,0.0,0.0,0.0,0.0,0.0,2.0,1.0,1.0,0.0,10.0,1.0,0.0,1.0,4.0,0.0,4.0,0.0,0.0,0.0,0.0,1.0,2.0,0.0,3.0,2.0,5.0,0.0,2.0,1.0,0.0,2.0,0.0,0.0,1.0,1.0,0.0,1.0,0.0,0.0,1.0,0.0,0.0,1.0,7.0,2.0,0.0,0.0,6.0,4.0,0.0,0.0,0.0,2.0,0.0,0.0,0.0,2.0,0.0,0.0,0.0,0.0,0.0,3.0,0.0,0.0,0.0,0.0,1.0,0.0,1.0,0.0,2.0,0.0,0.0,0.0,0.0,0.0,0.0,3.0,1.0,0.0,0.0,1.0,0.0,1.0,5.0,0.0,0.0,1.0,0.0,0.0,0.0,0.0,0.0,4.0,2.0,2.0,0.0,1.0,1.0,1.0,0.0,1.0,0.0,0.0,0.0,1.0,0.0,0.0,1.0,0.0,0.0,0.0,0.0,1.0,0.0,3.0,0.0,0.0,0.0,1.0,0.0,0.0,0.0,1.0,1.0,0.0,0.0,5.0,1.0,1.0,2.0,3.0,4.0,0.0,0.0,0.0,2.0,0.0,1.0,3.0,0.0,2.0,0.0,0.0,0.0,0.0,0.0,4.0,0.0,0.0,3.0,3.0,0.0,2.0,0.0,1.0,0.0,1.0,4.0,2.0,1.0,1.0,0.0,2.0,1.0,0.0,0.0,3.0,3.0,6.0,0.0,3.0,0.0,6.0,2.0,1.0,0.0,0.0,0.0,0.0,2.0,1.0,4.0,4.0,0.0,2.0,1.0,2.0,0.0,0.0,0.0,0.0,5.0,2.0,4.0,0.0,2.0,0.0,0.0,1.0,3.0,0.0,0.0,0.0,3.0,2.0,4.0,2.0,3.0,1.0,1.0,0.0,1.0,0.0,0.0,0.0,0.0,1.0,0.0,2.0,3.0,2.0,0.0,1.0,0.0,0.0,0.0,0.0,0.0,3.0,1.0,0.0,0.0,7.0,0.0,1.0,3.0,1.0,0.0,1.0,0.0,0.0,1.0,0.0,0.0,0.0,0.0,2.0,0.0,0.0,0.0,0.0,0.0,0.0,0.0,0.0,1.0,0.0,1.0,2.0,0.0,0.0,0.0,0.0,1.0,1.0,0.0,0.0,0.0,0.0,0.0,0.0,0.0,2.0,0.0,0.0,0.0,0.0,2.0,0.0,0.0,0.0,0.0,0.0,0.0,0.0,1.0,1.0,0.0,0.0,0.0,0.0,0.0,0.0,0.0,0.0,0.0,1.0,1.0,1.0,0.0,0.0,1.0,0.0,0.0,1.0,1.0,1.0,0.0
0.0,0.0,0.0,1.0,0.0,0.0,0.0,0.0,0.0,0.0,0.0,1.0,2.0,2.0,0.0,0.0,3.0,0.0,0.0,1.0,0.0,0.0,0.0,0.0,0.0,0.0,0.0,0.0,0.0,0.0,0.0,1.0,0.0,0.0,1.0,0.0,0.0,0.0,0.0,0.0,0.0,0.0,0.0,0.0,0.0,0.0,0.0,2.0,1.0,0.0,0.0,0.0,0.0,0.0,0.0,1.0,1.0,1.0,0.0,2.0,0.0,0.0,0.0,0.0,0.0,2.0,1.0,0.0,0.0,1.0,2.0,3.0,0.0,0.0,0.0,0.0,0.0,2.0,0.0,0.0,1.0,0.0,0.0,0.0,1.0,0.0,0.0,0.0,0.0,0.0,1.0,0.0,1.0,0.0,0.0,0.0,2.0,0.0,0.0,0.0,0.0,1.0,0.0,0.0,0.0,2.0,0.0,0.0,0.0,0.0,0.0,1.0,0.0,0.0,0.0,0.0,0.0,0.0,0.0,0.0,0.0,1.0,1.0,0.0,0.0,0.0,1.0,0.0,0.0,0.0,0.0,0.0,0.0,0.0,0.0,0.0,0.0,1.0,0.0,1.0,0.0,0.0,0.0,0.0,2.0,0.0,0.0,0.0,0.0,0.0,0.0,0.0,1.0,1.0,0.0,0.0,2.0,0.0,1.0,0.0,0.0,0.0,1.0,0.0,0.0,0.0,0.0,0.0,0.0,0.0,0.0,0.0,0.0,0.0,0.0,3.0,0.0,0.0,0.0,0.0,1.0,0.0,0.0,0.0,0.0,0.0,0.0,0.0,0.0,0.0,0.0,0.0,0.0,0.0,0.0,2.0,0.0,1.0,2.0,0.0,0.0,0.0,1.0,0.0,0.0,0.0,0.0,3.0,0.0,0.0,0.0,0.0,1.0,2.0,0.0,1.0,2.0,0.0,0.0,0.0,2.0,1.0,0.0,0.0,0.0,0.0,0.0,0.0,0.0,0.0,1.0,2.0,2.0,0.0,0.0,0.0,0.0,0.0,0.0,0.0,0.0,0.0,0.0,0.0,1.0,0.0,1.0,1.0,0.0,0.0,0.0,0.0,1.0,3.0,1.0,0.0,2.0,2.0,0.0,0.0,2.0,0.0,0.0,0.0,0.0,0.0,0.0,0.0,4.0,1.0,1.0,0.0,1.0,0.0,1.0,1.0,0.0,0.0,0.0,0.0,0.0,0.0,0.0,0.0,0.0,0.0,0.0,1.0,1.0,0.0,0.0,0.0,0.0,0.0,0.0,0.0,0.0,2.0,0.0,0.0,0.0,0.0,0.0,0.0,0.0,0.0,0.0,0.0,0.0,0.0,0.0,0.0,0.0,0.0,0.0,0.0,0.0,0.0,0.0,0.0,0.0,0.0,0.0,0.0,0.0,0.0,0.0,0.0,1.0,0.0,0.0,0.0,0.0
0.0,1.0,4.0,4.0,0.0,0.0,0.0,0.0,0.0,0.0,0.0,1.0,1.0,1.0,0.0,1.0,4.0,1.0,1.0,0.0,0.0,1.0,0.0,0.0,0.0,0.0,0.0,0.0,1.0,0.0,0.0,0.0,2.0,0.0,1.0,0.0,3.0,0.0,3.0,0.0,1.0,0.0,0.0,0.0,1.0,0.0,1.0,0.0,6.0,1.0,0.0,0.0,0.0,1.0,0.0,0.0,1.0,0.0,0.0,0.0,0.0,0.0,0.0,0.0,1.0,1.0,7.0,0.0,2.0,0.0,5.0,3.0,0.0,0.0,0.0,0.0,0.0,0.0,0.0,0.0,0.0,2.0,0.0,0.0,0.0,2.0,0.0,0.0,0.0,0.0,1.0,0.0,0.0,0.0,0.0,0.0,0.0,0.0,0.0,0.0,0.0,1.0,0.0,0.0,0.0,1.0,0.0,1.0,3.0,0.0,0.0,0.0,0.0,0.0,0.0,0.0,0.0,2.0,2.0,0.0,0.0,1.0,0.0,1.0,0.0,0.0,0.0,1.0,0.0,3.0,0.0,0.0,0.0,0.0,0.0,0.0,0.0,0.0,0.0,1.0,1.0,0.0,0.0,0.0,0.0,0.0,0.0,0.0,0.0,0.0,0.0,2.0,0.0,2.0,1.0,1.0,1.0,0.0,0.0,1.0,1.0,0.0,0.0,1.0,0.0,0.0,0.0,0.0,0.0,1.0,0.0,4.0,1.0,2.0,1.0,5.0,1.0,1.0,0.0,0.0,0.0,0.0,3.0,2.0,2.0,2.0,1.0,0.0,2.0,0.0,0.0,0.0,1.0,4.0,1.0,0.0,0.0,2.0,3.0,1.0,0.0,0.0,0.0,0.0,0.0,0.0,2.0,2.0,2.0,0.0,1.0,2.0,0.0,0.0,0.0,0.0,3.0,0.0,0.0,0.0,3.0,0.0,0.0,0.0,3.0,0.0,0.0,0.0,1.0,0.0,1.0,1.0,0.0,0.0,1.0,0.0,1.0,0.0,0.0,2.0,0.0,0.0,1.0,2.0,1.0,1.0,1.0,0.0,0.0,0.0,0.0,0.0,0.0,1.0,1.0,1.0,1.0,5.0,1.0,1.0,3.0,0.0,0.0,1.0,1.0,0.0,0.0,0.0,0.0,0.0,0.0,0.0,0.0,0.0,0.0,1.0,0.0,0.0,0.0,0.0,1.0,1.0,0.0,0.0,0.0,0.0,0.0,0.0,0.0,0.0,0.0,0.0,0.0,0.0,1.0,0.0,0.0,1.0,0.0,0.0,0.0,0.0,1.0,0.0,0.0,0.0,0.0,0.0,0.0,0.0,0.0,0.0,0.0,2.0,0.0,0.0,0.0,0.0,1.0,0.0,0.0,1.0,0.0,0.0,0.0,0.0,0.0,0.0,0.0,3.0,0.0,0.0,0.0
0.0,5.0,12.0,14.0,3.0,2.0,5.0,0.0,0.0,3.0,0.0,1.0,1.0,4.0,0.0,10.0,38.0,2.0,6.0,0.0,0.0,0.0,0.0,3.0,2.0,2.0,0.0,1.0,3.0,3.0,1.0,1.0,8.0,2.0,6.0,2.0,20.0,1.0,15.0,2.0,2.0,5.0,1.0,0.0,4.0,1.0,7.0,2.0,22.0,0.0,0.0,1.0,0.0,3.0,1.0,4.0,0.0,1.0,4.0,0.0,0.0,0.0,1.0,1.0,0.0,7.0,14.0,1.0,3.0,0.0,21.0,18.0,1.0,1.0,0.0,1.0,2.0,4.0,0.0,0.0,0.0,0.0,12.0,0.0,0.0,5.0,1.0,0.0,0.0,1.0,0.0,0.0,1.0,0.0,3.0,6.0,1.0,0.0,0.0,1.0,0.0,8.0,0.0,0.0,0.0,6.0,1.0,3.0,8.0,4.0,3.0,5.0,0.0,1.0,2.0,0.0,1.0,3.0,10.0,5.0,0.0,2.0,1.0,4.0,0.0,2.0,0.0,1.0,1.0,7.0,11.0,1.0,0.0,0.0,0.0,1.0,0.0,3.0,0.0,3.0,1.0,2.0,0.0,1.0,2.0,0.0,1.0,0.0,0.0,1.0,1.0,7.0,0.0,8.0,9.0,1.0,9.0,0.0,0.0,2.0,11.0,8.0,2.0,3.0,0.0,1.0,3.0,2.0,1.0,2.0,0.0,6.0,2.0,0.0,5.0,8.0,1.0,0.0,4.0,0.0,3.0,1.0,9.0,5.0,0.0,5.0,0.0,0.0,2.0,0.0,0.0,5.0,7.0,16.0,1.0,7.0,1.0,18.0,3.0,6.0,0.0,5.0,0.0,2.0,6.0,1.0,6.0,8.0,0.0,1.0,8.0,7.0,3.0,3.0,4.0,1.0,18.0,0.0,6.0,2.0,15.0,2.0,1.0,0.0,10.0,1.0,0.0,1.0,12.0,1.0,16.0,5.0,8.0,3.0,1.0,3.0,4.0,2.0,0.0,2.0,1.0,2.0,5.0,10.0,4.0,1.0,7.0,2.0,0.0,1.0,2.0,2.0,0.0,7.0,8.0,0.0,12.0,6.0,0.0,8.0,11.0,6.0,2.0,0.0,2.0,3.0,2.0,1.0,4.0,0.0,1.0,0.0,1.0,0.0,2.0,7.0,1.0,1.0,0.0,1.0,4.0,1.0,6.0,0.0,1.0,1.0,0.0,0.0,0.0,0.0,0.0,0.0,0.0,2.0,4.0,0.0,0.0,3.0,2.0,0.0,0.0,0.0,0.0,1.0,0.0,2.0,2.0,0.0,1.0,0.0,0.0,4.0,0.0,0.0,1.0,1.0,0.0,4.0,3.0,1.0,1.0,1.0,2.0,0.0,3.0,0.0,0.0,0.0,2.0,11.0,0.0,0.0,0.0
0.0,2.0,3.0,6.0,3.0,0.0,0.0,1.0,0.0,0.0,0.0,2.0,2.0,4.0,0.0,2.0,11.0,1.0,0.0,0.0,0.0,3.0,0.0,0.0,0.0,1.0,0.0,0.0,1.0,0.0,0.0,0.0,5.0,0.0,1.0,0.0,6.0,0.0,2.0,3.0,1.0,0.0,0.0,0.0,0.0,0.0,1.0,0.0,12.0,0.0,0.0,0.0,1.0,2.0,0.0,0.0,3.0,0.0,0.0,0.0,0.0,2.0,0.0,0.0,2.0,1.0,3.0,0.0,1.0,0.0,5.0,4.0,0.0,0.0,1.0,0.0,0.0,0.0,0.0,0.0,0.0,0.0,0.0,2.0,0.0,1.0,0.0,1.0,0.0,0.0,0.0,1.0,1.0,1.0,0.0,0.0,1.0,0.0,0.0,2.0,2.0,5.0,0.0,0.0,1.0,0.0,0.0,2.0,1.0,2.0,2.0,4.0,1.0,3.0,0.0,0.0,3.0,0.0,4.0,2.0,0.0,4.0,1.0,1.0,1.0,0.0,0.0,4.0,0.0,2.0,1.0,0.0,0.0,0.0,1.0,0.0,0.0,2.0,0.0,1.0,2.0,0.0,1.0,0.0,2.0,0.0,1.0,1.0,0.0,0.0,0.0,5.0,0.0,1.0,1.0,1.0,1.0,0.0,0.0,0.0,6.0,1.0,0.0,1.0,0.0,0.0,3.0,0.0,0.0,0.0,0.0,2.0,0.0,0.0,1.0,1.0,0.0,1.0,1.0,1.0,2.0,0.0,6.0,3.0,2.0,0.0,0.0,3.0,0.0,0.0,1.0,1.0,5.0,3.0,0.0,0.0,0.0,2.0,1.0,0.0,1.0,0.0,1.0,1.0,0.0,0.0,1.0,4.0,0.0,0.0,2.0,1.0,0.0,1.0,0.0,0.0,2.0,0.0,2.0,0.0,5.0,0.0,1.0,0.0,3.0,1.0,0.0,0.0,1.0,1.0,1.0,3.0,0.0,0.0,2.0,1.0,0.0,0.0,0.0,0.0,0.0,2.0,1.0,2.0,0.0,0.0,5.0,2.0,0.0,0.0,0.0,1.0,1.0,1.0,2.0,0.0,2.0,0.0,0.0,4.0,2.0,0.0,0.0,1.0,1.0,0.0,2.0,1.0,1.0,1.0,0.0,0.0,0.0,0.0,0.0,5.0,2.0,0.0,0.0,0.0,0.0,0.0,1.0,1.0,0.0,0.0,0.0,0.0,0.0,0.0,0.0,1.0,2.0,0.0,2.0,0.0,0.0,2.0,0.0,0.0,0.0,0.0,0.0,0.0,0.0,0.0,0.0,0.0,3.0,0.0,0.0,0.0,0.0,0.0,0.0,0.0,0.0,1.0,0.0,2.0,0.0,0.0,2.0,0.0,0.0,0.0,0.0,0.0,0.0,2.0,0.0,0.0,0.0
0.0,0.0,0.0,1.0,0.0,0.0,0.0,0.0,0.0,0.0,0.0,1.0,2.0,2.0,0.0,0.0,3.0,0.0,0.0,1.0,0.0,0.0,0.0,0.0,0.0,0.0,0.0,0.0,0.0,0.0,0.0,1.0,0.0,0.0,1.0,0.0,0.0,0.0,0.0,0.0,0.0,0.0,0.0,0.0,0.0,0.0,0.0,2.0,1.0,0.0,0.0,0.0,0.0,0.0,0.0,1.0,1.0,1.0,0.0,2.0,0.0,0.0,0.0,0.0,0.0,2.0,1.0,0.0,0.0,1.0,2.0,3.0,0.0,0.0,0.0,0.0,0.0,2.0,0.0,0.0,1.0,0.0,0.0,0.0,1.0,0.0,0.0,0.0,0.0,0.0,1.0,0.0,1.0,0.0,0.0,0.0,2.0,0.0,0.0,0.0,0.0,1.0,0.0,0.0,0.0,2.0,0.0,0.0,0.0,0.0,0.0,1.0,0.0,0.0,0.0,0.0,0.0,0.0,0.0,0.0,0.0,1.0,1.0,0.0,0.0,0.0,1.0,0.0,0.0,0.0,0.0,0.0,0.0,0.0,0.0,0.0,0.0,1.0,0.0,1.0,0.0,0.0,0.0,0.0,2.0,0.0,0.0,0.0,0.0,0.0,0.0,0.0,1.0,1.0,0.0,0.0,2.0,0.0,1.0,0.0,0.0,0.0,1.0,0.0,0.0,0.0,0.0,0.0,0.0,0.0,0.0,0.0,0.0,0.0,0.0,3.0,0.0,0.0,0.0,0.0,1.0,0.0,0.0,0.0,0.0,0.0,0.0,0.0,0.0,0.0,0.0,0.0,0.0,0.0,0.0,2.0,0.0,1.0,2.0,0.0,0.0,0.0,1.0,0.0,0.0,0.0,0.0,3.0,0.0,0.0,0.0,0.0,1.0,2.0,0.0,1.0,2.0,0.0,0.0,0.0,2.0,1.0,0.0,0.0,0.0,0.0,0.0,0.0,0.0,0.0,1.0,2.0,2.0,0.0,0.0,0.0,0.0,0.0,0.0,0.0,0.0,0.0,0.0,0.0,1.0,0.0,1.0,1.0,0.0,0.0,0.0,0.0,1.0,3.0,1.0,0.0,2.0,2.0,0.0,0.0,2.0,0.0,0.0,0.0,0.0,0.0,0.0,0.0,4.0,1.0,1.0,0.0,1.0,0.0,1.0,1.0,0.0,0.0,0.0,0.0,0.0,0.0,0.0,0.0,0.0,0.0,0.0,1.0,1.0,0.0,0.0,0.0,0.0,0.0,0.0,0.0,0.0,2.0,0.0,0.0,0.0,0.0,0.0,0.0,0.0,0.0,0.0,0.0,0.0,0.0,0.0,0.0,0.0,0.0,0.0,0.0,0.0,0.0,0.0,0.0,0.0,0.0,0.0,0.0,0.0,0.0,0.0,0.0,1.0,0.0,0.0,0.0,0.0
0.0,5.0,29.0,28.0,5.0,1.0,3.0,1.0,1.0,1.0,0.0,6.0,5.0,10.0,0.0,14.0,69.0,8.0,10.0,0.0,0.0,3.0,3.0,0.0,2.0,2.0,1.0,2.0,6.0,3.0,2.0,0.0,35.0,3.0,9.0,2.0,26.0,0.0,25.0,3.0,4.0,3.0,1.0,2.0,5.0,0.0,13.0,6.0,39.0,1.0,4.0,2.0,1.0,10.0,0.0,3.0,7.0,2.0,2.0,2.0,0.0,1.0,3.0,2.0,2.0,7.0,32.0,3.0,8.0,1.0,41.0,25.0,1.0,0.0,1.0,3.0,1.0,5.0,0.0,3.0,0.0,2.0,5.0,1.0,0.0,19.0,0.0,1.0,1.0,1.0,4.0,2.0,3.0,1.0,4.0,3.0,0.0,0.0,0.0,1.0,2.0,21.0,2.0,0.0,1.0,7.0,0.0,9.0,19.0,5.0,5.0,6.0,0.0,2.0,1.0,0.0,4.0,14.0,17.0,9.0,0.0,9.0,6.0,5.0,0.0,5.0,0.0,3.0,0.0,11.0,7.0,0.0,2.0,1.0,1.0,2.0,0.0,7.0,0.0,11.0,4.0,1.0,2.0,1.0,2.0,1.0,2.0,4.0,2.0,2.0,1.0,24.0,3.0,8.0,13.0,7.0,16.0,1.0,0.0,1.0,20.0,4.0,2.0,11.0,2.0,5.0,4.0,0.0,1.0,3.0,1.0,22.0,4.0,2.0,12.0,15.0,3.0,6.0,2.0,2.0,5.0,3.0,19.0,10.0,7.0,5.0,1.0,7.0,4.0,0.0,2.0,8.0,18.0,31.0,1.0,12.0,1.0,32.0,13.0,7.0,0.0,4.0,1.0,1.0,10.0,4.0,12.0,20.0,5.0,9.0,13.0,14.0,2.0,3.0,3.0,2.0,30.0,4.0,16.0,2.0,24.0,2.0,3.0,2.0,13.0,2.0,0.0,1.0,16.0,7.0,25.0,11.0,13.0,5.0,3.0,4.0,6.0,2.0,1.0,5.0,1.0,6.0,6.0,13.0,10.0,5.0,15.0,8.0,0.0,0.0,4.0,5.0,0.0,11.0,12.0,1.0,8.0,21.0,1.0,10.0,16.0,6.0,1.0,3.0,3.0,1.0,4.0,1.0,3.0,1.0,1.0,5.0,1.0,0.0,2.0,15.0,0.0,0.0,0.0,1.0,6.0,5.0,7.0,5.0,0.0,0.0,0.0,0.0,2.0,1.0,0.0,1.0,1.0,1.0,4.0,0.0,1.0,10.0,3.0,1.0,0.0,0.0,5.0,0.0,0.0,0.0,1.0,0.0,6.0,1.0,2.0,5.0,2.0,4.0,1.0,0.0,1.0,2.0,2.0,2.0,1.0,4.0,6.0,1.0,0.0,0.0,1.0,1.0,1.0,15.0,2.0,2.0,0.0
0.0,2.0,2.0,2.0,0.0,0.0,0.0,0.0,0.0,0.0,0.0,4.0,0.0,1.0,0.0,3.0,3.0,1.0,0.0,0.0,0.0,0.0,0.0,0.0,0.0,0.0,1.0,2.0,1.0,0.0,0.0,0.0,2.0,0.0,1.0,0.0,4.0,0.0,2.0,0.0,2.0,0.0,0.0,0.0,2.0,0.0,0.0,0.0,3.0,0.0,0.0,0.0,0.0,0.0,0.0,2.0,1.0,1.0,0.0,0.0,0.0,0.0,0.0,0.0,0.0,0.0,4.0,1.0,0.0,0.0,4.0,6.0,1.0,0.0,0.0,0.0,0.0,0.0,0.0,0.0,0.0,0.0,1.0,0.0,0.0,0.0,2.0,0.0,0.0,0.0,0.0,0.0,1.0,0.0,1.0,0.0,2.0,0.0,0.0,0.0,0.0,0.0,0.0,0.0,0.0,1.0,1.0,1.0,1.0,2.0,0.0,4.0,0.0,1.0,0.0,0.0,0.0,1.0,0.0,1.0,0.0,0.0,0.0,1.0,0.0,0.0,0.0,0.0,0.0,1.0,1.0,0.0,0.0,0.0,1.0,0.0,1.0,1.0,0.0,3.0,0.0,0.0,0.0,2.0,2.0,0.0,0.0,0.0,0.0,0.0,1.0,0.0,0.0,4.0,1.0,0.0,0.0,0.0,0.0,0.0,0.0,0.0,0.0,0.0,0.0,0.0,1.0,0.0,0.0,0.0,0.0,1.0,0.0,0.0,0.0,5.0,0.0,0.0,1.0,0.0,2.0,1.0,3.0,0.0,1.0,3.0,0.0,0.0,0.0,1.0,1.0,2.0,1.0,1.0,0.0,0.0,0.0,2.0,1.0,1.0,0.0,0.0,1.0,0.0,1.0,0.0,0.0,1.0,1.0,0.0,2.0,1.0,0.0,0.0,0.0,0.0,3.0,0.0,0.0,0.0,0.0,0.0,0.0,0.0,0.0,0.0,1.0,0.0,1.0,1.0,2.0,1.0,1.0,0.0,2.0,1.0,0.0,0.0,0.0,1.0,0.0,0.0,1.0,1.0,0.0,0.0,0.0,1.0,1.0,0.0,2.0,0.0,0.0,4.0,0.0,0.0,3.0,4.0,0.0,3.0,3.0,2.0,0.0,2.0,2.0,0.0,1.0,0.0,2.0,0.0,0.0,0.0,0.0,1.0,1.0,0.0,0.0,0.0,0.0,0.0,0.0,0.0,1.0,0.0,0.0,0.0,0.0,0.0,0.0,0.0,0.0,1.0,0.0,0.0,1.0,0.0,0.0,0.0,0.0,0.0,0.0,0.0,0.0,0.0,0.0,1.0,0.0,0.0,0.0,0.0,0.0,1.0,0.0,0.0,0.0,0.0,0.0,1.0,0.0,0.0,0.0,0.0,0.0,0.0,0.0,1.0,0.0,0.0,0.0,1.0,0.0,0.0,0.0
1.0,2.0,3.0,8.0,3.0,0.0,2.0,0.0,0.0,0.0,0.0,3.0,3.0,2.0,0.0,3.0,13.0,1.0,1.0,0.0,0.0,1.0,1.0,0.0,0.0,0.0,0.0,2.0,1.0,1.0,0.0,0.0,6.0,0.0,1.0,1.0,5.0,0.0,3.0,2.0,1.0,0.0,0.0,0.0,0.0,0.0,1.0,1.0,12.0,0.0,0.0,0.0,1.0,3.0,0.0,1.0,3.0,0.0,0.0,1.0,0.0,1.0,0.0,1.0,2.0,1.0,2.0,0.0,1.0,0.0,2.0,8.0,0.0,0.0,0.0,0.0,0.0,0.0,0.0,0.0,0.0,0.0,0.0,1.0,0.0,1.0,0.0,3.0,1.0,0.0,0.0,0.0,2.0,0.0,0.0,2.0,1.0,0.0,0.0,1.0,1.0,5.0,0.0,0.0,0.0,1.0,0.0,2.0,3.0,2.0,0.0,3.0,1.0,4.0,0.0,0.0,3.0,1.0,3.0,1.0,0.0,5.0,0.0,1.0,1.0,3.0,0.0,3.0,0.0,2.0,1.0,0.0,0.0,1.0,0.0,1.0,0.0,6.0,0.0,2.0,3.0,0.0,2.0,0.0,2.0,1.0,0.0,0.0,1.0,0.0,0.0,7.0,1.0,3.0,1.0,2.0,1.0,1.0,0.0,0.0,5.0,1.0,0.0,0.0,0.0,1.0,1.0,0.0,0.0,0.0,1.0,3.0,0.0,0.0,2.0,1.0,1.0,0.0,0.0,0.0,1.0,1.0,5.0,0.0,1.0,0.0,0.0,1.0,1.0,0.0,1.0,0.0,7.0,3.0,0.0,0.0,0.0,3.0,4.0,2.0,1.0,0.0,2.0,2.0,1.0,0.0,0.0,5.0,0.0,1.0,2.0,0.0,0.0,0.0,1.0,0.0,1.0,0.0,1.0,0.0,6.0,0.0,2.0,0.0,2.0,1.0,0.0,1.0,1.0,1.0,2.0,3.0,2.0,0.0,1.0,2.0,1.0,1.0,0.0,0.0,1.0,1.0,4.0,4.0,1.0,0.0,4.0,3.0,0.0,0.0,0.0,1.0,2.0,0.0,3.0,0.0,1.0,0.0,0.0,3.0,3.0,0.0,2.0,0.0,0.0,0.0,1.0,1.0,0.0,1.0,0.0,2.0,0.0,0.0,0.0,2.0,2.0,0.0,1.0,0.0,1.0,0.0,7.0,0.0,0.0,0.0,0.0,0.0,0.0,0.0,0.0,2.0,2.0,0.0,3.0,0.0,0.0,2.0,0.0,0.0,0.0,0.0,0.0,0.0,0.0,0.0,0.0,0.0,1.0,1.0,0.0,0.0,0.0,0.0,1.0,0.0,0.0,0.0,0.0,0.0,0.0,0.0,1.0,0.0,0.0,0.0,0.0,0.0,0.0,4.0,0.0,0.0,0.0
0.0,1.0,2.0,2.0,0.0,0.0,0.0,0.0,0.0,0.0,0.0,2.0,0.0,1.0,0.0,3.0,4.0,0.0,0.0,0.0,0.0,0.0,1.0,0.0,0.0,0.0,0.0,2.0,0.0,1.0,0.0,0.0,3.0,0.0,1.0,0.0,2.0,0.0,2.0,0.0,0.0,0.0,0.0,0.0,0.0,0.0,0.0,0.0,2.0,0.0,0.0,0.0,0.0,0.0,0.0,1.0,0.0,0.0,0.0,0.0,0.0,0.0,0.0,1.0,0.0,0.0,0.0,0.0,1.0,0.0,2.0,5.0,0.0,0.0,0.0,0.0,0.0,0.0,0.0,0.0,0.0,0.0,0.0,0.0,0.0,1.0,0.0,1.0,1.0,0.0,0.0,0.0,0.0,0.0,0.0,0.0,0.0,0.0,0.0,0.0,0.0,1.0,0.0,0.0,0.0,0.0,0.0,1.0,0.0,1.0,0.0,0.0,0.0,0.0,0.0,0.0,1.0,1.0,0.0,1.0,0.0,1.0,0.0,0.0,0.0,1.0,0.0,0.0,0.0,1.0,1.0,0.0,0.0,1.0,0.0,1.0,0.0,3.0,0.0,1.0,1.0,0.0,0.0,0.0,0.0,1.0,0.0,0.0,0.0,0.0,0.0,2.0,1.0,1.0,1.0,0.0,0.0,1.0,0.0,0.0,1.0,0.0,0.0,0.0,0.0,1.0,0.0,0.0,0.0,0.0,1.0,3.0,0.0,0.0,1.0,0.0,1.0,0.0,0.0,0.0,0.0,1.0,1.0,0.0,0.0,0.0,0.0,0.0,0.0,0.0,1.0,0.0,3.0,3.0,0.0,0.0,0.0,1.0,2.0,0.0,0.0,0.0,0.0,0.0,0.0,0.0,0.0,3.0,0.0,1.0,1.0,0.0,0.0,0.0,1.0,0.0,0.0,0.0,0.0,0.0,2.0,0.0,1.0,0.0,0.0,1.0,0.0,0.0,1.0,0.0,1.0,1.0,1.0,0.0,0.0,1.0,1.0,0.0,0.0,0.0,0.0,1.0,3.0,2.0,1.0,0.0,1.0,1.0,0.0,0.0,0.0,1.0,0.0,0.0,0.0,0.0,0.0,0.0,0.0,0.0,0.0,0.0,0.0,0.0,0.0,0.0,0.0,0.0,0.0,0.0,0.0,1.0,0.0,0.0,0.0,0.0,0.0,0.0,0.0,0.0,1.0,0.0,2.0,0.0,0.0,0.0,0.0,0.0,0.0,0.0,0.0,0.0,0.0,0.0,0.0,0.0,0.0,0.0,0.0,0.0,0.0,0.0,0.0,0.0,0.0,0.0,0.0,0.0,0.0,1.0,0.0,0.0,0.0,0.0,0.0,0.0,0.0,0.0,0.0,0.0,0.0,0.0,1.0,0.0,0.0,0.0,0.0,0.0,0.0,3.0,0.0,0.0,0.0
0.0,1.0,3.0,2.0,0.0,0.0,1.0,0.0,0.0,0.0,0.0,0.0,0.0,0.0,0.0,0.0,9.0,0.0,1.0,0.0,0.0,0.0,0.0,0.0,0.0,0.0,0.0,0.0,1.0,1.0,0.0,0.0,1.0,0.0,0.0,0.0,6.0,0.0,6.0,0.0,1.0,2.0,1.0,0.0,0.0,0.0,1.0,1.0,6.0,0.0,0.0,0.0,0.0,0.0,0.0,0.0,0.0,0.0,0.0,0.0,0.0,0.0,0.0,1.0,0.0,1.0,1.0,0.0,0.0,0.0,4.0,3.0,0.0,0.0,0.0,0.0,0.0,0.0,0.0,0.0,0.0,0.0,1.0,0.0,0.0,1.0,0.0,0.0,0.0,1.0,0.0,0.0,0.0,0.0,1.0,1.0,0.0,0.0,0.0,0.0,0.0,0.0,0.0,0.0,0.0,0.0,0.0,3.0,3.0,1.0,0.0,0.0,0.0,0.0,0.0,0.0,0.0,0.0,1.0,2.0,0.0,1.0,0.0,0.0,0.0,2.0,0.0,1.0,0.0,1.0,0.0,0.0,0.0,0.0,0.0,1.0,0.0,1.0,0.0,0.0,0.0,0.0,0.0,0.0,0.0,0.0,1.0,0.0,0.0,1.0,0.0,2.0,0.0,2.0,1.0,0.0,2.0,0.0,0.0,0.0,3.0,0.0,0.0,0.0,0.0,1.0,0.0,0.0,0.0,0.0,0.0,0.0,1.0,0.0,1.0,1.0,0.0,0.0,0.0,0.0,3.0,0.0,2.0,1.0,0.0,1.0,0.0,0.0,0.0,0.0,0.0,1.0,3.0,4.0,0.0,4.0,1.0,5.0,0.0,1.0,0.0,1.0,0.0,0.0,2.0,1.0,0.0,2.0,0.0,0.0,3.0,2.0,0.0,1.0,0.0,1.0,2.0,0.0,2.0,1.0,0.0,1.0,1.0,0.0,1.0,0.0,0.0,1.0,2.0,0.0,5.0,1.0,2.0,2.0,0.0,0.0,1.0,0.0,0.0,1.0,0.0,2.0,1.0,2.0,1.0,0.0,0.0,0.0,0.0,0.0,1.0,0.0,0.0,1.0,0.0,0.0,1.0,0.0,0.0,5.0,1.0,0.0,0.0,0.0,0.0,1.0,0.0,0.0,1.0,0.0,1.0,0.0,0.0,0.0,0.0,0.0,0.0,0.0,0.0,1.0,2.0,1.0,1.0,0.0,0.0,0.0,0.0,0.0,0.0,0.0,0.0,0.0,0.0,0.0,0.0,0.0,0.0,1.0,1.0,0.0,0.0,0.0,0.0,0.0,0.0,0.0,1.0,0.0,0.0,0.0,0.0,3.0,0.0,0.0,0.0,0.0,0.0,0.0,1.0,0.0,1.0,0.0,2.0,0.0,0.0,0.0,0.0,0.0,0.0,1.0,0.0,0.0,0.0
0.0,3.0,6.0,11.0,1.0,0.0,2.0,0.0,1.0,0.0,0.0,3.0,3.0,4.0,1.0,4.0,18.0,0.0,3.0,1.0,2.0,0.0,1.0,0.0,0.0,0.0,0.0,0.0,3.0,2.0,1.0,1.0,11.0,1.0,1.0,0.0,6.0,0.0,3.0,1.0,0.0,0.0,0.0,1.0,1.0,0.0,4.0,4.0,12.0,0.0,2.0,1.0,1.0,2.0,0.0,1.0,3.0,2.0,0.0,3.0,0.0,0.0,1.0,0.0,0.0,2.0,14.0,1.0,1.0,1.0,9.0,12.0,0.0,0.0,0.0,1.0,0.0,2.0,0.0,1.0,1.0,1.0,0.0,0.0,1.0,4.0,0.0,0.0,0.0,0.0,5.0,0.0,2.0,0.0,0.0,2.0,2.0,0.0,0.0,0.0,0.0,9.0,1.0,0.0,0.0,3.0,0.0,1.0,6.0,0.0,0.0,3.0,0.0,0.0,0.0,0.0,0.0,7.0,7.0,0.0,1.0,5.0,3.0,1.0,0.0,1.0,1.0,1.0,0.0,4.0,1.0,0.0,1.0,0.0,0.0,0.0,0.0,3.0,0.0,4.0,0.0,0.0,0.0,0.0,2.0,0.0,0.0,1.0,0.0,0.0,0.0,6.0,1.0,2.0,4.0,2.0,7.0,0.0,1.0,1.0,6.0,0.0,1.0,4.0,0.0,1.0,1.0,1.0,0.0,1.0,0.0,7.0,2.0,0.0,4.0,8.0,0.0,3.0,1.0,0.0,2.0,1.0,4.0,2.0,3.0,1.0,1.0,2.0,2.0,0.0,0.0,0.0,4.0,6.0,0.0,5.0,0.0,7.0,5.0,2.0,0.0,0.0,1.0,0.0,5.0,1.0,5.0,7.0,2.0,3.0,3.0,3.0,1.0,2.0,0.0,1.0,13.0,2.0,3.0,0.0,5.0,1.0,0.0,1.0,3.0,0.0,0.0,0.0,3.0,1.0,9.0,5.0,7.0,1.0,0.0,1.0,1.0,0.0,1.0,2.0,0.0,0.0,1.0,4.0,4.0,3.0,7.0,3.0,0.0,0.0,0.0,0.0,1.0,5.0,6.0,1.0,2.0,11.0,0.0,1.0,6.0,2.0,0.0,0.0,0.0,0.0,2.0,1.0,4.0,1.0,1.0,1.0,2.0,0.0,1.0,5.0,0.0,0.0,0.0,0.0,1.0,0.0,2.0,1.0,0.0,0.0,0.0,1.0,2.0,0.0,0.0,0.0,0.0,0.0,0.0,0.0,0.0,6.0,0.0,1.0,0.0,0.0,3.0,0.0,0.0,0.0,0.0,1.0,1.0,0.0,1.0,1.0,0.0,2.0,0.0,0.0,0.0,1.0,1.0,0.0,0.0,2.0,0.0,0.0,0.0,0.0,0.0,0.0,1.0,4.0,1.0,1.0,0.0
0.0,1.0,2.0,4.0,3.0,0.0,0.0,1.0,1.0,0.0,1.0,1.0,1.0,5.0,0.0,3.0,8.0,3.0,0.0,0.0,0.0,2.0,0.0,0.0,0.0,1.0,0.0,0.0,0.0,0.0,0.0,0.0,3.0,0.0,3.0,1.0,3.0,0.0,1.0,1.0,2.0,0.0,0.0,0.0,0.0,0.0,3.0,0.0,10.0,0.0,0.0,0.0,0.0,3.0,0.0,2.0,4.0,0.0,0.0,0.0,0.0,1.0,2.0,0.0,1.0,2.0,5.0,0.0,1.0,0.0,10.0,4.0,1.0,0.0,1.0,0.0,0.0,0.0,0.0,0.0,0.0,0.0,0.0,1.0,0.0,2.0,0.0,0.0,0.0,0.0,0.0,4.0,0.0,1.0,0.0,0.0,0.0,0.0,0.0,1.0,2.0,4.0,0.0,0.0,1.0,1.0,0.0,2.0,0.0,1.0,2.0,3.0,0.0,0.0,0.0,0.0,3.0,0.0,4.0,4.0,0.0,2.0,1.0,0.0,0.0,0.0,0.0,1.0,0.0,1.0,3.0,0.0,0.0,2.0,2.0,0.0,0.0,1.0,0.0,1.0,0.0,0.0,2.0,0.0,2.0,0.0,1.0,2.0,1.0,0.0,0.0,2.0,0.0,3.0,1.0,2.0,1.0,0.0,0.0,0.0,5.0,0.0,0.0,1.0,1.0,0.0,2.0,0.0,0.0,1.0,0.0,3.0,0.0,0.0,1.0,3.0,0.0,1.0,1.0,1.0,1.0,0.0,4.0,4.0,3.0,0.0,0.0,3.0,0.0,0.0,3.0,2.0,3.0,3.0,0.0,1.0,0.0,4.0,4.0,1.0,0.0,2.0,0.0,0.0,1.0,1.0,1.0,5.0,0.0,1.0,2.0,2.0,0.0,1.0,1.0,0.0,3.0,0.0,2.0,1.0,5.0,0.0,2.0,0.0,3.0,1.0,0.0,0.0,1.0,0.0,4.0,2.0,1.0,0.0,1.0,0.0,0.0,1.0,0.0,0.0,0.0,2.0,2.0,1.0,1.0,0.0,3.0,1.0,0.0,0.0,3.0,3.0,0.0,2.0,2.0,0.0,1.0,3.0,0.0,2.0,4.0,0.0,0.0,1.0,1.0,0.0,1.0,0.0,1.0,0.0,0.0,0.0,0.0,0.0,1.0,4.0,0.0,0.0,0.0,0.0,0.0,2.0,0.0,2.0,0.0,0.0,0.0,0.0,0.0,0.0,0.0,0.0,1.0,0.0,1.0,0.0,1.0,2.0,0.0,0.0,0.0,0.0,0.0,0.0,0.0,0.0,0.0,0.0,2.0,0.0,0.0,0.0,1.0,0.0,0.0,0.0,0.0,1.0,0.0,2.0,0.0,0.0,2.0,0.0,0.0,0.0,0.0,0.0,0.0,2.0,0.0,0.0,0.0
2.0,2.0,11.0,16.0,5.0,0.0,3.0,0.0,0.0,1.0,0.0,5.0,7.0,5.0,0.0,8.0,36.0,4.0,4.0,1.0,0.0,1.0,1.0,1.0,0.0,0.0,2.0,1.0,3.0,0.0,1.0,2.0,16.0,2.0,1.0,4.0,11.0,0.0,7.0,2.0,5.0,0.0,0.0,1.0,6.0,3.0,4.0,6.0,18.0,0.0,2.0,1.0,1.0,7.0,1.0,3.0,7.0,3.0,0.0,4.0,0.0,1.0,1.0,0.0,2.0,6.0,13.0,1.0,0.0,1.0,7.0,11.0,1.0,0.0,0.0,2.0,0.0,5.0,0.0,1.0,1.0,0.0,1.0,1.0,1.0,3.0,1.0,2.0,0.0,0.0,2.0,0.0,9.0,0.0,1.0,4.0,4.0,1.0,0.0,2.0,1.0,16.0,1.0,0.0,0.0,6.0,0.0,4.0,11.0,4.0,0.0,12.0,2.0,9.0,0.0,1.0,2.0,4.0,11.0,1.0,1.0,7.0,4.0,2.0,1.0,3.0,1.0,3.0,0.0,3.0,3.0,1.0,1.0,1.0,1.0,1.0,1.0,5.0,0.0,7.0,2.0,0.0,2.0,1.0,9.0,0.0,1.0,2.0,1.0,0.0,1.0,10.0,2.0,5.0,5.0,5.0,8.0,0.0,1.0,1.0,12.0,2.0,1.0,4.0,0.0,0.0,1.0,1.0,0.0,0.0,0.0,8.0,0.0,0.0,3.0,11.0,1.0,2.0,2.0,0.0,4.0,2.0,11.0,2.0,3.0,1.0,1.0,4.0,2.0,1.0,2.0,2.0,9.0,9.0,0.0,6.0,0.0,8.0,9.0,4.0,1.0,1.0,5.0,2.0,6.0,1.0,5.0,6.0,1.0,3.0,7.0,2.0,2.0,2.0,1.0,1.0,10.0,2.0,4.0,0.0,12.0,2.0,1.0,1.0,5.0,0.0,1.0,1.0,4.0,4.0,9.0,5.0,8.0,2.0,2.0,2.0,2.0,1.0,0.0,0.0,2.0,0.0,1.0,3.0,3.0,3.0,9.0,8.0,1.0,1.0,2.0,0.0,3.0,10.0,6.0,0.0,10.0,9.0,0.0,8.0,14.0,3.0,2.0,2.0,1.0,0.0,3.0,2.0,5.0,2.0,1.0,2.0,1.0,1.0,2.0,7.0,3.0,0.0,1.0,0.0,1.0,1.0,9.0,1.0,0.0,1.0,0.0,1.0,2.0,0.0,0.0,4.0,2.0,0.0,4.0,0.0,0.0,6.0,1.0,1.0,0.0,1.0,2.0,0.0,0.0,0.0,0.0,0.0,4.0,0.0,1.0,1.0,0.0,0.0,2.0,0.0,1.0,2.0,1.0,1.0,0.0,1.0,0.0,0.0,1.0,1.0,0.0,0.0,1.0,4.0,1.0,1.0,0.0
0.0,1.0,2.0,2.0,1.0,0.0,0.0,1.0,0.0,0.0,0.0,1.0,0.0,3.0,0.0,2.0,4.0,0.0,0.0,0.0,0.0,2.0,0.0,0.0,0.0,1.0,0.0,0.0,0.0,0.0,0.0,0.0,2.0,0.0,1.0,0.0,3.0,0.0,1.0,1.0,1.0,0.0,0.0,0.0,0.0,0.0,1.0,0.0,6.0,0.0,0.0,0.0,0.0,1.0,0.0,0.0,2.0,0.0,0.0,0.0,0.0,1.0,0.0,0.0,0.0,0.0,1.0,0.0,1.0,0.0,5.0,1.0,0.0,0.0,1.0,0.0,0.0,0.0,0.0,0.0,0.0,0.0,0.0,1.0,0.0,1.0,0.0,0.0,0.0,0.0,0.0,1.0,0.0,1.0,0.0,0.0,0.0,0.0,0.0,1.0,1.0,3.0,0.0,0.0,1.0,0.0,0.0,2.0,0.0,1.0,2.0,2.0,0.0,0.0,0.0,0.0,1.0,0.0,2.0,2.0,0.0,1.0,1.0,0.0,0.0,0.0,0.0,1.0,0.0,1.0,1.0,0.0,0.0,0.0,1.0,0.0,0.0,0.0,0.0,0.0,0.0,0.0,0.0,0.0,1.0,0.0,1.0,1.0,0.0,0.0,0.0,2.0,0.0,0.0,1.0,0.0,0.0,0.0,0.0,0.0,3.0,0.0,0.0,1.0,0.0,0.0,2.0,0.0,0.0,0.0,0.0,2.0,0.0,0.0,0.0,0.0,0.0,1.0,1.0,1.0,1.0,0.0,3.0,3.0,1.0,0.0,0.0,2.0,0.0,0.0,1.0,1.0,2.0,3.0,0.0,0.0,0.0,1.0,1.0,0.0,0.0,0.0,0.0,0.0,0.0,0.0,1.0,2.0,0.0,0.0,1.0,1.0,0.0,1.0,0.0,0.0,1.0,0.0,1.0,0.0,3.0,0.0,0.0,0.0,1.0,1.0,0.0,0.0,1.0,0.0,1.0,1.0,0.0,0.0,1.0,0.0,0.0,0.0,0.0,0.0,0.0,2.0,0.0,0.0,0.0,0.0,3.0,1.0,0.0,0.0,0.0,1.0,0.0,1.0,1.0,0.0,1.0,0.0,0.0,1.0,1.0,0.0,0.0,1.0,1.0,0.0,1.0,0.0,1.0,0.0,0.0,0.0,0.0,0.0,0.0,3.0,0.0,0.0,0.0,0.0,0.0,0.0,0.0,1.0,0.0,0.0,0.0,0.0,0.0,0.0,0.0,0.0,1.0,0.0,1.0,0.0,0.0,0.0,0.0,0.0,0.0,0.0,0.0,0.0,0.0,0.0,0.0,0.0,2.0,0.0,0.0,0.0,0.0,0.0,0.0,0.0,0.0,1.0,0.0,2.0,0.0,0.0,2.0,0.0,0.0,0.0,0.0,0.0,0.0,1.0,0.0,0.0,0.0
0.0,2.0,8.0,9.0,1.0,0.0,2.0,0.0,0.0,0.0,0.0,5.0,1.0,5.0,0.0,6.0,18.0,2.0,3.0,0.0,0.0,0.0,0.0,0.0,1.0,0.0,1.0,1.0,1.0,3.0,0.0,0.0,6.0,0.0,0.0,2.0,12.0,0.0,11.0,1.0,3.0,2.0,1.0,0.0,4.0,0.0,4.0,2.0,16.0,0.0,0.0,0.0,0.0,0.0,0.0,1.0,1.0,1.0,2.0,0.0,0.0,0.0,0.0,1.0,0.0,4.0,8.0,2.0,0.0,0.0,17.0,9.0,1.0,0.0,0.0,3.0,1.0,0.0,0.0,2.0,0.0,0.0,3.0,0.0,0.0,4.0,1.0,0.0,0.0,1.0,0.0,0.0,1.0,0.0,8.0,1.0,1.0,0.0,0.0,0.0,0.0,5.0,0.0,0.0,0.0,5.0,0.0,4.0,5.0,4.0,1.0,3.0,0.0,1.0,1.0,0.0,0.0,4.0,4.0,7.0,0.0,2.0,0.0,5.0,0.0,2.0,0.0,1.0,0.0,1.0,3.0,0.0,0.0,0.0,1.0,1.0,1.0,4.0,0.0,5.0,0.0,0.0,0.0,3.0,1.0,1.0,1.0,0.0,2.0,1.0,1.0,6.0,2.0,5.0,3.0,5.0,6.0,0.0,0.0,0.0,5.0,2.0,4.0,0.0,0.0,6.0,0.0,0.0,0.0,0.0,0.0,5.0,1.0,0.0,3.0,6.0,0.0,0.0,1.0,2.0,5.0,1.0,8.0,4.0,1.0,4.0,0.0,0.0,3.0,1.0,1.0,10.0,7.0,13.0,0.0,6.0,1.0,15.0,4.0,4.0,0.0,1.0,1.0,1.0,2.0,1.0,6.0,9.0,1.0,0.0,5.0,3.0,0.0,2.0,2.0,1.0,9.0,0.0,4.0,1.0,6.0,1.0,1.0,0.0,9.0,1.0,1.0,1.0,5.0,3.0,6.0,3.0,4.0,2.0,3.0,1.0,3.0,1.0,1.0,1.0,0.0,5.0,1.0,5.0,3.0,0.0,3.0,1.0,1.0,0.0,2.0,0.0,0.0,7.0,4.0,0.0,5.0,7.0,0.0,7.0,8.0,3.0,1.0,4.0,1.0,1.0,1.0,0.0,3.0,0.0,1.0,2.0,0.0,1.0,2.0,3.0,0.0,0.0,0.0,1.0,4.0,1.0,4.0,2.0,0.0,0.0,0.0,0.0,0.0,3.0,0.0,1.0,0.0,1.0,3.0,0.0,0.0,1.0,1.0,0.0,0.0,0.0,0.0,0.0,1.0,0.0,1.0,0.0,0.0,0.0,0.0,3.0,0.0,0.0,0.0,0.0,0.0,1.0,1.0,0.0,1.0,0.0,5.0,2.0,0.0,1.0,2.0,0.0,1.0,3.0,0.0,0.0,0.0
2.0,12.0,10.0,21.0,3.0,2.0,16.0,0.0,0.0,3.0,0.0,4.0,4.0,3.0,3.0,7.0,51.0,1.0,3.0,0.0,4.0,0.0,0.0,3.0,1.0,2.0,1.0,2.0,4.0,9.0,2.0,1.0,9.0,2.0,4.0,4.0,18.0,2.0,16.0,0.0,4.0,7.0,1.0,0.0,2.0,1.0,9.0,5.0,29.0,0.0,0.0,0.0,2.0,10.0,1.0,8.0,5.0,1.0,0.0,2.0,0.0,0.0,0.0,1.0,0.0,3.0,13.0,0.0,2.0,0.0,13.0,21.0,0.0,1.0,0.0,1.0,0.0,7.0,1.0,0.0,0.0,0.0,6.0,0.0,0.0,3.0,0.0,2.0,0.0,1.0,2.0,0.0,4.0,0.0,1.0,20.0,0.0,0.0,0.0,1.0,0.0,19.0,0.0,1.0,0.0,7.0,0.0,5.0,11.0,6.0,0.0,9.0,0.0,5.0,0.0,0.0,1.0,4.0,20.0,6.0,2.0,8.0,2.0,2.0,0.0,6.0,0.0,1.0,2.0,7.0,9.0,1.0,0.0,0.0,0.0,1.0,0.0,10.0,0.0,2.0,0.0,2.0,3.0,0.0,5.0,0.0,2.0,0.0,2.0,1.0,1.0,11.0,1.0,11.0,9.0,4.0,3.0,0.0,0.0,1.0,21.0,3.0,0.0,5.0,0.0,2.0,4.0,4.0,1.0,2.0,0.0,3.0,3.0,1.0,6.0,8.0,2.0,0.0,6.0,0.0,4.0,2.0,10.0,5.0,0.0,3.0,0.0,1.0,2.0,0.0,0.0,3.0,9.0,18.0,2.0,8.0,2.0,15.0,5.0,7.0,0.0,6.0,3.0,2.0,14.0,1.0,8.0,7.0,1.0,0.0,10.0,3.0,2.0,1.0,1.0,2.0,23.0,0.0,5.0,2.0,22.0,2.0,1.0,0.0,12.0,1.0,0.0,3.0,7.0,3.0,22.0,5.0,16.0,4.0,0.0,3.0,5.0,2.0,0.0,1.0,4.0,2.0,9.0,10.0,3.0,1.0,16.0,5.0,0.0,1.0,1.0,2.0,2.0,4.0,16.0,0.0,9.0,3.0,0.0,5.0,10.0,6.0,4.0,0.0,1.0,5.0,4.0,1.0,2.0,0.0,2.0,5.0,3.0,0.0,0.0,10.0,1.0,1.0,2.0,1.0,3.0,2.0,22.0,0.0,1.0,1.0,0.0,0.0,0.0,0.0,0.0,3.0,2.0,0.0,4.0,0.0,0.0,5.0,4.0,0.0,1.0,0.0,0.0,2.0,0.0,0.0,3.0,2.0,3.0,0.0,0.0,4.0,0.0,0.0,4.0,2.0,1.0,6.0,2.0,1.0,1.0,1.0,2.0,0.0,3.0,0.0,0.0,0.0,1.0,8.0,0.0,0.0,0.0
0.0,3.0,3.0,11.0,2.0,0.0,1.0,0.0,0.0,0.0,0.0,7.0,6.0,7.0,0.0,4.0,21.0,3.0,0.0,2.0,0.0,2.0,0.0,0.0,0.0,0.0,1.0,2.0,2.0,0.0,0.0,2.0,6.0,0.0,5.0,0.0,8.0,0.0,5.0,2.0,3.0,0.0,0.0,0.0,4.0,0.0,1.0,4.0,13.0,1.0,0.0,0.0,1.0,2.0,0.0,4.0,5.0,3.0,0.0,4.0,0.0,1.0,0.0,0.0,4.0,5.0,10.0,1.0,0.0,2.0,8.0,16.0,1.0,0.0,1.0,2.0,0.0,4.0,0.0,0.0,2.0,0.0,1.0,1.0,2.0,0.0,2.0,1.0,0.0,0.0,2.0,0.0,4.0,0.0,1.0,0.0,8.0,0.0,0.0,1.0,1.0,5.0,0.0,0.0,0.0,6.0,1.0,2.0,2.0,4.0,0.0,8.0,1.0,4.0,0.0,0.0,2.0,1.0,2.0,1.0,0.0,5.0,4.0,2.0,1.0,0.0,2.0,3.0,0.0,2.0,2.0,0.0,0.0,0.0,1.0,0.0,1.0,7.0,0.0,8.0,2.0,0.0,1.0,2.0,7.0,0.0,0.0,0.0,0.0,0.0,1.0,4.0,2.0,7.0,1.0,1.0,5.0,0.0,2.0,0.0,3.0,3.0,2.0,1.0,0.0,0.0,3.0,0.0,0.0,0.0,0.0,1.0,0.0,0.0,1.0,13.0,0.0,0.0,1.0,0.0,7.0,1.0,6.0,1.0,2.0,3.0,0.0,1.0,0.0,1.0,1.0,2.0,5.0,2.0,0.0,5.0,0.0,5.0,5.0,1.0,1.0,0.0,4.0,1.0,1.0,0.0,0.0,10.0,1.0,1.0,3.0,1.0,2.0,4.0,1.0,2.0,8.0,0.0,1.0,0.0,7.0,2.0,1.0,0.0,5.0,0.0,1.0,0.0,1.0,2.0,5.0,7.0,5.0,0.0,3.0,2.0,0.0,0.0,0.0,1.0,0.0,0.0,2.0,5.0,2.0,0.0,5.0,4.0,2.0,0.0,2.0,0.0,3.0,10.0,4.0,0.0,8.0,9.0,0.0,6.0,9.0,2.0,0.0,2.0,3.0,0.0,2.0,2.0,10.0,3.0,2.0,0.0,2.0,1.0,3.0,5.0,2.0,0.0,0.0,0.0,1.0,0.0,2.0,0.0,0.0,0.0,2.0,2.0,2.0,0.0,0.0,2.0,1.0,0.0,2.0,1.0,0.0,6.0,0.0,0.0,0.0,0.0,0.0,0.0,0.0,1.0,0.0,0.0,1.0,0.0,0.0,1.0,0.0,0.0,0.0,0.0,0.0,1.0,0.0,0.0,0.0,0.0,0.0,0.0,0.0,1.0,0.0,0.0,2.0,3.0,0.0,0.0,0.0
1.0,0.0,2.0,3.0,0.0,0.0,0.0,0.0,0.0,0.0,0.0,0.0,0.0,0.0,0.0,2.0,6.0,0.0,0.0,0.0,0.0,0.0,0.0,0.0,0.0,0.0,0.0,0.0,0.0,0.0,0.0,0.0,1.0,0.0,0.0,0.0,1.0,0.0,1.0,0.0,1.0,0.0,0.0,0.0,3.0,1.0,1.0,0.0,1.0,0.0,0.0,0.0,0.0,1.0,0.0,0.0,1.0,0.0,0.0,0.0,0.0,0.0,0.0,0.0,0.0,1.0,1.0,0.0,0.0,0.0,0.0,0.0,0.0,0.0,0.0,0.0,0.0,0.0,0.0,0.0,0.0,0.0,0.0,0.0,0.0,0.0,0.0,0.0,0.0,0.0,0.0,0.0,1.0,0.0,0.0,0.0,0.0,1.0,0.0,0.0,0.0,2.0,0.0,0.0,0.0,0.0,0.0,1.0,1.0,1.0,0.0,0.0,1.0,0.0,0.0,1.0,0.0,0.0,2.0,0.0,1.0,0.0,0.0,0.0,0.0,0.0,0.0,0.0,0.0,0.0,1.0,0.0,0.0,1.0,0.0,1.0,0.0,0.0,0.0,1.0,0.0,0.0,0.0,0.0,1.0,0.0,1.0,1.0,0.0,0.0,0.0,0.0,0.0,0.0,1.0,0.0,2.0,0.0,0.0,0.0,1.0,0.0,0.0,1.0,0.0,0.0,0.0,0.0,0.0,0.0,0.0,2.0,0.0,0.0,0.0,0.0,0.0,0.0,0.0,0.0,0.0,0.0,0.0,0.0,0.0,0.0,1.0,0.0,0.0,0.0,1.0,1.0,2.0,0.0,0.0,0.0,0.0,0.0,2.0,0.0,0.0,0.0,0.0,0.0,2.0,0.0,2.0,0.0,0.0,1.0,1.0,0.0,0.0,0.0,1.0,0.0,0.0,0.0,0.0,0.0,0.0,0.0,0.0,0.0,2.0,0.0,0.0,0.0,0.0,0.0,2.0,0.0,2.0,0.0,0.0,0.0,1.0,0.0,0.0,0.0,1.0,0.0,0.0,0.0,0.0,0.0,1.0,0.0,0.0,0.0,1.0,0.0,0.0,0.0,0.0,0.0,1.0,0.0,0.0,2.0,0.0,0.0,0.0,0.0,0.0,0.0,0.0,0.0,0.0,0.0,0.0,0.0,0.0,0.0,0.0,0.0,1.0,0.0,0.0,0.0,1.0,0.0,0.0,0.0,0.0,0.0,0.0,0.0,0.0,0.0,0.0,0.0,0.0,0.0,0.0,0.0,0.0,0.0,0.0,1.0,0.0,1.0,0.0,0.0,0.0,0.0,0.0,0.0,0.0,0.0,0.0,0.0,0.0,0.0,1.0,0.0,0.0,0.0,0.0,1.0,0.0,0.0,0.0,0.0,0.0,0.0,0.0,0.0,0.0,1.0,0.0,0.0,0.0
0.0,0.0,0.0,3.0,0.0,0.0,0.0,1.0,0.0,0.0,0.0,2.0,0.0,1.0,0.0,0.0,1.0,0.0,0.0,0.0,0.0,0.0,2.0,0.0,0.0,0.0,0.0,0.0,0.0,0.0,0.0,0.0,1.0,0.0,1.0,0.0,0.0,0.0,0.0,0.0,0.0,0.0,0.0,0.0,1.0,0.0,2.0,1.0,3.0,0.0,0.0,0.0,0.0,2.0,0.0,1.0,2.0,0.0,0.0,0.0,0.0,0.0,0.0,0.0,0.0,1.0,1.0,0.0,0.0,0.0,3.0,1.0,0.0,0.0,0.0,0.0,0.0,0.0,0.0,0.0,0.0,0.0,0.0,0.0,0.0,0.0,0.0,0.0,0.0,0.0,0.0,0.0,0.0,0.0,0.0,0.0,0.0,0.0,1.0,0.0,0.0,0.0,0.0,1.0,0.0,0.0,0.0,0.0,0.0,0.0,0.0,1.0,0.0,0.0,0.0,0.0,0.0,2.0,0.0,0.0,0.0,0.0,0.0,0.0,0.0,1.0,0.0,0.0,0.0,0.0,0.0,0.0,0.0,0.0,0.0,0.0,0.0,1.0,0.0,2.0,1.0,0.0,0.0,0.0,0.0,0.0,0.0,0.0,0.0,0.0,0.0,1.0,0.0,1.0,0.0,0.0,2.0,0.0,0.0,1.0,1.0,0.0,0.0,0.0,0.0,0.0,0.0,0.0,0.0,0.0,0.0,0.0,0.0,0.0,0.0,2.0,0.0,0.0,0.0,0.0,1.0,0.0,0.0,1.0,0.0,0.0,0.0,0.0,0.0,0.0,0.0,0.0,1.0,0.0,0.0,1.0,0.0,1.0,2.0,0.0,0.0,0.0,0.0,0.0,0.0,0.0,0.0,2.0,0.0,2.0,0.0,0.0,0.0,0.0,0.0,0.0,1.0,0.0,0.0,1.0,1.0,0.0,0.0,0.0,0.0,0.0,0.0,0.0,0.0,0.0,1.0,0.0,0.0,1.0,0.0,0.0,0.0,0.0,0.0,0.0,0.0,0.0,1.0,1.0,0.0,0.0,0.0,1.0,0.0,0.0,1.0,0.0,0.0,0.0,0.0,0.0,0.0,0.0,0.0,1.0,2.0,0.0,0.0,0.0,0.0,0.0,0.0,0.0,0.0,0.0,0.0,1.0,0.0,0.0,0.0,0.0,0.0,0.0,0.0,0.0,0.0,1.0,0.0,0.0,0.0,0.0,0.0,0.0,0.0,0.0,0.0,0.0,0.0,0.0,0.0,0.0,0.0,0.0,0.0,0.0,0.0,0.0,0.0,0.0,0.0,0.0,0.0,0.0,0.0,2.0,0.0,0.0,0.0,0.0,0.0,0.0,0.0,0.0,1.0,0.0,0.0,0.0,0.0,0.0,0.0,0.0,0.0,0.0,0.0,2.0,0.0,0.0,1.0
0.0,2.0,5.0,7.0,4.0,0.0,0.0,1.0,0.0,1.0,0.0,2.0,2.0,4.0,0.0,3.0,13.0,1.0,0.0,0.0,0.0,3.0,0.0,1.0,0.0,1.0,0.0,0.0,1.0,0.0,0.0,1.0,6.0,0.0,1.0,2.0,8.0,0.0,3.0,3.0,2.0,0.0,0.0,0.0,0.0,1.0,1.0,1.0,15.0,0.0,0.0,0.0,1.0,2.0,1.0,1.0,3.0,0.0,0.0,0.0,0.0,2.0,0.0,0.0,2.0,2.0,3.0,0.0,1.0,0.0,5.0,4.0,0.0,0.0,1.0,1.0,0.0,1.0,0.0,0.0,0.0,0.0,1.0,2.0,0.0,1.0,0.0,1.0,0.0,0.0,0.0,1.0,2.0,1.0,0.0,1.0,1.0,0.0,0.0,3.0,2.0,7.0,0.0,0.0,1.0,0.0,0.0,2.0,3.0,2.0,2.0,6.0,1.0,4.0,0.0,0.0,3.0,0.0,5.0,2.0,0.0,4.0,2.0,1.0,1.0,0.0,0.0,4.0,0.0,3.0,2.0,1.0,0.0,0.0,1.0,0.0,0.0,2.0,0.0,1.0,2.0,0.0,1.0,0.0,3.0,0.0,1.0,1.0,0.0,0.0,0.0,5.0,0.0,1.0,2.0,2.0,1.0,0.0,0.0,1.0,7.0,2.0,0.0,1.0,0.0,0.0,3.0,1.0,0.0,0.0,0.0,4.0,0.0,0.0,1.0,1.0,0.0,1.0,2.0,1.0,2.0,0.0,8.0,4.0,2.0,0.0,0.0,3.0,0.0,0.0,1.0,1.0,5.0,7.0,0.0,2.0,0.0,2.0,2.0,0.0,1.0,1.0,1.0,1.0,0.0,0.0,2.0,4.0,0.0,0.0,3.0,1.0,1.0,1.0,0.0,0.0,3.0,0.0,2.0,0.0,6.0,0.0,1.0,0.0,3.0,1.0,0.0,0.0,2.0,1.0,1.0,3.0,0.0,0.0,2.0,1.0,0.0,0.0,0.0,0.0,0.0,2.0,1.0,2.0,0.0,1.0,6.0,3.0,0.0,1.0,0.0,1.0,1.0,2.0,2.0,0.0,4.0,0.0,0.0,4.0,4.0,0.0,0.0,1.0,1.0,0.0,2.0,2.0,1.0,1.0,0.0,0.0,0.0,0.0,0.0,6.0,2.0,0.0,0.0,0.0,0.0,0.0,2.0,1.0,0.0,1.0,0.0,0.0,0.0,0.0,0.0,1.0,2.0,0.0,2.0,0.0,0.0,2.0,0.0,0.0,0.0,0.0,0.0,0.0,0.0,0.0,0.0,0.0,4.0,0.0,0.0,0.0,0.0,0.0,0.0,0.0,0.0,2.0,1.0,2.0,0.0,0.0,2.0,0.0,1.0,0.0,0.0,0.0,0.0,3.0,0.0,0.0,0.0
0.0,2.0,3.0,8.0,4.0,0.0,0.0,1.0,0.0,0.0,0.0,2.0,2.0,5.0,0.0,2.0,14.0,4.0,0.0,0.0,0.0,3.0,0.0,0.0,0.0,1.0,0.0,0.0,1.0,0.0,0.0,0.0,6.0,0.0,3.0,1.0,6.0,0.0,2.0,3.0,2.0,0.0,0.0,0.0,0.0,0.0,3.0,0.0,15.0,0.0,0.0,0.0,1.0,4.0,0.0,2.0,4.0,0.0,0.0,0.0,0.0,2.0,1.0,0.0,3.0,3.0,5.0,0.0,1.0,0.0,10.0,6.0,1.0,0.0,1.0,0.0,0.0,0.0,0.0,0.0,0.0,0.0,0.0,2.0,0.0,2.0,0.0,1.0,0.0,0.0,0.0,2.0,1.0,1.0,0.0,0.0,1.0,0.0,0.0,2.0,3.0,6.0,0.0,0.0,1.0,0.0,0.0,2.0,1.0,2.0,2.0,4.0,1.0,3.0,0.0,0.0,4.0,0.0,5.0,2.0,0.0,4.0,1.0,1.0,1.0,0.0,0.0,4.0,0.0,2.0,2.0,0.0,0.0,0.0,1.0,0.0,0.0,3.0,0.0,2.0,2.0,0.0,3.0,0.0,2.0,0.0,1.0,2.0,1.0,0.0,0.0,5.0,0.0,2.0,1.0,2.0,2.0,0.0,0.0,0.0,7.0,1.0,0.0,1.0,1.0,0.0,3.0,0.0,0.0,1.0,0.0,3.0,0.0,0.0,1.0,2.0,0.0,1.0,1.0,1.0,2.0,0.0,7.0,4.0,4.0,0.0,0.0,4.0,0.0,0.0,1.0,2.0,5.0,3.0,0.0,1.0,0.0,4.0,2.0,0.0,1.0,2.0,1.0,1.0,1.0,1.0,1.0,7.0,0.0,1.0,3.0,2.0,0.0,1.0,0.0,0.0,4.0,0.0,3.0,1.0,6.0,0.0,2.0,0.0,3.0,1.0,0.0,0.0,1.0,1.0,4.0,4.0,1.0,0.0,2.0,1.0,0.0,1.0,0.0,0.0,0.0,2.0,1.0,3.0,1.0,0.0,5.0,2.0,0.0,0.0,3.0,3.0,1.0,1.0,2.0,0.0,2.0,2.0,0.0,4.0,3.0,0.0,0.0,1.0,1.0,0.0,2.0,1.0,1.0,1.0,0.0,0.0,0.0,0.0,0.0,6.0,2.0,0.0,0.0,0.0,0.0,2.0,1.0,2.0,0.0,0.0,0.0,0.0,0.0,0.0,0.0,1.0,2.0,0.0,2.0,0.0,1.0,4.0,0.0,0.0,0.0,0.0,0.0,0.0,0.0,0.0,0.0,0.0,3.0,0.0,0.0,0.0,1.0,0.0,0.0,0.0,0.0,1.0,0.0,2.0,0.0,0.0,2.0,0.0,0.0,0.0,0.0,0.0,0.0,2.0,0.0,0.0,0.0
4.0,21.0,46.0,70.0,16.0,1.0,19.0,4.0,2.0,3.0,1.0,26.0,15.0,28.0,4.0,32.0,148.0,22.0,13.0,1.0,8.0,10.0,3.0,4.0,2.0,4.0,6.0,3.0,11.0,12.0,3.0,3.0,49.0,6.0,18.0,11.0,59.0,1.0,33.0,14.0,13.0,3.0,0.0,2.0,20.0,7.0,29.0,11.0,86.0,3.0,4.0,2.0,11.0,32.0,2.0,13.0,21.0,4.0,4.0,6.0,3.0,7.0,5.0,1.0,12.0,22.0,56.0,4.0,14.0,1.0,54.0,49.0,2.0,1.0,4.0,8.0,2.0,14.0,0.0,3.0,1.0,1.0,8.0,5.0,1.0,21.0,0.0,5.0,1.0,0.0,9.0,4.0,16.0,3.0,5.0,19.0,5.0,2.0,0.0,7.0,6.0,102.0,2.0,1.0,3.0,27.0,0.0,18.0,38.0,18.0,9.0,29.0,4.0,17.0,2.0,2.0,10.0,20.0,63.0,12.0,11.0,37.0,23.0,12.0,2.0,7.0,1.0,9.0,1.0,27.0,21.0,3.0,3.0,4.0,3.0,3.0,0.0,28.0,1.0,25.0,8.0,1.0,7.0,3.0,18.0,2.0,5.0,8.0,4.0,0.0,0.0,43.0,9.0,22.0,23.0,15.0,26.0,1.0,1.0,2.0,64.0,15.0,6.0,14.0,1.0,6.0,15.0,7.0,0.0,2.0,4.0,43.0,4.0,2.0,16.0,33.0,5.0,7.0,11.0,4.0,13.0,4.0,40.0,20.0,10.0,3.0,2.0,16.0,8.0,0.0,6.0,12.0,41.0,50.0,2.0,16.0,0.0,56.0,27.0,11.0,8.0,6.0,7.0,6.0,30.0,3.0,36.0,31.0,6.0,12.0,27.0,17.0,5.0,9.0,8.0,1.0,63.0,4.0,20.0,1.0,73.0,3.0,4.0,2.0,48.0,6.0,0.0,2.0,23.0,13.0,48.0,19.0,34.0,8.0,7.0,6.0,9.0,5.0,3.0,6.0,5.0,9.0,11.0,19.0,9.0,6.0,79.0,20.0,1.0,2.0,5.0,8.0,5.0,26.0,60.0,0.0,28.0,31.0,1.0,21.0,41.0,10.0,6.0,6.0,6.0,2.0,14.0,7.0,10.0,3.0,2.0,8.0,5.0,0.0,13.0,67.0,7.0,1.0,2.0,0.0,6.0,6.0,30.0,7.0,1.0,2.0,2.0,1.0,3.0,2.0,0.0,6.0,7.0,2.0,14.0,1.0,1.0,18.0,3.0,4.0,1.0,2.0,7.0,1.0,2.0,0.0,1.0,4.0,19.0,1.0,2.0,2.0,1.0,6.0,5.0,1.0,2.0,11.0,2.0,9.0,0.0,2.0,9.0,1.0,4.0,0.0,1.0,0.0,3.0,36.0,2.0,2.0,0.0
0.0,0.0,4.0,4.0,1.0,0.0,0.0,0.0,0.0,0.0,0.0,0.0,1.0,1.0,0.0,2.0,9.0,0.0,2.0,0.0,0.0,0.0,1.0,0.0,0.0,0.0,0.0,0.0,2.0,0.0,1.0,0.0,8.0,1.0,0.0,0.0,3.0,0.0,2.0,0.0,0.0,0.0,0.0,1.0,1.0,0.0,2.0,2.0,2.0,0.0,2.0,1.0,0.0,2.0,0.0,0.0,1.0,1.0,0.0,1.0,0.0,0.0,1.0,0.0,0.0,0.0,6.0,1.0,0.0,0.0,2.0,3.0,0.0,0.0,0.0,1.0,0.0,0.0,0.0,1.0,0.0,0.0,0.0,0.0,0.0,2.0,0.0,0.0,0.0,0.0,1.0,0.0,1.0,0.0,0.0,0.0,0.0,0.0,0.0,0.0,0.0,2.0,1.0,0.0,0.0,0.0,0.0,1.0,4.0,0.0,0.0,1.0,0.0,0.0,0.0,0.0,0.0,3.0,1.0,0.0,0.0,1.0,1.0,0.0,0.0,1.0,0.0,0.0,0.0,1.0,0.0,0.0,1.0,0.0,0.0,0.0,0.0,0.0,0.0,2.0,0.0,0.0,0.0,0.0,0.0,0.0,0.0,1.0,0.0,0.0,0.0,4.0,0.0,0.0,2.0,1.0,3.0,0.0,0.0,0.0,2.0,0.0,0.0,3.0,0.0,0.0,0.0,0.0,0.0,0.0,0.0,3.0,0.0,0.0,2.0,2.0,0.0,2.0,0.0,0.0,0.0,1.0,2.0,1.0,1.0,0.0,0.0,2.0,0.0,0.0,0.0,0.0,2.0,3.0,0.0,2.0,0.0,3.0,1.0,1.0,0.0,0.0,0.0,0.0,2.0,1.0,2.0,1.0,0.0,2.0,1.0,2.0,0.0,0.0,0.0,0.0,4.0,2.0,3.0,0.0,1.0,0.0,0.0,1.0,0.0,0.0,0.0,0.0,2.0,1.0,4.0,1.0,2.0,1.0,0.0,0.0,0.0,0.0,0.0,0.0,0.0,0.0,0.0,1.0,2.0,2.0,0.0,1.0,0.0,0.0,0.0,0.0,0.0,2.0,1.0,0.0,0.0,5.0,0.0,1.0,2.0,1.0,0.0,0.0,0.0,0.0,1.0,0.0,0.0,0.0,0.0,1.0,0.0,0.0,0.0,0.0,0.0,0.0,0.0,0.0,0.0,0.0,0.0,1.0,0.0,0.0,0.0,0.0,1.0,0.0,0.0,0.0,0.0,0.0,0.0,0.0,0.0,2.0,0.0,0.0,0.0,0.0,2.0,0.0,0.0,0.0,0.0,0.0,0.0,0.0,1.0,1.0,0.0,0.0,0.0,0.0,0.0,0.0,0.0,0.0,0.0,1.0,0.0,0.0,0.0,0.0,0.0,0.0,0.0,1.0,1.0,1.0,0.0
0.0,2.0,0.0,5.0,0.0,0.0,1.0,2.0,0.0,0.0,1.0,3.0,0.0,2.0,0.0,0.0,2.0,0.0,0.0,0.0,0.0,0.0,2.0,0.0,0.0,0.0,0.0,1.0,1.0,0.0,0.0,0.0,3.0,0.0,1.0,0.0,1.0,0.0,1.0,0.0,0.0,0.0,0.0,0.0,2.0,0.0,4.0,1.0,5.0,0.0,0.0,0.0,0.0,2.0,0.0,2.0,2.0,0.0,0.0,0.0,0.0,0.0,1.0,0.0,0.0,1.0,2.0,1.0,0.0,0.0,5.0,3.0,0.0,0.0,0.0,0.0,0.0,0.0,1.0,0.0,0.0,0.0,0.0,0.0,0.0,0.0,0.0,0.0,0.0,0.0,0.0,0.0,0.0,0.0,0.0,1.0,0.0,0.0,1.0,0.0,0.0,1.0,0.0,3.0,0.0,0.0,0.0,0.0,1.0,0.0,0.0,1.0,0.0,0.0,0.0,0.0,1.0,2.0,0.0,0.0,2.0,0.0,0.0,0.0,0.0,1.0,0.0,0.0,0.0,0.0,0.0,1.0,0.0,1.0,0.0,0.0,0.0,2.0,1.0,4.0,1.0,0.0,1.0,0.0,0.0,0.0,0.0,0.0,0.0,0.0,0.0,2.0,0.0,1.0,1.0,1.0,2.0,0.0,0.0,1.0,2.0,0.0,1.0,0.0,0.0,0.0,0.0,0.0,0.0,0.0,0.0,1.0,0.0,0.0,1.0,2.0,0.0,0.0,0.0,0.0,2.0,0.0,1.0,1.0,0.0,0.0,0.0,1.0,0.0,0.0,0.0,0.0,1.0,2.0,0.0,2.0,1.0,2.0,4.0,1.0,0.0,0.0,0.0,0.0,1.0,0.0,0.0,3.0,0.0,2.0,2.0,0.0,0.0,2.0,0.0,1.0,2.0,0.0,0.0,1.0,1.0,0.0,0.0,0.0,0.0,0.0,0.0,0.0,0.0,0.0,2.0,2.0,0.0,1.0,0.0,0.0,1.0,0.0,0.0,0.0,0.0,0.0,3.0,2.0,0.0,0.0,1.0,1.0,0.0,0.0,1.0,0.0,0.0,1.0,2.0,0.0,0.0,0.0,0.0,2.0,4.0,0.0,0.0,0.0,0.0,0.0,0.0,0.0,2.0,0.0,1.0,4.0,0.0,0.0,0.0,1.0,0.0,0.0,0.0,0.0,0.0,2.0,0.0,0.0,0.0,0.0,0.0,0.0,0.0,0.0,0.0,0.0,0.0,0.0,0.0,0.0,0.0,0.0,0.0,0.0,0.0,0.0,0.0,0.0,1.0,0.0,0.0,0.0,0.0,2.0,0.0,1.0,0.0,0.0,0.0,0.0,0.0,0.0,1.0,0.0,0.0,0.0,0.0,0.0,0.0,0.0,0.0,0.0,0.0,2.0,0.0,0.0,1.0
0.0,1.0,2.0,2.0,1.0,0.0,0.0,1.0,0.0,0.0,0.0,1.0,0.0,3.0,0.0,2.0,4.0,0.0,0.0,0.0,0.0,2.0,0.0,0.0,0.0,1.0,0.0,0.0,0.0,0.0,0.0,0.0,2.0,0.0,1.0,0.0,3.0,0.0,1.0,1.0,1.0,0.0,0.0,0.0,0.0,0.0,1.0,0.0,6.0,0.0,0.0,0.0,0.0,1.0,0.0,0.0,2.0,0.0,0.0,0.0,0.0,1.0,0.0,0.0,0.0,0.0,1.0,0.0,1.0,0.0,5.0,1.0,0.0,0.0,1.0,0.0,0.0,0.0,0.0,0.0,0.0,0.0,0.0,1.0,0.0,1.0,0.0,0.0,0.0,0.0,0.0,1.0,0.0,1.0,0.0,0.0,0.0,0.0,0.0,1.0,1.0,3.0,0.0,0.0,1.0,0.0,0.0,2.0,0.0,1.0,2.0,2.0,0.0,0.0,0.0,0.0,1.0,0.0,2.0,2.0,0.0,1.0,1.0,0.0,0.0,0.0,0.0,1.0,0.0,1.0,1.0,0.0,0.0,0.0,1.0,0.0,0.0,0.0,0.0,0.0,0.0,0.0,0.0,0.0,1.0,0.0,1.0,1.0,0.0,0.0,0.0,2.0,0.0,0.0,1.0,0.0,0.0,0.0,0.0,0.0,3.0,0.0,0.0,1.0,0.0,0.0,2.0,0.0,0.0,0.0,0.0,2.0,0.0,0.0,0.0,0.0,0.0,1.0,1.0,1.0,1.0,0.0,3.0,3.0,1.0,0.0,0.0,2.0,0.0,0.0,1.0,1.0,2.0,3.0,0.0,0.0,0.0,1.0,1.0,0.0,0.0,0.0,0.0,0.0,0.0,0.0,1.0,2.0,0.0,0.0,1.0,1.0,0.0,1.0,0.0,0.0,1.0,0.0,1.0,0.0,3.0,0.0,0.0,0.0,1.0,1.0,0.0,0.0,1.0,0.0,1.0,1.0,0.0,0.0,1.0,0.0,0.0,0.0,0.0,0.0,0.0,2.0,0.0,0.0,0.0,0.0,3.0,1.0,0.0,0.0,0.0,1.0,0.0,1.0,1.0,0.0,1.0,0.0,0.0,1.0,1.0,0.0,0.0,1.0,1.0,0.0,1.0,0.0,1.0,0.0,0.0,0.0,0.0,0.0,0.0,3.0,0.0,0.0,0.0,0.0,0.0,0.0,0.0,1.0,0.0,0.0,0.0,0.0,0.0,0.0,0.0,0.0,1.0,0.0,1.0,0.0,0.0,0.0,0.0,0.0,0.0,0.0,0.0,0.0,0.0,0.0,0.0,0.0,2.0,0.0,0.0,0.0,0.0,0.0,0.0,0.0,0.0,1.0,0.0,2.0,0.0,0.0,2.0,0.0,0.0,0.0,0.0,0.0,0.0,1.0,0.0,0.0,0.0
2.0,6.0,14.0,19.0,3.0,2.0,8.0,0.0,0.0,3.0,0.0,13.0,9.0,12.0,1.0,16.0,50.0,9.0,7.0,2.0,2.0,2.0,0.0,2.0,2.0,2.0,3.0,1.0,1.0,3.0,0.0,2.0,10.0,4.0,10.0,3.0,21.0,0.0,18.0,4.0,6.0,2.0,0.0,0.0,8.0,1.0,6.0,5.0,22.0,2.0,0.0,0.0,2.0,9.0,0.0,7.0,6.0,4.0,4.0,5.0,1.0,1.0,1.0,0.0,4.0,12.0,24.0,1.0,6.0,2.0,24.0,18.0,1.0,1.0,1.0,4.0,2.0,8.0,0.0,1.0,2.0,1.0,6.0,0.0,2.0,7.0,1.0,1.0,0.0,0.0,3.0,1.0,6.0,0.0,5.0,7.0,6.0,0.0,0.0,0.0,0.0,27.0,0.0,0.0,0.0,25.0,0.0,6.0,9.0,6.0,3.0,12.0,0.0,5.0,2.0,0.0,1.0,6.0,19.0,5.0,2.0,8.0,7.0,8.0,0.0,2.0,2.0,0.0,0.0,9.0,13.0,1.0,0.0,0.0,1.0,0.0,1.0,12.0,0.0,11.0,3.0,2.0,1.0,3.0,8.0,0.0,0.0,0.0,2.0,0.0,2.0,9.0,5.0,13.0,7.0,4.0,11.0,0.0,2.0,0.0,13.0,10.0,5.0,2.0,0.0,2.0,5.0,3.0,1.0,2.0,1.0,10.0,1.0,2.0,6.0,24.0,3.0,0.0,6.0,1.0,8.0,1.0,13.0,4.0,1.0,3.0,0.0,1.0,5.0,1.0,1.0,6.0,7.0,20.0,1.0,7.0,0.0,24.0,12.0,8.0,2.0,2.0,5.0,3.0,6.0,0.0,12.0,13.0,3.0,2.0,10.0,7.0,4.0,7.0,5.0,2.0,28.0,0.0,7.0,0.0,33.0,3.0,0.0,0.0,22.0,1.0,1.0,1.0,6.0,4.0,15.0,8.0,13.0,1.0,3.0,4.0,2.0,3.0,0.0,2.0,2.0,2.0,2.0,6.0,5.0,0.0,21.0,7.0,2.0,0.0,1.0,3.0,3.0,19.0,22.0,0.0,17.0,18.0,1.0,5.0,23.0,10.0,4.0,4.0,4.0,0.0,5.0,1.0,12.0,2.0,3.0,3.0,4.0,1.0,7.0,18.0,1.0,1.0,1.0,0.0,2.0,2.0,12.0,1.0,1.0,0.0,2.0,2.0,2.0,1.0,1.0,3.0,1.0,2.0,8.0,1.0,0.0,7.0,1.0,0.0,0.0,0.0,1.0,0.0,0.0,0.0,0.0,1.0,2.0,0.0,0.0,0.0,0.0,2.0,2.0,0.0,1.0,6.0,0.0,1.0,0.0,1.0,1.0,1.0,3.0,1.0,1.0,0.0,4.0,14.0,0.0,0.0,0.0
0.0,1.0,1.0,1.0,0.0,0.0,0.0,0.0,0.0,0.0,0.0,1.0,0.0,0.0,0.0,0.0,2.0,0.0,0.0,0.0,0.0,0.0,0.0,0.0,0.0,0.0,0.0,1.0,1.0,0.0,0.0,0.0,1.0,0.0,1.0,0.0,2.0,0.0,1.0,0.0,0.0,0.0,0.0,0.0,1.0,0.0,0.0,0.0,2.0,0.0,0.0,0.0,0.0,0.0,0.0,1.0,0.0,0.0,0.0,0.0,0.0,0.0,0.0,0.0,0.0,0.0,2.0,1.0,0.0,0.0,2.0,4.0,0.0,0.0,0.0,0.0,0.0,0.0,0.0,0.0,0.0,0.0,1.0,0.0,0.0,0.0,1.0,0.0,0.0,0.0,0.0,0.0,0.0,0.0,0.0,0.0,1.0,0.0,0.0,0.0,0.0,0.0,0.0,0.0,0.0,0.0,1.0,0.0,1.0,0.0,0.0,1.0,0.0,0.0,0.0,0.0,0.0,0.0,0.0,0.0,0.0,0.0,0.0,0.0,0.0,0.0,0.0,0.0,0.0,1.0,0.0,0.0,0.0,0.0,0.0,0.0,0.0,0.0,0.0,1.0,0.0,0.0,0.0,1.0,1.0,0.0,0.0,0.0,0.0,0.0,0.0,0.0,0.0,3.0,0.0,0.0,0.0,0.0,0.0,0.0,0.0,0.0,0.0,0.0,0.0,0.0,1.0,0.0,0.0,0.0,0.0,0.0,0.0,0.0,0.0,2.0,0.0,0.0,0.0,0.0,0.0,0.0,1.0,0.0,0.0,2.0,0.0,0.0,0.0,0.0,0.0,1.0,1.0,0.0,0.0,0.0,0.0,2.0,0.0,0.0,0.0,0.0,0.0,0.0,1.0,0.0,0.0,1.0,0.0,0.0,0.0,1.0,0.0,0.0,0.0,0.0,1.0,0.0,0.0,0.0,0.0,0.0,0.0,0.0,0.0,0.0,0.0,0.0,1.0,0.0,2.0,1.0,1.0,0.0,1.0,0.0,0.0,0.0,0.0,1.0,0.0,0.0,1.0,1.0,0.0,0.0,0.0,0.0,0.0,0.0,1.0,0.0,0.0,1.0,0.0,0.0,1.0,2.0,0.0,1.0,0.0,0.0,0.0,0.0,1.0,0.0,0.0,0.0,1.0,0.0,0.0,0.0,0.0,0.0,0.0,0.0,0.0,0.0,0.0,0.0,0.0,0.0,0.0,0.0,0.0,0.0,0.0,0.0,0.0,0.0,0.0,0.0,0.0,0.0,0.0,0.0,0.0,0.0,0.0,0.0,0.0,0.0,0.0,0.0,0.0,1.0,0.0,0.0,0.0,0.0,0.0,1.0,0.0,0.0,0.0,0.0,0.0,0.0,0.0,0.0,0.0,0.0,0.0,0.0,0.0,0.0,0.0,0.0,0.0,1.0,0.0,0.0,0.0
2.0,8.0,30.0,28.0,4.0,0.0,6.0,2.0,0.0,1.0,0.0,9.0,3.0,13.0,0.0,18.0,71.0,4.0,7.0,0.0,0.0,6.0,2.0,0.0,1.0,2.0,2.0,4.0,6.0,4.0,1.0,0.0,24.0,1.0,8.0,1.0,42.0,0.0,35.0,3.0,12.0,6.0,3.0,1.0,8.0,1.0,11.0,7.0,47.0,2.0,2.0,1.0,0.0,11.0,0.0,5.0,10.0,2.0,0.0,2.0,1.0,2.0,1.0,4.0,4.0,5.0,19.0,1.0,6.0,0.0,34.0,24.0,1.0,0.0,3.0,4.0,0.0,0.0,0.0,1.0,0.0,1.0,3.0,2.0,0.0,9.0,1.0,2.0,1.0,3.0,1.0,2.0,4.0,2.0,4.0,5.0,2.0,1.0,0.0,2.0,2.0,18.0,1.0,0.0,2.0,6.0,0.0,23.0,20.0,11.0,4.0,9.0,1.0,2.0,0.0,1.0,3.0,5.0,15.0,12.0,2.0,10.0,7.0,3.0,0.0,10.0,0.0,5.0,0.0,13.0,7.0,1.0,1.0,2.0,3.0,5.0,1.0,14.0,0.0,10.0,3.0,0.0,1.0,1.0,5.0,1.0,6.0,4.0,1.0,3.0,1.0,20.0,2.0,11.0,10.0,2.0,11.0,1.0,0.0,1.0,22.0,4.0,1.0,9.0,0.0,4.0,5.0,1.0,0.0,0.0,2.0,16.0,3.0,2.0,8.0,12.0,2.0,4.0,4.0,2.0,18.0,4.0,24.0,13.0,4.0,5.0,1.0,6.0,1.0,1.0,5.0,7.0,23.0,31.0,1.0,16.0,3.0,25.0,12.0,7.0,2.0,3.0,2.0,1.0,12.0,4.0,9.0,16.0,3.0,7.0,21.0,13.0,0.0,6.0,3.0,3.0,20.0,2.0,12.0,3.0,19.0,3.0,4.0,1.0,15.0,3.0,1.0,4.0,13.0,2.0,28.0,8.0,13.0,7.0,4.0,2.0,6.0,1.0,0.0,5.0,2.0,12.0,6.0,12.0,7.0,2.0,13.0,7.0,2.0,0.0,5.0,5.0,1.0,14.0,9.0,0.0,11.0,11.0,1.0,25.0,17.0,4.0,2.0,5.0,5.0,3.0,4.0,1.0,6.0,0.0,4.0,3.0,0.0,1.0,3.0,10.0,1.0,0.0,1.0,3.0,10.0,4.0,10.0,3.0,0.0,0.0,2.0,0.0,1.0,0.0,1.0,2.0,3.0,0.0,6.0,1.0,0.0,5.0,3.0,1.0,0.0,1.0,3.0,0.0,0.0,0.0,3.0,0.0,4.0,1.0,1.0,10.0,0.0,2.0,2.0,0.0,0.0,4.0,4.0,5.0,3.0,1.0,11.0,0.0,1.0,1.0,0.0,0.0,1.0,17.0,1.0,1.0,0.0
3.0,10.0,53.0,53.0,10.0,1.0,8.0,0.0,2.0,3.0,0.0,8.0,12.0,9.0,0.0,13.0,121.0,7.0,14.0,0.0,0.0,4.0,4.0,2.0,0.0,1.0,1.0,2.0,16.0,4.0,4.0,2.0,50.0,6.0,7.0,8.0,56.0,0.0,44.0,5.0,12.0,8.0,3.0,4.0,18.0,4.0,21.0,15.0,74.0,4.0,8.0,5.0,2.0,21.0,2.0,5.0,11.0,4.0,0.0,6.0,1.0,1.0,6.0,3.0,7.0,15.0,45.0,6.0,9.0,0.0,42.0,33.0,1.0,0.0,0.0,7.0,0.0,4.0,1.0,5.0,0.0,3.0,8.0,1.0,0.0,19.0,1.0,3.0,0.0,3.0,6.0,0.0,11.0,0.0,5.0,11.0,2.0,1.0,0.0,3.0,1.0,38.0,4.0,1.0,0.0,9.0,1.0,20.0,57.0,8.0,0.0,15.0,2.0,8.0,0.0,1.0,3.0,16.0,27.0,9.0,2.0,21.0,11.0,5.0,1.0,14.0,0.0,6.0,0.0,24.0,6.0,2.0,5.0,1.0,0.0,4.0,0.0,10.0,0.0,20.0,6.0,1.0,3.0,2.0,8.0,0.0,4.0,5.0,3.0,3.0,1.0,39.0,2.0,21.0,20.0,13.0,27.0,0.0,0.0,3.0,32.0,5.0,1.0,14.0,0.0,7.0,3.0,2.0,1.0,1.0,1.0,28.0,3.0,6.0,20.0,26.0,3.0,8.0,3.0,1.0,14.0,4.0,38.0,15.0,6.0,9.0,1.0,11.0,4.0,0.0,1.0,8.0,30.0,46.0,3.0,27.0,4.0,48.0,16.0,13.0,3.0,6.0,3.0,3.0,24.0,7.0,23.0,21.0,10.0,12.0,20.0,24.0,2.0,3.0,1.0,4.0,44.0,8.0,23.0,4.0,29.0,4.0,4.0,4.0,24.0,0.0,0.0,5.0,29.0,7.0,44.0,14.0,26.0,11.0,6.0,5.0,7.0,2.0,2.0,14.0,3.0,7.0,6.0,18.0,13.0,10.0,21.0,13.0,0.0,2.0,5.0,0.0,3.0,21.0,21.0,0.0,16.0,29.0,3.0,31.0,29.0,6.0,4.0,5.0,6.0,3.0,6.0,5.0,5.0,1.0,3.0,9.0,1.0,0.0,4.0,18.0,3.0,0.0,2.0,3.0,10.0,6.0,16.0,5.0,0.0,2.0,0.0,0.0,4.0,1.0,0.0,3.0,3.0,0.0,8.0,0.0,0.0,14.0,3.0,3.0,1.0,1.0,9.0,0.0,0.0,2.0,3.0,0.0,6.0,0.0,4.0,15.0,0.0,10.0,3.0,0.0,0.0,3.0,6.0,1.0,3.0,5.0,7.0,1.0,2.0,0.0,1.0,0.0,0.0,25.0,4.0,4.0,0.0
1.0,12.0,22.0,30.0,3.0,1.0,5.0,1.0,0.0,1.0,0.0,13.0,4.0,12.0,1.0,18.0,71.0,6.0,2.0,0.0,0.0,4.0,1.0,2.0,2.0,2.0,4.0,6.0,5.0,4.0,1.0,0.0,21.0,1.0,10.0,0.0,32.0,1.0,27.0,4.0,9.0,5.0,1.0,0.0,12.0,1.0,11.0,4.0,35.0,2.0,0.0,1.0,3.0,9.0,0.0,8.0,11.0,3.0,0.0,0.0,1.0,2.0,2.0,2.0,6.0,10.0,20.0,0.0,7.0,1.0,27.0,26.0,4.0,1.0,2.0,3.0,0.0,6.0,0.0,0.0,0.0,0.0,4.0,2.0,0.0,5.0,2.0,2.0,1.0,1.0,0.0,1.0,4.0,1.0,4.0,6.0,4.0,1.0,0.0,2.0,2.0,18.0,0.0,0.0,1.0,6.0,0.0,11.0,8.0,21.0,3.0,11.0,2.0,5.0,0.0,1.0,4.0,5.0,16.0,11.0,2.0,14.0,6.0,4.0,1.0,3.0,0.0,5.0,1.0,11.0,12.0,0.0,1.0,2.0,3.0,3.0,2.0,14.0,0.0,14.0,5.0,1.0,2.0,2.0,6.0,2.0,4.0,2.0,0.0,2.0,2.0,12.0,3.0,11.0,12.0,3.0,12.0,1.0,0.0,1.0,18.0,7.0,1.0,7.0,1.0,4.0,6.0,1.0,0.0,1.0,2.0,13.0,2.0,1.0,11.0,17.0,2.0,1.0,5.0,1.0,12.0,4.0,21.0,11.0,5.0,4.0,1.0,3.0,0.0,2.0,5.0,8.0,18.0,26.0,1.0,7.0,1.0,18.0,9.0,4.0,3.0,3.0,3.0,1.0,11.0,1.0,9.0,17.0,4.0,5.0,18.0,7.0,2.0,2.0,5.0,2.0,24.0,0.0,9.0,3.0,20.0,2.0,3.0,0.0,19.0,4.0,2.0,1.0,9.0,7.0,22.0,8.0,13.0,5.0,4.0,5.0,7.0,0.0,1.0,1.0,4.0,6.0,11.0,13.0,5.0,0.0,16.0,6.0,3.0,0.0,4.0,5.0,1.0,11.0,15.0,0.0,14.0,11.0,0.0,20.0,14.0,7.0,0.0,6.0,5.0,3.0,7.0,2.0,4.0,2.0,2.0,4.0,0.0,2.0,5.0,14.0,4.0,1.0,0.0,1.0,8.0,1.0,9.0,1.0,1.0,0.0,2.0,0.0,0.0,1.0,0.0,3.0,2.0,0.0,4.0,1.0,0.0,8.0,3.0,1.0,2.0,1.0,1.0,1.0,1.0,1.0,2.0,0.0,3.0,1.0,0.0,3.0,1.0,0.0,4.0,1.0,0.0,5.0,2.0,4.0,1.0,0.0,6.0,0.0,2.0,2.0,0.0,1.0,1.0,17.0,0.0,0.0,0.0
0.0,2.0,5.0,7.0,3.0,0.0,1.0,2.0,0.0,0.0,0.0,3.0,0.0,7.0,0.0,7.0,12.0,1.0,3.0,0.0,0.0,4.0,0.0,0.0,1.0,2.0,0.0,0.0,0.0,0.0,0.0,0.0,6.0,0.0,5.0,0.0,8.0,0.0,6.0,3.0,2.0,0.0,0.0,0.0,1.0,0.0,3.0,0.0,15.0,0.0,0.0,0.0,0.0,2.0,0.0,0.0,4.0,0.0,2.0,0.0,0.0,2.0,0.0,0.0,0.0,2.0,5.0,0.0,4.0,0.0,15.0,5.0,0.0,0.0,2.0,0.0,1.0,1.0,0.0,0.0,0.0,0.0,3.0,2.0,0.0,5.0,0.0,0.0,0.0,0.0,0.0,2.0,0.0,2.0,1.0,0.0,0.0,0.0,0.0,2.0,2.0,9.0,0.0,0.0,2.0,3.0,0.0,4.0,0.0,3.0,7.0,4.0,0.0,0.0,1.0,0.0,2.0,1.0,5.0,4.0,0.0,2.0,2.0,2.0,0.0,0.0,0.0,2.0,0.0,2.0,4.0,0.0,0.0,0.0,2.0,0.0,0.0,1.0,0.0,1.0,2.0,0.0,0.0,0.0,2.0,0.0,2.0,2.0,0.0,0.0,0.0,6.0,0.0,0.0,3.0,0.0,3.0,0.0,0.0,0.0,7.0,4.0,1.0,2.0,0.0,0.0,5.0,0.0,0.0,0.0,0.0,7.0,1.0,0.0,1.0,0.0,0.0,2.0,2.0,2.0,2.0,0.0,7.0,6.0,2.0,1.0,0.0,4.0,1.0,0.0,2.0,4.0,5.0,10.0,0.0,1.0,0.0,8.0,4.0,2.0,0.0,0.0,0.0,1.0,0.0,0.0,3.0,6.0,0.0,1.0,2.0,4.0,2.0,3.0,2.0,0.0,6.0,0.0,5.0,0.0,10.0,0.0,0.0,0.0,4.0,2.0,0.0,0.0,4.0,1.0,4.0,3.0,0.0,0.0,2.0,0.0,1.0,1.0,0.0,0.0,0.0,4.0,0.0,2.0,1.0,0.0,9.0,2.0,0.0,0.0,0.0,2.0,0.0,3.0,6.0,0.0,4.0,1.0,0.0,2.0,7.0,1.0,1.0,2.0,2.0,0.0,2.0,0.0,3.0,0.0,0.0,0.0,0.0,0.0,1.0,9.0,0.0,0.0,0.0,0.0,1.0,0.0,0.0,2.0,0.0,0.0,0.0,0.0,0.0,0.0,0.0,0.0,2.0,1.0,4.0,0.0,0.0,1.0,0.0,0.0,0.0,0.0,0.0,0.0,0.0,0.0,0.0,0.0,4.0,0.0,0.0,0.0,0.0,0.0,0.0,0.0,0.0,2.0,0.0,4.0,0.0,0.0,4.0,0.0,0.0,0.0,0.0,0.0,1.0,4.0,0.0,0.0,0.0
1.0,12.0,23.0,30.0,10.0,2.0,5.0,3.0,0.0,4.0,0.0,19.0,11.0,15.0,1.0,23.0,65.0,7.0,4.0,1.0,2.0,6.0,3.0,4.0,0.0,4.0,4.0,4.0,5.0,2.0,1.0,3.0,28.0,4.0,7.0,6.0,31.0,0.0,15.0,6.0,11.0,1.0,0.0,1.0,7.0,3.0,7.0,8.0,47.0,0.0,2.0,1.0,3.0,12.0,2.0,8.0,15.0,6.0,0.0,4.0,0.0,4.0,2.0,0.0,4.0,9.0,26.0,2.0,4.0,1.0,29.0,27.0,3.0,1.0,2.0,3.0,0.0,7.0,0.0,1.0,1.0,0.0,5.0,4.0,1.0,6.0,4.0,3.0,0.0,0.0,3.0,3.0,12.0,2.0,3.0,9.0,8.0,0.0,1.0,6.0,4.0,29.0,1.0,1.0,2.0,12.0,1.0,9.0,15.0,11.0,4.0,32.0,2.0,15.0,0.0,0.0,7.0,9.0,21.0,9.0,1.0,13.0,7.0,6.0,2.0,4.0,1.0,8.0,0.0,12.0,15.0,2.0,1.0,0.0,5.0,0.0,3.0,12.0,0.0,14.0,5.0,2.0,3.0,4.0,15.0,0.0,2.0,3.0,1.0,0.0,4.0,19.0,2.0,14.0,12.0,7.0,10.0,0.0,1.0,3.0,25.0,4.0,1.0,6.0,0.0,0.0,10.0,4.0,1.0,2.0,0.0,14.0,1.0,0.0,6.0,24.0,2.0,4.0,11.0,2.0,12.0,4.0,27.0,10.0,8.0,5.0,0.0,9.0,2.0,3.0,5.0,6.0,16.0,27.0,0.0,9.0,0.0,17.0,14.0,7.0,2.0,4.0,8.0,3.0,7.0,1.0,11.0,16.0,3.0,4.0,18.0,6.0,4.0,4.0,2.0,1.0,30.0,2.0,10.0,1.0,25.0,2.0,2.0,1.0,12.0,3.0,3.0,1.0,9.0,7.0,16.0,11.0,11.0,3.0,8.0,8.0,1.0,1.0,0.0,1.0,2.0,4.0,5.0,7.0,4.0,4.0,22.0,16.0,3.0,2.0,5.0,4.0,4.0,22.0,13.0,0.0,21.0,16.0,0.0,17.0,27.0,12.0,2.0,8.0,7.0,0.0,11.0,4.0,10.0,3.0,1.0,3.0,3.0,3.0,4.0,19.0,5.0,1.0,1.0,0.0,0.0,2.0,17.0,3.0,1.0,2.0,0.0,1.0,2.0,0.0,0.0,7.0,5.0,0.0,9.0,0.0,0.0,10.0,1.0,0.0,0.0,0.0,2.0,0.0,0.0,1.0,0.0,1.0,10.0,2.0,1.0,2.0,0.0,0.0,2.0,0.0,1.0,11.0,3.0,5.0,0.0,2.0,4.0,0.0,4.0,3.0,0.0,0.0,1.0,16.0,1.0,1.0,1.0
1.0,1.0,3.0,7.0,2.0,0.0,0.0,0.0,0.0,0.0,0.0,1.0,2.0,1.0,0.0,2.0,13.0,1.0,0.0,0.0,0.0,1.0,0.0,0.0,0.0,0.0,0.0,0.0,1.0,0.0,0.0,0.0,4.0,0.0,0.0,0.0,4.0,0.0,2.0,2.0,1.0,0.0,0.0,0.0,3.0,1.0,1.0,0.0,7.0,0.0,0.0,0.0,1.0,2.0,0.0,0.0,2.0,0.0,0.0,0.0,0.0,1.0,0.0,0.0,2.0,2.0,3.0,0.0,0.0,0.0,0.0,3.0,0.0,0.0,0.0,0.0,0.0,0.0,0.0,0.0,0.0,0.0,0.0,1.0,0.0,0.0,0.0,1.0,0.0,0.0,0.0,0.0,2.0,0.0,0.0,0.0,1.0,1.0,0.0,1.0,1.0,4.0,0.0,0.0,0.0,0.0,0.0,1.0,2.0,2.0,0.0,2.0,2.0,3.0,0.0,1.0,2.0,0.0,4.0,0.0,1.0,3.0,0.0,1.0,1.0,0.0,0.0,3.0,0.0,1.0,1.0,0.0,0.0,1.0,0.0,1.0,0.0,2.0,0.0,2.0,2.0,0.0,1.0,0.0,2.0,0.0,1.0,1.0,0.0,0.0,0.0,3.0,0.0,1.0,1.0,1.0,3.0,0.0,0.0,0.0,4.0,1.0,0.0,1.0,0.0,0.0,1.0,0.0,0.0,0.0,0.0,2.0,0.0,0.0,1.0,1.0,0.0,0.0,0.0,0.0,1.0,0.0,3.0,0.0,1.0,0.0,1.0,1.0,0.0,0.0,1.0,1.0,5.0,0.0,0.0,0.0,0.0,1.0,2.0,0.0,1.0,0.0,1.0,1.0,2.0,0.0,2.0,2.0,0.0,1.0,2.0,0.0,0.0,0.0,1.0,0.0,1.0,0.0,1.0,0.0,2.0,0.0,1.0,0.0,4.0,0.0,0.0,0.0,0.0,1.0,2.0,2.0,2.0,0.0,1.0,1.0,1.0,0.0,0.0,0.0,1.0,0.0,1.0,2.0,0.0,0.0,3.0,1.0,0.0,0.0,1.0,0.0,1.0,0.0,1.0,0.0,2.0,0.0,0.0,5.0,1.0,0.0,0.0,0.0,0.0,0.0,1.0,1.0,0.0,1.0,0.0,0.0,0.0,0.0,0.0,2.0,3.0,0.0,0.0,0.0,1.0,0.0,1.0,0.0,0.0,0.0,0.0,0.0,0.0,0.0,0.0,1.0,1.0,0.0,1.0,0.0,0.0,2.0,0.0,1.0,0.0,1.0,0.0,0.0,0.0,0.0,0.0,0.0,1.0,0.0,0.0,0.0,0.0,0.0,1.0,0.0,0.0,0.0,0.0,1.0,0.0,0.0,0.0,0.0,0.0,0.0,0.0,0.0,0.0,2.0,0.0,0.0,0.0
1.0,4.0,8.0,16.0,8.0,0.0,4.0,0.0,0.0,1.0,0.0,6.0,9.0,4.0,0.0,4.0,37.0,7.0,2.0,0.0,0.0,3.0,0.0,1.0,0.0,0.0,3.0,1.0,3.0,0.0,0.0,1.0,15.0,1.0,0.0,4.0,13.0,0.0,7.0,6.0,4.0,0.0,0.0,0.0,2.0,2.0,1.0,2.0,26.0,0.0,0.0,0.0,3.0,7.0,1.0,2.0,6.0,1.0,0.0,1.0,0.0,3.0,0.0,0.0,6.0,5.0,10.0,0.0,0.0,0.0,4.0,11.0,1.0,0.0,0.0,1.0,0.0,5.0,0.0,0.0,0.0,0.0,1.0,3.0,0.0,2.0,1.0,4.0,0.0,0.0,0.0,0.0,9.0,0.0,1.0,5.0,4.0,0.0,0.0,4.0,3.0,17.0,0.0,0.0,0.0,5.0,0.0,2.0,8.0,5.0,0.0,15.0,3.0,17.0,0.0,0.0,6.0,1.0,15.0,1.0,0.0,11.0,2.0,4.0,3.0,2.0,0.0,9.0,0.0,4.0,2.0,1.0,0.0,0.0,1.0,0.0,1.0,8.0,0.0,5.0,6.0,0.0,4.0,1.0,9.0,0.0,0.0,0.0,1.0,0.0,1.0,13.0,2.0,7.0,2.0,6.0,3.0,0.0,0.0,1.0,18.0,4.0,0.0,0.0,0.0,0.0,3.0,1.0,0.0,0.0,0.0,3.0,0.0,0.0,3.0,9.0,2.0,0.0,2.0,0.0,5.0,1.0,16.0,1.0,4.0,1.0,0.0,4.0,2.0,1.0,1.0,1.0,12.0,6.0,0.0,2.0,0.0,7.0,4.0,3.0,3.0,1.0,7.0,4.0,3.0,0.0,1.0,6.0,1.0,0.0,8.0,0.0,1.0,0.0,0.0,0.0,6.0,0.0,3.0,0.0,16.0,2.0,3.0,0.0,7.0,0.0,1.0,1.0,3.0,6.0,3.0,6.0,3.0,1.0,4.0,4.0,2.0,1.0,0.0,0.0,1.0,0.0,3.0,6.0,0.0,1.0,13.0,9.0,1.0,1.0,1.0,0.0,4.0,5.0,6.0,0.0,10.0,2.0,0.0,11.0,12.0,2.0,2.0,2.0,1.0,0.0,4.0,4.0,1.0,3.0,0.0,1.0,0.0,1.0,1.0,12.0,6.0,0.0,1.0,0.0,0.0,2.0,13.0,0.0,0.0,1.0,0.0,0.0,0.0,0.0,0.0,7.0,4.0,0.0,6.0,0.0,0.0,6.0,2.0,0.0,0.0,0.0,0.0,0.0,0.0,0.0,0.0,0.0,8.0,0.0,0.0,0.0,0.0,0.0,1.0,0.0,2.0,2.0,1.0,0.0,0.0,0.0,0.0,0.0,1.0,1.0,0.0,0.0,0.0,4.0,0.0,0.0,0.0
0.0,0.0,0.0,2.0,1.0,0.0,1.0,0.0,0.0,0.0,0.0,0.0,0.0,1.0,0.0,2.0,1.0,1.0,2.0,0.0,0.0,0.0,0.0,0.0,1.0,0.0,0.0,0.0,0.0,0.0,0.0,0.0,0.0,0.0,0.0,0.0,2.0,0.0,0.0,1.0,0.0,0.0,0.0,0.0,1.0,0.0,1.0,0.0,2.0,0.0,0.0,0.0,0.0,0.0,0.0,0.0,0.0,0.0,2.0,0.0,0.0,0.0,0.0,0.0,0.0,1.0,3.0,0.0,0.0,0.0,2.0,2.0,0.0,0.0,0.0,0.0,1.0,0.0,0.0,0.0,0.0,0.0,2.0,0.0,0.0,1.0,0.0,0.0,0.0,0.0,0.0,0.0,0.0,0.0,1.0,0.0,0.0,0.0,0.0,0.0,0.0,2.0,0.0,0.0,0.0,2.0,0.0,0.0,0.0,0.0,1.0,0.0,0.0,0.0,1.0,0.0,0.0,1.0,1.0,0.0,0.0,0.0,0.0,2.0,0.0,0.0,0.0,0.0,0.0,0.0,1.0,0.0,0.0,0.0,0.0,0.0,0.0,0.0,0.0,1.0,0.0,0.0,0.0,0.0,0.0,0.0,0.0,0.0,0.0,0.0,0.0,1.0,0.0,0.0,1.0,0.0,2.0,0.0,0.0,0.0,1.0,2.0,1.0,0.0,0.0,0.0,0.0,0.0,0.0,0.0,0.0,2.0,0.0,0.0,0.0,0.0,0.0,0.0,0.0,0.0,0.0,0.0,0.0,0.0,0.0,0.0,0.0,0.0,1.0,0.0,0.0,1.0,1.0,0.0,0.0,0.0,0.0,4.0,1.0,2.0,0.0,0.0,0.0,1.0,0.0,0.0,1.0,0.0,0.0,0.0,0.0,1.0,0.0,1.0,1.0,0.0,3.0,0.0,0.0,0.0,4.0,0.0,0.0,0.0,2.0,0.0,0.0,0.0,1.0,0.0,1.0,0.0,0.0,0.0,0.0,0.0,0.0,1.0,0.0,0.0,0.0,0.0,0.0,1.0,0.0,0.0,2.0,0.0,0.0,0.0,0.0,0.0,0.0,1.0,3.0,0.0,2.0,1.0,0.0,0.0,2.0,1.0,1.0,0.0,0.0,0.0,0.0,0.0,1.0,0.0,0.0,0.0,0.0,0.0,1.0,2.0,0.0,0.0,0.0,0.0,0.0,0.0,0.0,0.0,0.0,0.0,0.0,0.0,0.0,0.0,0.0,0.0,0.0,1.0,2.0,0.0,0.0,0.0,0.0,0.0,0.0,0.0,0.0,0.0,0.0,0.0,0.0,0.0,0.0,0.0,0.0,0.0,0.0,0.0,0.0,0.0,0.0,0.0,0.0,0.0,0.0,0.0,0.0,0.0,0.0,0.0,0.0,0.0,1.0,1.0,0.0,0.0,0.0
1.0,0.0,2.0,3.0,0.0,0.0,0.0,0.0,0.0,0.0,0.0,0.0,0.0,0.0,0.0,2.0,6.0,0.0,0.0,0.0,0.0,0.0,0.0,0.0,0.0,0.0,0.0,0.0,0.0,0.0,0.0,0.0,1.0,0.0,0.0,0.0,1.0,0.0,1.0,0.0,1.0,0.0,0.0,0.0,3.0,1.0,1.0,0.0,1.0,0.0,0.0,0.0,0.0,1.0,0.0,0.0,1.0,0.0,0.0,0.0,0.0,0.0,0.0,0.0,0.0,1.0,1.0,0.0,0.0,0.0,0.0,0.0,0.0,0.0,0.0,0.0,0.0,0.0,0.0,0.0,0.0,0.0,0.0,0.0,0.0,0.0,0.0,0.0,0.0,0.0,0.0,0.0,1.0,0.0,0.0,0.0,0.0,1.0,0.0,0.0,0.0,2.0,0.0,0.0,0.0,0.0,0.0,1.0,1.0,1.0,0.0,0.0,1.0,0.0,0.0,1.0,0.0,0.0,2.0,0.0,1.0,0.0,0.0,0.0,0.0,0.0,0.0,0.0,0.0,0.0,1.0,0.0,0.0,1.0,0.0,1.0,0.0,0.0,0.0,1.0,0.0,0.0,0.0,0.0,1.0,0.0,1.0,1.0,0.0,0.0,0.0,0.0,0.0,0.0,1.0,0.0,2.0,0.0,0.0,0.0,1.0,0.0,0.0,1.0,0.0,0.0,0.0,0.0,0.0,0.0,0.0,2.0,0.0,0.0,0.0,0.0,0.0,0.0,0.0,0.0,0.0,0.0,0.0,0.0,0.0,0.0,1.0,0.0,0.0,0.0,1.0,1.0,2.0,0.0,0.0,0.0,0.0,0.0,2.0,0.0,0.0,0.0,0.0,0.0,2.0,0.0,2.0,0.0,0.0,1.0,1.0,0.0,0.0,0.0,1.0,0.0,0.0,0.0,0.0,0.0,0.0,0.0,0.0,0.0,2.0,0.0,0.0,0.0,0.0,0.0,2.0,0.0,2.0,0.0,0.0,0.0,1.0,0.0,0.0,0.0,1.0,0.0,0.0,0.0,0.0,0.0,1.0,0.0,0.0,0.0,1.0,0.0,0.0,0.0,0.0,0.0,1.0,0.0,0.0,2.0,0.0,0.0,0.0,0.0,0.0,0.0,0.0,0.0,0.0,0.0,0.0,0.0,0.0,0.0,0.0,0.0,1.0,0.0,0.0,0.0,1.0,0.0,0.0,0.0,0.0,0.0,0.0,0.0,0.0,0.0,0.0,0.0,0.0,0.0,0.0,0.0,0.0,0.0,0.0,1.0,0.0,1.0,0.0,0.0,0.0,0.0,0.0,0.0,0.0,0.0,0.0,0.0,0.0,0.0,1.0,0.0,0.0,0.0,0.0,1.0,0.0,0.0,0.0,0.0,0.0,0.0,0.0,0.0,0.0,1.0,0.0,0.0,0.0
0.0,5.0,8.0,14.0,7.0,1.0,0.0,2.0,1.0,1.0,2.0,6.0,5.0,8.0,0.0,6.0,30.0,5.0,0.0,0.0,0.0,4.0,1.0,0.0,0.0,2.0,0.0,2.0,2.0,1.0,0.0,0.0,14.0,1.0,5.0,1.0,12.0,0.0,6.0,5.0,2.0,1.0,0.0,0.0,0.0,0.0,5.0,0.0,25.0,0.0,0.0,0.0,2.0,6.0,0.0,3.0,6.0,0.0,0.0,0.0,0.0,3.0,2.0,1.0,5.0,4.0,10.0,1.0,2.0,0.0,16.0,16.0,1.0,0.0,1.0,0.0,0.0,0.0,0.0,0.0,0.0,0.0,1.0,3.0,0.0,4.0,0.0,3.0,1.0,0.0,0.0,3.0,2.0,1.0,0.0,1.0,2.0,0.0,0.0,3.0,4.0,10.0,0.0,1.0,1.0,1.0,0.0,3.0,3.0,4.0,2.0,7.0,2.0,6.0,0.0,0.0,10.0,1.0,8.0,6.0,2.0,9.0,1.0,2.0,2.0,1.0,0.0,7.0,0.0,5.0,5.0,1.0,0.0,4.0,2.0,1.0,0.0,9.0,1.0,5.0,5.0,1.0,5.0,0.0,4.0,1.0,1.0,2.0,1.0,0.0,1.0,11.0,1.0,5.0,5.0,4.0,3.0,1.0,0.0,0.0,12.0,2.0,1.0,2.0,1.0,1.0,5.0,0.0,1.0,2.0,1.0,6.0,0.0,0.0,5.0,5.0,1.0,1.0,2.0,1.0,3.0,1.0,12.0,4.0,5.0,0.0,0.0,5.0,0.0,0.0,4.0,2.0,12.0,9.0,0.0,2.0,0.0,7.0,8.0,2.0,2.0,3.0,2.0,2.0,2.0,1.0,1.0,12.0,0.0,2.0,8.0,2.0,0.0,3.0,1.0,0.0,7.0,0.0,6.0,1.0,12.0,0.0,5.0,0.0,6.0,2.0,0.0,0.0,3.0,2.0,7.0,8.0,3.0,0.0,3.0,5.0,2.0,1.0,0.0,0.0,0.0,3.0,8.0,7.0,2.0,0.0,9.0,5.0,0.0,0.0,3.0,4.0,2.0,4.0,5.0,0.0,4.0,2.0,0.0,9.0,7.0,2.0,0.0,1.0,2.0,0.0,4.0,2.0,2.0,2.0,1.0,2.0,1.0,0.0,1.0,9.0,4.0,0.0,0.0,0.0,1.0,3.0,5.0,2.0,0.0,0.0,0.0,0.0,0.0,0.0,0.0,2.0,3.0,0.0,3.0,0.0,1.0,6.0,0.0,0.0,0.0,0.0,0.0,0.0,1.0,0.0,0.0,0.0,4.0,1.0,0.0,0.0,1.0,0.0,0.0,0.0,0.0,2.0,0.0,2.0,0.0,1.0,3.0,0.0,0.0,0.0,0.0,0.0,0.0,7.0,0.0,0.0,0.0
1.0,7.0,23.0,38.0,4.0,0.0,5.0,2.0,1.0,0.0,0.0,13.0,3.0,12.0,1.0,17.0,62.0,4.0,11.0,0.0,2.0,0.0,8.0,0.0,2.0,0.0,1.0,3.0,9.0,6.0,4.0,0.0,40.0,4.0,4.0,1.0,25.0,1.0,16.0,3.0,2.0,3.0,0.0,3.0,8.0,0.0,18.0,9.0,36.0,0.0,6.0,3.0,3.0,12.0,0.0,7.0,11.0,4.0,2.0,3.0,0.0,0.0,3.0,1.0,0.0,5.0,46.0,4.0,3.0,1.0,34.0,35.0,1.0,0.0,0.0,4.0,1.0,3.0,0.0,4.0,0.0,2.0,3.0,0.0,0.0,14.0,1.0,1.0,1.0,0.0,7.0,0.0,4.0,0.0,4.0,4.0,1.0,0.0,2.0,0.0,0.0,20.0,3.0,2.0,0.0,6.0,0.0,5.0,16.0,5.0,1.0,9.0,0.0,1.0,1.0,0.0,1.0,27.0,18.0,6.0,1.0,9.0,6.0,6.0,0.0,6.0,0.0,2.0,1.0,10.0,4.0,0.0,3.0,1.0,1.0,1.0,1.0,10.0,0.0,17.0,4.0,0.0,0.0,2.0,1.0,1.0,0.0,3.0,1.0,1.0,1.0,24.0,2.0,10.0,14.0,8.0,20.0,1.0,0.0,4.0,22.0,5.0,2.0,15.0,1.0,4.0,1.0,1.0,0.0,2.0,1.0,24.0,4.0,0.0,13.0,25.0,1.0,8.0,2.0,1.0,5.0,6.0,16.0,10.0,8.0,5.0,2.0,6.0,6.0,1.0,2.0,5.0,18.0,24.0,1.0,10.0,0.0,27.0,17.0,8.0,0.0,1.0,1.0,1.0,13.0,3.0,13.0,19.0,4.0,13.0,11.0,10.0,0.0,1.0,2.0,1.0,35.0,6.0,10.0,2.0,22.0,0.0,1.0,3.0,13.0,1.0,1.0,0.0,12.0,8.0,27.0,11.0,15.0,7.0,2.0,3.0,5.0,1.0,1.0,2.0,1.0,2.0,10.0,17.0,11.0,8.0,13.0,9.0,1.0,0.0,3.0,2.0,0.0,12.0,14.0,2.0,7.0,30.0,0.0,8.0,22.0,8.0,1.0,3.0,1.0,2.0,6.0,1.0,3.0,1.0,0.0,8.0,1.0,1.0,3.0,10.0,0.0,0.0,0.0,0.0,4.0,2.0,8.0,4.0,0.0,0.0,0.0,0.0,3.0,1.0,0.0,1.0,0.0,1.0,3.0,0.0,0.0,10.0,2.0,1.0,0.0,0.0,8.0,1.0,0.0,0.0,1.0,1.0,2.0,5.0,3.0,3.0,1.0,2.0,1.0,1.0,0.0,2.0,4.0,0.0,0.0,5.0,2.0,1.0,0.0,1.0,1.0,1.0,1.0,17.0,3.0,3.0,2.0
4.0,19.0,40.0,57.0,11.0,2.0,17.0,2.0,2.0,4.0,0.0,14.0,11.0,23.0,2.0,24.0,143.0,15.0,10.0,0.0,4.0,6.0,1.0,3.0,2.0,4.0,6.0,0.0,13.0,12.0,4.0,1.0,44.0,5.0,13.0,6.0,57.0,3.0,38.0,13.0,9.0,10.0,1.0,1.0,11.0,4.0,29.0,6.0,79.0,0.0,2.0,2.0,6.0,29.0,1.0,17.0,15.0,2.0,2.0,2.0,3.0,5.0,4.0,1.0,8.0,15.0,60.0,2.0,9.0,0.0,56.0,48.0,2.0,1.0,2.0,4.0,1.0,13.0,0.0,2.0,0.0,2.0,10.0,4.0,0.0,17.0,0.0,3.0,0.0,1.0,7.0,4.0,11.0,2.0,4.0,20.0,2.0,2.0,0.0,5.0,5.0,63.0,1.0,0.0,2.0,19.0,0.0,15.0,27.0,16.0,5.0,21.0,4.0,15.0,1.0,2.0,8.0,18.0,68.0,13.0,7.0,26.0,13.0,7.0,2.0,5.0,0.0,11.0,3.0,24.0,18.0,2.0,1.0,2.0,2.0,3.0,0.0,21.0,0.0,14.0,5.0,2.0,6.0,2.0,12.0,0.0,5.0,6.0,3.0,1.0,1.0,33.0,7.0,23.0,23.0,11.0,22.0,0.0,0.0,4.0,62.0,14.0,2.0,16.0,1.0,6.0,10.0,5.0,1.0,5.0,3.0,32.0,5.0,1.0,18.0,37.0,4.0,6.0,9.0,3.0,13.0,4.0,39.0,20.0,11.0,7.0,4.0,10.0,8.0,0.0,4.0,11.0,37.0,37.0,3.0,13.0,1.0,45.0,17.0,9.0,8.0,9.0,6.0,4.0,31.0,3.0,24.0,29.0,4.0,8.0,28.0,13.0,2.0,5.0,5.0,1.0,47.0,2.0,17.0,3.0,61.0,5.0,4.0,1.0,47.0,3.0,0.0,2.0,22.0,11.0,51.0,19.0,34.0,7.0,5.0,7.0,13.0,3.0,2.0,5.0,5.0,8.0,14.0,26.0,10.0,5.0,49.0,14.0,0.0,1.0,6.0,7.0,3.0,16.0,33.0,2.0,23.0,31.0,0.0,24.0,31.0,9.0,3.0,3.0,3.0,7.0,10.0,5.0,5.0,2.0,2.0,4.0,3.0,0.0,8.0,43.0,7.0,1.0,1.0,1.0,8.0,6.0,27.0,5.0,1.0,1.0,0.0,0.0,1.0,1.0,1.0,6.0,5.0,1.0,8.0,0.0,1.0,15.0,7.0,4.0,1.0,2.0,7.0,3.0,0.0,1.0,4.0,2.0,16.0,0.0,1.0,4.0,1.0,4.0,5.0,3.0,3.0,9.0,5.0,7.0,1.0,4.0,7.0,1.0,4.0,0.0,1.0,0.0,2.0,29.0,1.0,1.0,0.0
0.0,10.0,24.0,17.0,4.0,2.0,4.0,2.0,2.0,2.0,2.0,9.0,2.0,13.0,0.0,14.0,60.0,2.0,3.0,0.0,0.0,4.0,1.0,2.0,1.0,4.0,2.0,4.0,3.0,7.0,1.0,0.0,19.0,2.0,6.0,2.0,32.0,1.0,26.0,2.0,6.0,7.0,2.0,0.0,3.0,0.0,8.0,3.0,38.0,0.0,0.0,0.0,2.0,5.0,0.0,4.0,9.0,2.0,0.0,0.0,0.0,2.0,0.0,3.0,0.0,7.0,16.0,2.0,6.0,1.0,37.0,24.0,2.0,1.0,2.0,2.0,0.0,3.0,0.0,2.0,0.0,0.0,5.0,2.0,0.0,9.0,1.0,1.0,1.0,2.0,0.0,4.0,1.0,2.0,7.0,6.0,1.0,0.0,0.0,2.0,2.0,12.0,0.0,0.0,2.0,5.0,0.0,12.0,9.0,11.0,4.0,9.0,0.0,1.0,0.0,0.0,6.0,6.0,13.0,23.0,0.0,12.0,3.0,4.0,0.0,5.0,0.0,4.0,1.0,9.0,10.0,0.0,0.0,5.0,5.0,3.0,1.0,9.0,0.0,7.0,1.0,2.0,0.0,3.0,5.0,1.0,4.0,2.0,2.0,3.0,2.0,14.0,4.0,13.0,11.0,7.0,9.0,1.0,0.0,0.0,17.0,1.0,2.0,7.0,1.0,7.0,6.0,1.0,1.0,2.0,1.0,11.0,3.0,0.0,11.0,14.0,2.0,2.0,6.0,4.0,10.0,3.0,19.0,12.0,3.0,6.0,0.0,4.0,2.0,1.0,8.0,11.0,18.0,32.0,1.0,10.0,2.0,24.0,12.0,7.0,0.0,5.0,1.0,0.0,7.0,2.0,10.0,19.0,2.0,2.0,17.0,9.0,1.0,4.0,2.0,3.0,21.0,0.0,12.0,2.0,21.0,2.0,5.0,0.0,16.0,4.0,1.0,2.0,11.0,6.0,20.0,10.0,12.0,7.0,5.0,5.0,6.0,0.0,0.0,2.0,2.0,11.0,13.0,11.0,6.0,0.0,10.0,6.0,1.0,0.0,3.0,6.0,0.0,14.0,9.0,0.0,11.0,9.0,0.0,18.0,14.0,7.0,0.0,6.0,4.0,4.0,7.0,0.0,5.0,1.0,2.0,5.0,1.0,1.0,3.0,9.0,1.0,1.0,0.0,2.0,7.0,2.0,11.0,4.0,1.0,0.0,0.0,0.0,0.0,2.0,0.0,1.0,2.0,0.0,3.0,0.0,0.0,4.0,4.0,0.0,0.0,0.0,0.0,1.0,0.0,0.0,3.0,0.0,4.0,1.0,0.0,6.0,1.0,0.0,2.0,1.0,0.0,6.0,2.0,5.0,2.0,1.0,11.0,2.0,2.0,1.0,2.0,1.0,0.0,12.0,0.0,0.0,0.0
1.0,3.0,4.0,5.0,0.0,0.0,2.0,2.0,0.0,0.0,2.0,5.0,0.0,1.0,1.0,3.0,12.0,1.0,0.0,0.0,2.0,0.0,0.0,0.0,0.0,0.0,1.0,0.0,1.0,2.0,0.0,0.0,3.0,0.0,1.0,0.0,5.0,0.0,2.0,1.0,1.0,0.0,0.0,0.0,3.0,1.0,6.0,0.0,2.0,0.0,0.0,0.0,1.0,3.0,0.0,1.0,1.0,0.0,0.0,0.0,1.0,0.0,2.0,0.0,1.0,1.0,5.0,2.0,1.0,0.0,4.0,4.0,0.0,0.0,0.0,0.0,0.0,0.0,0.0,0.0,0.0,0.0,0.0,0.0,0.0,0.0,0.0,0.0,0.0,0.0,1.0,0.0,1.0,0.0,0.0,2.0,0.0,1.0,0.0,0.0,0.0,11.0,0.0,2.0,0.0,2.0,0.0,2.0,2.0,2.0,0.0,1.0,1.0,0.0,0.0,1.0,2.0,1.0,7.0,0.0,7.0,2.0,1.0,1.0,0.0,0.0,0.0,0.0,0.0,3.0,2.0,2.0,0.0,3.0,0.0,1.0,0.0,5.0,2.0,4.0,0.0,0.0,2.0,0.0,1.0,0.0,1.0,1.0,0.0,0.0,0.0,0.0,1.0,1.0,3.0,0.0,2.0,0.0,0.0,0.0,6.0,1.0,2.0,1.0,0.0,0.0,1.0,1.0,0.0,0.0,1.0,4.0,1.0,0.0,1.0,1.0,0.0,0.0,1.0,0.0,1.0,0.0,2.0,0.0,0.0,0.0,1.0,0.0,0.0,0.0,1.0,1.0,3.0,3.0,0.0,2.0,0.0,3.0,6.0,0.0,2.0,0.0,0.0,0.0,7.0,0.0,5.0,0.0,0.0,1.0,7.0,0.0,0.0,4.0,1.0,0.0,6.0,0.0,1.0,0.0,3.0,0.0,0.0,0.0,6.0,0.0,0.0,0.0,0.0,0.0,7.0,2.0,5.0,0.0,0.0,0.0,3.0,0.0,0.0,0.0,1.0,0.0,2.0,0.0,0.0,0.0,9.0,0.0,0.0,0.0,1.0,0.0,0.0,3.0,7.0,0.0,1.0,1.0,0.0,5.0,3.0,1.0,0.0,0.0,0.0,0.0,1.0,0.0,2.0,0.0,2.0,2.0,1.0,0.0,2.0,6.0,1.0,0.0,0.0,0.0,1.0,2.0,2.0,0.0,0.0,0.0,0.0,0.0,0.0,0.0,0.0,0.0,0.0,0.0,0.0,0.0,0.0,1.0,0.0,1.0,0.0,1.0,1.0,0.0,2.0,0.0,0.0,1.0,0.0,0.0,0.0,0.0,0.0,0.0,1.0,0.0,0.0,1.0,0.0,1.0,0.0,0.0,0.0,0.0,0.0,0.0,0.0,0.0,0.0,4.0,0.0,0.0,0.0
1.0,13.0,24.0,32.0,10.0,0.0,7.0,1.0,3.0,0.0,1.0,12.0,15.0,15.0,1.0,9.0,84.0,8.0,6.0,1.0,2.0,6.0,2.0,0.0,2.0,1.0,4.0,5.0,8.0,6.0,2.0,1.0,31.0,2.0,6.0,2.0,40.0,1.0,25.0,10.0,4.0,4.0,1.0,1.0,3.0,1.0,11.0,9.0,54.0,1.0,2.0,1.0,10.0,14.0,0.0,8.0,15.0,2.0,0.0,4.0,1.0,5.0,1.0,2.0,8.0,14.0,32.0,1.0,8.0,2.0,27.0,35.0,3.0,0.0,1.0,2.0,0.0,4.0,0.0,1.0,1.0,1.0,2.0,4.0,1.0,9.0,0.0,5.0,1.0,1.0,5.0,2.0,7.0,1.0,2.0,8.0,5.0,0.0,0.0,4.0,4.0,37.0,1.0,0.0,1.0,8.0,0.0,10.0,21.0,14.0,2.0,13.0,3.0,11.0,0.0,0.0,9.0,9.0,26.0,12.0,2.0,38.0,10.0,6.0,3.0,6.0,1.0,11.0,1.0,15.0,4.0,0.0,1.0,3.0,2.0,2.0,0.0,17.0,0.0,15.0,8.0,0.0,5.0,1.0,9.0,2.0,2.0,2.0,1.0,2.0,0.0,26.0,6.0,18.0,13.0,9.0,16.0,1.0,1.0,0.0,30.0,5.0,2.0,8.0,1.0,6.0,6.0,1.0,0.0,0.0,2.0,16.0,3.0,3.0,16.0,25.0,2.0,3.0,2.0,1.0,11.0,3.0,26.0,12.0,5.0,3.0,0.0,8.0,2.0,0.0,4.0,4.0,27.0,26.0,2.0,10.0,1.0,29.0,12.0,8.0,5.0,2.0,5.0,4.0,14.0,2.0,12.0,21.0,7.0,6.0,16.0,13.0,1.0,4.0,2.0,3.0,29.0,2.0,13.0,1.0,38.0,2.0,6.0,1.0,23.0,3.0,0.0,2.0,10.0,9.0,27.0,16.0,17.0,9.0,5.0,6.0,3.0,1.0,3.0,7.0,3.0,6.0,14.0,16.0,5.0,2.0,30.0,12.0,0.0,0.0,1.0,3.0,5.0,13.0,29.0,0.0,15.0,18.0,1.0,23.0,19.0,3.0,2.0,2.0,2.0,3.0,12.0,5.0,6.0,5.0,2.0,8.0,2.0,0.0,4.0,26.0,6.0,0.0,1.0,1.0,3.0,2.0,14.0,2.0,0.0,0.0,0.0,1.0,2.0,1.0,0.0,4.0,5.0,0.0,7.0,0.0,0.0,13.0,3.0,2.0,1.0,0.0,3.0,1.0,1.0,0.0,2.0,1.0,7.0,1.0,1.0,4.0,1.0,6.0,3.0,1.0,0.0,2.0,1.0,2.0,1.0,1.0,6.0,0.0,0.0,0.0,0.0,1.0,2.0,18.0,1.0,1.0,0.0
0.0,2.0,16.0,18.0,3.0,0.0,2.0,1.0,1.0,1.0,0.0,4.0,3.0,11.0,0.0,8.0,48.0,7.0,4.0,1.0,0.0,4.0,1.0,1.0,3.0,1.0,1.0,1.0,3.0,0.0,1.0,2.0,18.0,2.0,8.0,3.0,17.0,0.0,15.0,3.0,4.0,0.0,0.0,1.0,6.0,2.0,9.0,8.0,23.0,2.0,2.0,1.0,1.0,8.0,1.0,7.0,8.0,2.0,0.0,3.0,1.0,2.0,1.0,0.0,5.0,4.0,19.0,1.0,4.0,2.0,16.0,13.0,0.0,0.0,3.0,6.0,0.0,5.0,0.0,1.0,1.0,0.0,1.0,1.0,1.0,6.0,0.0,0.0,0.0,0.0,3.0,1.0,4.0,1.0,0.0,2.0,4.0,0.0,0.0,2.0,1.0,23.0,1.0,0.0,1.0,7.0,0.0,7.0,11.0,6.0,2.0,7.0,0.0,2.0,0.0,0.0,1.0,6.0,13.0,3.0,1.0,10.0,16.0,2.0,0.0,1.0,1.0,1.0,0.0,9.0,4.0,1.0,1.0,0.0,1.0,0.0,0.0,8.0,0.0,10.0,1.0,0.0,1.0,1.0,5.0,0.0,1.0,2.0,0.0,1.0,0.0,11.0,2.0,2.0,8.0,4.0,7.0,0.0,1.0,2.0,11.0,7.0,2.0,10.0,1.0,2.0,4.0,1.0,0.0,0.0,1.0,11.0,1.0,1.0,7.0,15.0,0.0,3.0,2.0,1.0,9.0,2.0,9.0,9.0,2.0,0.0,0.0,5.0,1.0,0.0,1.0,2.0,10.0,19.0,0.0,9.0,0.0,13.0,7.0,1.0,2.0,1.0,1.0,0.0,6.0,1.0,7.0,10.0,3.0,7.0,8.0,5.0,2.0,3.0,2.0,2.0,18.0,2.0,5.0,0.0,19.0,1.0,0.0,1.0,15.0,1.0,0.0,0.0,7.0,3.0,13.0,7.0,8.0,3.0,1.0,1.0,1.0,0.0,1.0,2.0,2.0,2.0,3.0,7.0,4.0,3.0,16.0,8.0,2.0,1.0,0.0,3.0,1.0,12.0,14.0,0.0,10.0,15.0,0.0,4.0,14.0,2.0,0.0,1.0,3.0,0.0,2.0,4.0,5.0,2.0,1.0,3.0,1.0,0.0,4.0,16.0,0.0,0.0,0.0,0.0,3.0,0.0,1.0,2.0,0.0,1.0,4.0,1.0,2.0,0.0,0.0,0.0,1.0,0.0,1.0,2.0,0.0,5.0,1.0,1.0,1.0,0.0,3.0,0.0,0.0,0.0,0.0,0.0,5.0,0.0,1.0,1.0,1.0,2.0,2.0,0.0,0.0,2.0,2.0,2.0,0.0,1.0,2.0,0.0,1.0,0.0,0.0,1.0,3.0,11.0,1.0,1.0,0.0
0.0,4.0,12.0,15.0,4.0,0.0,4.0,0.0,0.0,0.0,0.0,8.0,3.0,6.0,1.0,9.0,26.0,6.0,5.0,0.0,2.0,2.0,0.0,0.0,4.0,0.0,1.0,2.0,1.0,3.0,0.0,0.0,10.0,0.0,2.0,1.0,16.0,0.0,9.0,4.0,3.0,0.0,0.0,0.0,5.0,0.0,3.0,2.0,19.0,1.0,0.0,0.0,2.0,2.0,0.0,2.0,3.0,1.0,4.0,0.0,0.0,1.0,0.0,0.0,3.0,5.0,15.0,1.0,3.0,1.0,16.0,14.0,1.0,0.0,0.0,1.0,2.0,1.0,0.0,1.0,0.0,1.0,4.0,1.0,0.0,5.0,1.0,1.0,0.0,0.0,1.0,0.0,2.0,0.0,5.0,2.0,2.0,0.0,0.0,1.0,1.0,12.0,0.0,0.0,0.0,8.0,0.0,3.0,5.0,4.0,2.0,6.0,1.0,4.0,2.0,0.0,2.0,6.0,7.0,4.0,1.0,6.0,2.0,11.0,1.0,0.0,0.0,3.0,0.0,7.0,4.0,0.0,0.0,0.0,1.0,0.0,1.0,7.0,0.0,8.0,4.0,0.0,1.0,2.0,2.0,0.0,0.0,0.0,1.0,1.0,1.0,7.0,1.0,6.0,3.0,4.0,7.0,0.0,0.0,1.0,7.0,6.0,4.0,4.0,1.0,2.0,2.0,1.0,0.0,0.0,0.0,7.0,2.0,2.0,4.0,8.0,1.0,0.0,2.0,1.0,4.0,2.0,10.0,3.0,2.0,3.0,0.0,1.0,3.0,1.0,1.0,6.0,6.0,11.0,1.0,1.0,0.0,16.0,7.0,5.0,1.0,0.0,2.0,3.0,3.0,0.0,9.0,6.0,4.0,2.0,8.0,5.0,0.0,2.0,2.0,1.0,23.0,0.0,2.0,0.0,17.0,0.0,1.0,0.0,13.0,0.0,1.0,0.0,5.0,4.0,5.0,5.0,4.0,1.0,4.0,2.0,2.0,2.0,0.0,2.0,1.0,1.0,2.0,6.0,2.0,0.0,11.0,4.0,1.0,0.0,1.0,2.0,1.0,9.0,12.0,0.0,11.0,8.0,1.0,7.0,11.0,6.0,2.0,4.0,2.0,0.0,3.0,1.0,3.0,2.0,0.0,2.0,1.0,1.0,3.0,9.0,2.0,0.0,0.0,0.0,2.0,1.0,5.0,1.0,0.0,0.0,0.0,0.0,0.0,1.0,0.0,2.0,1.0,2.0,7.0,0.0,0.0,4.0,1.0,0.0,0.0,0.0,0.0,0.0,0.0,0.0,0.0,1.0,1.0,0.0,0.0,0.0,1.0,2.0,1.0,0.0,0.0,2.0,1.0,0.0,0.0,0.0,1.0,1.0,0.0,1.0,1.0,1.0,3.0,9.0,0.0,0.0,0.0
0.0,1.0,1.0,4.0,2.0,0.0,0.0,0.0,0.0,0.0,0.0,1.0,2.0,1.0,0.0,0.0,7.0,1.0,0.0,0.0,0.0,1.0,0.0,0.0,0.0,0.0,0.0,0.0,1.0,0.0,0.0,0.0,3.0,0.0,0.0,0.0,3.0,0.0,1.0,2.0,0.0,0.0,0.0,0.0,0.0,0.0,0.0,0.0,6.0,0.0,0.0,0.0,1.0,1.0,0.0,0.0,1.0,0.0,0.0,0.0,0.0,1.0,0.0,0.0,2.0,1.0,2.0,0.0,0.0,0.0,0.0,3.0,0.0,0.0,0.0,0.0,0.0,0.0,0.0,0.0,0.0,0.0,0.0,1.0,0.0,0.0,0.0,1.0,0.0,0.0,0.0,0.0,1.0,0.0,0.0,0.0,1.0,0.0,0.0,1.0,1.0,2.0,0.0,0.0,0.0,0.0,0.0,0.0,1.0,1.0,0.0,2.0,1.0,3.0,0.0,0.0,2.0,0.0,2.0,0.0,0.0,3.0,0.0,1.0,1.0,0.0,0.0,3.0,0.0,1.0,0.0,0.0,0.0,0.0,0.0,0.0,0.0,2.0,0.0,1.0,2.0,0.0,1.0,0.0,1.0,0.0,0.0,0.0,0.0,0.0,0.0,3.0,0.0,1.0,0.0,1.0,1.0,0.0,0.0,0.0,3.0,1.0,0.0,0.0,0.0,0.0,1.0,0.0,0.0,0.0,0.0,0.0,0.0,0.0,1.0,1.0,0.0,0.0,0.0,0.0,1.0,0.0,3.0,0.0,1.0,0.0,0.0,1.0,0.0,0.0,0.0,0.0,3.0,0.0,0.0,0.0,0.0,1.0,0.0,0.0,1.0,0.0,1.0,1.0,0.0,0.0,0.0,2.0,0.0,0.0,1.0,0.0,0.0,0.0,0.0,0.0,1.0,0.0,1.0,0.0,2.0,0.0,1.0,0.0,2.0,0.0,0.0,0.0,0.0,1.0,0.0,2.0,0.0,0.0,1.0,1.0,0.0,0.0,0.0,0.0,0.0,0.0,1.0,2.0,0.0,0.0,2.0,1.0,0.0,0.0,0.0,0.0,1.0,0.0,1.0,0.0,1.0,0.0,0.0,3.0,1.0,0.0,0.0,0.0,0.0,0.0,1.0,1.0,0.0,1.0,0.0,0.0,0.0,0.0,0.0,2.0,2.0,0.0,0.0,0.0,0.0,0.0,1.0,0.0,0.0,0.0,0.0,0.0,0.0,0.0,0.0,1.0,1.0,0.0,1.0,0.0,0.0,2.0,0.0,0.0,0.0,0.0,0.0,0.0,0.0,0.0,0.0,0.0,1.0,0.0,0.0,0.0,0.0,0.0,0.0,0.0,0.0,0.0,0.0,0.0,0.0,0.0,0.0,0.0,0.0,0.0,0.0,0.0,0.0,1.0,0.0,0.0,0.0
2.0,3.0,12.0,17.0,3.0,0.0,6.0,1.0,0.0,0.0,0.0,4.0,3.0,3.0,0.0,5.0,36.0,0.0,6.0,0.0,0.0,0.0,4.0,0.0,0.0,0.0,0.0,2.0,4.0,3.0,1.0,0.0,14.0,1.0,2.0,2.0,17.0,0.0,16.0,0.0,4.0,4.0,2.0,1.0,2.0,0.0,8.0,7.0,27.0,0.0,2.0,1.0,0.0,8.0,0.0,2.0,7.0,1.0,0.0,3.0,0.0,0.0,1.0,3.0,0.0,3.0,9.0,1.0,1.0,0.0,15.0,15.0,0.0,0.0,0.0,1.0,0.0,0.0,0.0,1.0,0.0,0.0,2.0,0.0,0.0,5.0,0.0,3.0,1.0,2.0,1.0,0.0,3.0,0.0,2.0,6.0,0.0,0.0,1.0,0.0,0.0,7.0,1.0,1.0,0.0,2.0,0.0,10.0,14.0,3.0,0.0,4.0,0.0,2.0,0.0,0.0,1.0,6.0,5.0,5.0,0.0,6.0,1.0,0.0,0.0,11.0,0.0,2.0,0.0,4.0,1.0,0.0,1.0,1.0,0.0,3.0,0.0,8.0,0.0,5.0,2.0,0.0,2.0,0.0,2.0,1.0,2.0,1.0,2.0,2.0,0.0,15.0,1.0,8.0,5.0,3.0,9.0,1.0,0.0,1.0,12.0,0.0,0.0,3.0,0.0,3.0,0.0,0.0,0.0,0.0,1.0,6.0,2.0,0.0,5.0,6.0,1.0,2.0,0.0,0.0,7.0,2.0,9.0,4.0,1.0,2.0,0.0,2.0,2.0,0.0,1.0,2.0,14.0,14.0,0.0,11.0,2.0,17.0,9.0,7.0,0.0,2.0,2.0,2.0,8.0,3.0,2.0,10.0,0.0,5.0,8.0,6.0,0.0,2.0,1.0,2.0,9.0,2.0,7.0,3.0,8.0,2.0,3.0,1.0,2.0,1.0,0.0,4.0,7.0,1.0,18.0,4.0,9.0,6.0,0.0,1.0,3.0,2.0,0.0,2.0,2.0,5.0,6.0,8.0,5.0,2.0,3.0,5.0,0.0,0.0,3.0,1.0,2.0,4.0,5.0,0.0,2.0,5.0,0.0,12.0,10.0,1.0,4.0,0.0,0.0,2.0,1.0,0.0,2.0,0.0,2.0,5.0,0.0,0.0,0.0,0.0,0.0,0.0,2.0,2.0,5.0,3.0,12.0,1.0,0.0,0.0,0.0,0.0,1.0,0.0,0.0,2.0,2.0,0.0,4.0,0.0,0.0,4.0,2.0,0.0,0.0,0.0,2.0,0.0,0.0,0.0,2.0,0.0,0.0,3.0,1.0,7.0,0.0,0.0,2.0,0.0,0.0,0.0,3.0,0.0,2.0,1.0,5.0,0.0,0.0,0.0,0.0,0.0,0.0,8.0,1.0,1.0,1.0
0.0,0.0,0.0,1.0,0.0,0.0,0.0,0.0,0.0,0.0,0.0,1.0,2.0,2.0,0.0,0.0,3.0,0.0,0.0,1.0,0.0,0.0,0.0,0.0,0.0,0.0,0.0,0.0,0.0,0.0,0.0,1.0,0.0,0.0,1.0,0.0,0.0,0.0,0.0,0.0,0.0,0.0,0.0,0.0,0.0,0.0,0.0,2.0,1.0,0.0,0.0,0.0,0.0,0.0,0.0,1.0,1.0,1.0,0.0,2.0,0.0,0.0,0.0,0.0,0.0,2.0,1.0,0.0,0.0,1.0,2.0,3.0,0.0,0.0,0.0,0.0,0.0,2.0,0.0,0.0,1.0,0.0,0.0,0.0,1.0,0.0,0.0,0.0,0.0,0.0,1.0,0.0,1.0,0.0,0.0,0.0,2.0,0.0,0.0,0.0,0.0,1.0,0.0,0.0,0.0,2.0,0.0,0.0,0.0,0.0,0.0,1.0,0.0,0.0,0.0,0.0,0.0,0.0,0.0,0.0,0.0,1.0,1.0,0.0,0.0,0.0,1.0,0.0,0.0,0.0,0.0,0.0,0.0,0.0,0.0,0.0,0.0,1.0,0.0,1.0,0.0,0.0,0.0,0.0,2.0,0.0,0.0,0.0,0.0,0.0,0.0,0.0,1.0,1.0,0.0,0.0,2.0,0.0,1.0,0.0,0.0,0.0,1.0,0.0,0.0,0.0,0.0,0.0,0.0,0.0,0.0,0.0,0.0,0.0,0.0,3.0,0.0,0.0,0.0,0.0,1.0,0.0,0.0,0.0,0.0,0.0,0.0,0.0,0.0,0.0,0.0,0.0,0.0,0.0,0.0,2.0,0.0,1.0,2.0,0.0,0.0,0.0,1.0,0.0,0.0,0.0,0.0,3.0,0.0,0.0,0.0,0.0,1.0,2.0,0.0,1.0,2.0,0.0,0.0,0.0,2.0,1.0,0.0,0.0,0.0,0.0,0.0,0.0,0.0,0.0,1.0,2.0,2.0,0.0,0.0,0.0,0.0,0.0,0.0,0.0,0.0,0.0,0.0,0.0,1.0,0.0,1.0,1.0,0.0,0.0,0.0,0.0,1.0,3.0,1.0,0.0,2.0,2.0,0.0,0.0,2.0,0.0,0.0,0.0,0.0,0.0,0.0,0.0,4.0,1.0,1.0,0.0,1.0,0.0,1.0,1.0,0.0,0.0,0.0,0.0,0.0,0.0,0.0,0.0,0.0,0.0,0.0,1.0,1.0,0.0,0.0,0.0,0.0,0.0,0.0,0.0,0.0,2.0,0.0,0.0,0.0,0.0,0.0,0.0,0.0,0.0,0.0,0.0,0.0,0.0,0.0,0.0,0.0,0.0,0.0,0.0,0.0,0.0,0.0,0.0,0.0,0.0,0.0,0.0,0.0,0.0,0.0,0.0,1.0,0.0,0.0,0.0,0.0
0.0,6.0,9.0,19.0,7.0,0.0,1.0,1.0,0.0,0.0,0.0,4.0,6.0,7.0,0.0,3.0,35.0,3.0,2.0,0.0,0.0,5.0,0.0,0.0,0.0,1.0,0.0,0.0,5.0,1.0,0.0,0.0,14.0,0.0,1.0,0.0,19.0,0.0,11.0,7.0,2.0,2.0,1.0,0.0,0.0,0.0,3.0,1.0,34.0,0.0,0.0,0.0,3.0,4.0,0.0,0.0,6.0,0.0,0.0,0.0,0.0,4.0,0.0,1.0,6.0,4.0,13.0,0.0,1.0,0.0,12.0,16.0,0.0,0.0,1.0,0.0,0.0,0.0,0.0,0.0,0.0,1.0,1.0,4.0,0.0,3.0,0.0,3.0,0.0,1.0,1.0,1.0,3.0,1.0,1.0,1.0,3.0,0.0,0.0,4.0,4.0,9.0,0.0,0.0,1.0,0.0,0.0,5.0,6.0,5.0,2.0,8.0,3.0,9.0,0.0,0.0,7.0,2.0,11.0,4.0,0.0,11.0,1.0,3.0,3.0,2.0,0.0,12.0,0.0,6.0,1.0,0.0,0.0,0.0,1.0,1.0,0.0,7.0,0.0,3.0,6.0,0.0,3.0,0.0,4.0,0.0,2.0,1.0,0.0,1.0,0.0,14.0,0.0,5.0,3.0,4.0,6.0,0.0,0.0,1.0,16.0,3.0,0.0,2.0,0.0,1.0,5.0,0.0,0.0,1.0,0.0,5.0,2.0,0.0,5.0,7.0,0.0,2.0,1.0,1.0,7.0,0.0,15.0,5.0,6.0,2.0,1.0,5.0,2.0,0.0,1.0,2.0,15.0,9.0,0.0,4.0,1.0,10.0,3.0,2.0,3.0,1.0,3.0,3.0,2.0,1.0,1.0,12.0,0.0,0.0,8.0,3.0,0.0,2.0,0.0,1.0,7.0,0.0,6.0,1.0,9.0,1.0,4.0,0.0,9.0,1.0,0.0,1.0,3.0,3.0,7.0,9.0,2.0,2.0,4.0,3.0,2.0,0.0,0.0,1.0,0.0,4.0,5.0,10.0,2.0,1.0,9.0,4.0,0.0,0.0,1.0,1.0,3.0,2.0,4.0,1.0,5.0,4.0,0.0,15.0,7.0,0.0,0.0,1.0,1.0,1.0,4.0,3.0,2.0,3.0,1.0,0.0,0.0,0.0,0.0,9.0,6.0,0.0,0.0,1.0,3.0,1.0,4.0,1.0,0.0,0.0,0.0,0.0,0.0,0.0,0.0,3.0,4.0,0.0,4.0,0.0,0.0,8.0,1.0,0.0,0.0,0.0,1.0,0.0,0.0,0.0,1.0,0.0,5.0,0.0,0.0,3.0,0.0,0.0,0.0,0.0,0.0,1.0,2.0,2.0,1.0,1.0,4.0,0.0,0.0,0.0,0.0,0.0,0.0,6.0,0.0,0.0,0.0
0.0,1.0,0.0,2.0,0.0,0.0,2.0,0.0,0.0,0.0,0.0,0.0,0.0,1.0,0.0,0.0,7.0,0.0,0.0,0.0,0.0,0.0,0.0,0.0,0.0,0.0,0.0,0.0,1.0,2.0,1.0,0.0,1.0,0.0,1.0,0.0,2.0,1.0,1.0,0.0,0.0,2.0,0.0,0.0,0.0,0.0,2.0,0.0,2.0,0.0,0.0,0.0,0.0,2.0,0.0,2.0,0.0,0.0,0.0,0.0,0.0,0.0,0.0,0.0,0.0,0.0,3.0,0.0,0.0,0.0,2.0,5.0,0.0,0.0,0.0,0.0,0.0,1.0,0.0,0.0,0.0,0.0,1.0,0.0,0.0,0.0,0.0,0.0,0.0,0.0,0.0,0.0,0.0,0.0,0.0,2.0,0.0,0.0,0.0,0.0,0.0,1.0,0.0,0.0,0.0,0.0,0.0,0.0,0.0,1.0,0.0,0.0,0.0,0.0,0.0,0.0,0.0,1.0,3.0,1.0,0.0,1.0,0.0,0.0,0.0,0.0,0.0,0.0,1.0,0.0,0.0,0.0,0.0,0.0,0.0,0.0,0.0,1.0,0.0,0.0,0.0,0.0,0.0,0.0,0.0,0.0,0.0,0.0,0.0,0.0,0.0,1.0,0.0,2.0,1.0,0.0,0.0,0.0,0.0,0.0,4.0,1.0,0.0,2.0,0.0,0.0,0.0,0.0,0.0,0.0,0.0,0.0,0.0,0.0,0.0,2.0,0.0,0.0,0.0,0.0,0.0,1.0,1.0,1.0,0.0,1.0,0.0,0.0,0.0,0.0,0.0,0.0,1.0,0.0,1.0,0.0,0.0,1.0,0.0,0.0,0.0,1.0,0.0,0.0,2.0,0.0,0.0,1.0,0.0,0.0,0.0,0.0,0.0,0.0,0.0,0.0,1.0,0.0,0.0,0.0,4.0,0.0,0.0,0.0,3.0,0.0,0.0,0.0,1.0,1.0,3.0,1.0,2.0,1.0,0.0,0.0,1.0,0.0,0.0,0.0,0.0,0.0,2.0,3.0,0.0,0.0,1.0,0.0,0.0,0.0,0.0,0.0,0.0,0.0,1.0,0.0,1.0,1.0,0.0,0.0,1.0,0.0,0.0,0.0,0.0,2.0,0.0,0.0,0.0,0.0,0.0,0.0,0.0,0.0,0.0,1.0,0.0,0.0,0.0,0.0,0.0,0.0,2.0,0.0,0.0,0.0,0.0,0.0,0.0,0.0,0.0,0.0,0.0,0.0,0.0,0.0,0.0,0.0,1.0,0.0,0.0,0.0,0.0,1.0,0.0,0.0,1.0,0.0,0.0,0.0,0.0,0.0,0.0,0.0,0.0,1.0,0.0,0.0,0.0,0.0,0.0,0.0,0.0,0.0,0.0,0.0,0.0,0.0,0.0,0.0,0.0,0.0,0.0
1.0,14.0,43.0,32.0,5.0,3.0,3.0,1.0,1.0,4.0,0.0,13.0,6.0,12.0,1.0,19.0,89.0,6.0,5.0,0.0,2.0,5.0,2.0,5.0,3.0,4.0,2.0,5.0,9.0,4.0,1.0,1.0,31.0,5.0,13.0,2.0,48.0,0.0,32.0,7.0,6.0,5.0,1.0,1.0,8.0,1.0,10.0,7.0,49.0,3.0,2.0,2.0,3.0,12.0,1.0,8.0,7.0,3.0,0.0,1.0,2.0,2.0,3.0,2.0,7.0,11.0,31.0,2.0,14.0,1.0,38.0,30.0,1.0,2.0,1.0,2.0,0.0,5.0,0.0,1.0,0.0,3.0,7.0,2.0,0.0,11.0,1.0,2.0,1.0,1.0,4.0,1.0,3.0,1.0,1.0,7.0,2.0,0.0,0.0,3.0,2.0,27.0,1.0,0.0,1.0,9.0,1.0,13.0,24.0,11.0,2.0,12.0,1.0,4.0,0.0,0.0,5.0,10.0,24.0,9.0,3.0,15.0,9.0,7.0,1.0,4.0,0.0,6.0,0.0,31.0,15.0,1.0,2.0,1.0,1.0,2.0,0.0,13.0,0.0,12.0,9.0,3.0,1.0,1.0,4.0,1.0,2.0,2.0,0.0,2.0,1.0,18.0,3.0,16.0,13.0,5.0,14.0,1.0,0.0,5.0,21.0,9.0,2.0,12.0,1.0,3.0,8.0,4.0,1.0,4.0,3.0,20.0,4.0,4.0,18.0,21.0,5.0,4.0,8.0,1.0,10.0,4.0,27.0,14.0,6.0,6.0,1.0,5.0,2.0,0.0,2.0,3.0,18.0,40.0,2.0,9.0,1.0,27.0,12.0,4.0,5.0,5.0,1.0,1.0,14.0,2.0,20.0,20.0,7.0,8.0,24.0,16.0,3.0,2.0,3.0,2.0,42.0,2.0,13.0,2.0,27.0,2.0,3.0,1.0,22.0,4.0,0.0,1.0,18.0,3.0,28.0,15.0,18.0,4.0,5.0,7.0,7.0,0.0,1.0,8.0,3.0,5.0,10.0,14.0,11.0,4.0,22.0,10.0,0.0,1.0,2.0,9.0,1.0,16.0,17.0,1.0,18.0,17.0,2.0,18.0,17.0,9.0,0.0,4.0,6.0,1.0,8.0,3.0,4.0,2.0,1.0,3.0,2.0,0.0,5.0,19.0,4.0,2.0,0.0,1.0,8.0,3.0,10.0,2.0,2.0,1.0,0.0,0.0,1.0,0.0,0.0,1.0,2.0,0.0,4.0,0.0,0.0,11.0,2.0,1.0,1.0,0.0,5.0,0.0,0.0,2.0,1.0,1.0,5.0,1.0,1.0,5.0,1.0,6.0,3.0,0.0,0.0,8.0,6.0,4.0,1.0,3.0,5.0,0.0,5.0,0.0,0.0,1.0,2.0,35.0,1.0,1.0,0.0
1.0,11.0,24.0,23.0,4.0,6.0,4.0,1.0,0.0,8.0,0.0,8.0,4.0,11.0,1.0,34.0,70.0,6.0,4.0,0.0,2.0,3.0,1.0,9.0,1.0,7.0,1.0,3.0,0.0,3.0,0.0,1.0,16.0,6.0,14.0,3.0,27.0,0.0,20.0,2.0,8.0,2.0,0.0,0.0,8.0,2.0,8.0,2.0,29.0,1.0,0.0,1.0,1.0,7.0,1.0,6.0,6.0,5.0,2.0,0.0,0.0,1.0,3.0,1.0,3.0,11.0,16.0,0.0,11.0,0.0,33.0,17.0,3.0,4.0,2.0,5.0,1.0,6.0,0.0,0.0,0.0,0.0,11.0,1.0,0.0,7.0,1.0,1.0,1.0,0.0,1.0,3.0,3.0,1.0,3.0,9.0,2.0,1.0,0.0,2.0,2.0,21.0,0.0,0.0,1.0,13.0,0.0,7.0,6.0,12.0,4.0,15.0,1.0,2.0,1.0,1.0,5.0,4.0,18.0,10.0,2.0,4.0,4.0,4.0,0.0,1.0,0.0,1.0,0.0,15.0,34.0,2.0,0.0,2.0,2.0,2.0,1.0,12.0,0.0,8.0,2.0,6.0,2.0,1.0,4.0,2.0,2.0,3.0,1.0,0.0,3.0,10.0,1.0,6.0,15.0,3.0,11.0,1.0,0.0,2.0,14.0,7.0,2.0,5.0,1.0,2.0,10.0,7.0,2.0,7.0,1.0,13.0,2.0,0.0,9.0,10.0,5.0,1.0,15.0,1.0,6.0,2.0,15.0,9.0,4.0,2.0,1.0,3.0,1.0,1.0,4.0,7.0,10.0,35.0,0.0,6.0,0.0,13.0,9.0,5.0,0.0,9.0,1.0,1.0,6.0,1.0,20.0,17.0,1.0,6.0,21.0,9.0,6.0,3.0,11.0,0.0,34.0,0.0,11.0,2.0,21.0,1.0,2.0,0.0,17.0,7.0,1.0,0.0,10.0,1.0,20.0,8.0,13.0,0.0,2.0,10.0,4.0,2.0,1.0,0.0,5.0,5.0,7.0,8.0,8.0,1.0,18.0,6.0,2.0,1.0,5.0,13.0,0.0,13.0,13.0,0.0,15.0,9.0,0.0,8.0,14.0,17.0,1.0,3.0,5.0,0.0,9.0,2.0,3.0,0.0,1.0,1.0,3.0,1.0,2.0,15.0,5.0,4.0,0.0,0.0,5.0,2.0,12.0,2.0,4.0,1.0,2.0,0.0,0.0,1.0,1.0,1.0,1.0,1.0,4.0,1.0,1.0,8.0,0.0,1.0,0.0,1.0,0.0,0.0,1.0,1.0,0.0,1.0,3.0,1.0,0.0,0.0,1.0,0.0,5.0,0.0,0.0,15.0,2.0,7.0,0.0,2.0,4.0,0.0,10.0,1.0,0.0,0.0,1.0,27.0,0.0,0.0,0.0
0.0,0.0,3.0,2.0,1.0,0.0,0.0,1.0,0.0,2.0,1.0,1.0,0.0,1.0,0.0,3.0,5.0,0.0,1.0,0.0,0.0,0.0,0.0,1.0,0.0,0.0,0.0,0.0,0.0,0.0,0.0,1.0,3.0,0.0,0.0,2.0,4.0,0.0,3.0,0.0,2.0,0.0,0.0,0.0,0.0,1.0,2.0,1.0,4.0,0.0,0.0,0.0,0.0,0.0,1.0,2.0,0.0,0.0,0.0,0.0,0.0,0.0,1.0,0.0,0.0,1.0,1.0,1.0,0.0,0.0,4.0,1.0,0.0,0.0,0.0,2.0,0.0,1.0,0.0,0.0,0.0,0.0,1.0,0.0,0.0,0.0,0.0,0.0,0.0,0.0,0.0,0.0,1.0,0.0,0.0,1.0,0.0,0.0,0.0,1.0,0.0,3.0,0.0,1.0,0.0,1.0,0.0,1.0,2.0,0.0,0.0,2.0,0.0,1.0,0.0,0.0,1.0,0.0,2.0,0.0,2.0,0.0,1.0,0.0,0.0,0.0,0.0,0.0,0.0,1.0,2.0,3.0,0.0,1.0,0.0,0.0,0.0,3.0,1.0,1.0,0.0,0.0,1.0,0.0,1.0,0.0,0.0,0.0,0.0,0.0,0.0,0.0,0.0,0.0,2.0,1.0,0.0,0.0,0.0,1.0,3.0,1.0,1.0,0.0,0.0,0.0,0.0,2.0,0.0,0.0,0.0,2.0,0.0,0.0,0.0,0.0,0.0,0.0,2.0,0.0,1.0,0.0,6.0,1.0,0.0,0.0,0.0,0.0,0.0,0.0,0.0,0.0,0.0,6.0,0.0,4.0,0.0,0.0,3.0,0.0,0.0,1.0,0.0,0.0,1.0,0.0,1.0,0.0,0.0,1.0,5.0,1.0,1.0,3.0,0.0,0.0,3.0,0.0,0.0,0.0,3.0,0.0,0.0,0.0,0.0,0.0,0.0,0.0,1.0,0.0,2.0,1.0,0.0,0.0,0.0,0.0,1.0,0.0,0.0,0.0,0.0,1.0,1.0,0.0,0.0,1.0,2.0,1.0,0.0,1.0,0.0,1.0,0.0,3.0,1.0,0.0,2.0,1.0,0.0,2.0,4.0,1.0,0.0,0.0,0.0,0.0,0.0,1.0,1.0,0.0,2.0,1.0,0.0,0.0,0.0,2.0,0.0,0.0,0.0,0.0,0.0,1.0,1.0,0.0,0.0,1.0,0.0,0.0,0.0,0.0,1.0,0.0,0.0,0.0,0.0,0.0,0.0,0.0,0.0,0.0,0.0,0.0,0.0,0.0,1.0,0.0,0.0,0.0,1.0,0.0,0.0,0.0,0.0,0.0,0.0,0.0,0.0,2.0,1.0,0.0,0.0,0.0,0.0,0.0,2.0,0.0,0.0,0.0,0.0,1.0,0.0,0.0,0.0
0.0,1.0,6.0,7.0,1.0,0.0,0.0,0.0,0.0,0.0,0.0,1.0,1.0,1.0,0.0,2.0,13.0,0.0,2.0,0.0,0.0,0.0,1.0,0.0,0.0,0.0,0.0,0.0,3.0,0.0,1.0,0.0,8.0,1.0,0.0,0.0,4.0,0.0,2.0,0.0,1.0,1.0,0.0,1.0,4.0,0.0,2.0,2.0,3.0,1.0,2.0,1.0,0.0,3.0,0.0,0.0,2.0,1.0,0.0,1.0,0.0,0.0,2.0,0.0,1.0,1.0,6.0,1.0,0.0,0.0,2.0,3.0,0.0,0.0,0.0,1.0,0.0,0.0,0.0,1.0,0.0,0.0,0.0,0.0,0.0,2.0,0.0,0.0,0.0,0.0,1.0,0.0,1.0,0.0,0.0,0.0,0.0,0.0,0.0,0.0,0.0,3.0,1.0,0.0,0.0,0.0,0.0,1.0,5.0,1.0,0.0,1.0,0.0,0.0,0.0,0.0,0.0,3.0,1.0,0.0,0.0,1.0,1.0,0.0,0.0,1.0,0.0,0.0,0.0,2.0,0.0,0.0,2.0,0.0,0.0,0.0,0.0,1.0,0.0,3.0,1.0,0.0,0.0,0.0,0.0,0.0,0.0,1.0,0.0,0.0,0.0,4.0,0.0,1.0,2.0,1.0,4.0,0.0,0.0,0.0,2.0,0.0,0.0,3.0,0.0,0.0,0.0,0.0,0.0,0.0,0.0,3.0,0.0,0.0,3.0,2.0,0.0,2.0,0.0,0.0,0.0,1.0,3.0,1.0,2.0,0.0,0.0,2.0,0.0,0.0,0.0,0.0,2.0,3.0,0.0,2.0,0.0,5.0,1.0,1.0,0.0,0.0,0.0,0.0,3.0,1.0,2.0,1.0,0.0,3.0,1.0,3.0,0.0,0.0,0.0,0.0,7.0,2.0,3.0,0.0,1.0,0.0,0.0,1.0,1.0,0.0,0.0,0.0,3.0,1.0,6.0,1.0,3.0,1.0,0.0,0.0,1.0,0.0,0.0,0.0,0.0,0.0,0.0,1.0,2.0,2.0,1.0,1.0,0.0,0.0,0.0,0.0,0.0,2.0,2.0,0.0,0.0,5.0,0.0,1.0,2.0,1.0,0.0,1.0,1.0,0.0,1.0,0.0,0.0,0.0,0.0,1.0,0.0,0.0,1.0,1.0,0.0,0.0,0.0,0.0,1.0,0.0,0.0,1.0,0.0,0.0,0.0,0.0,1.0,0.0,0.0,0.0,0.0,0.0,0.0,0.0,0.0,2.0,0.0,0.0,1.0,0.0,2.0,0.0,0.0,0.0,0.0,0.0,0.0,0.0,1.0,1.0,0.0,0.0,0.0,0.0,0.0,0.0,0.0,0.0,0.0,1.0,0.0,0.0,0.0,0.0,0.0,0.0,0.0,2.0,1.0,1.0,0.0
1.0,1.0,4.0,5.0,2.0,0.0,0.0,1.0,2.0,0.0,3.0,3.0,0.0,3.0,0.0,5.0,11.0,0.0,0.0,0.0,0.0,0.0,1.0,0.0,0.0,0.0,0.0,2.0,0.0,1.0,0.0,0.0,5.0,0.0,1.0,0.0,3.0,0.0,3.0,0.0,1.0,0.0,0.0,0.0,3.0,1.0,3.0,0.0,5.0,0.0,0.0,0.0,0.0,1.0,0.0,1.0,3.0,0.0,0.0,0.0,0.0,0.0,1.0,1.0,0.0,1.0,4.0,1.0,1.0,0.0,4.0,8.0,0.0,0.0,0.0,0.0,0.0,0.0,0.0,0.0,0.0,0.0,0.0,0.0,0.0,1.0,0.0,1.0,1.0,0.0,0.0,2.0,1.0,0.0,0.0,0.0,0.0,1.0,0.0,0.0,0.0,4.0,0.0,1.0,0.0,0.0,0.0,2.0,1.0,2.0,0.0,0.0,1.0,0.0,0.0,1.0,4.0,1.0,2.0,5.0,3.0,3.0,0.0,0.0,0.0,1.0,0.0,0.0,0.0,1.0,2.0,1.0,0.0,7.0,2.0,2.0,0.0,4.0,1.0,3.0,1.0,0.0,1.0,0.0,3.0,1.0,1.0,1.0,0.0,0.0,0.0,2.0,1.0,3.0,3.0,2.0,2.0,1.0,0.0,0.0,3.0,0.0,1.0,1.0,0.0,1.0,0.0,0.0,0.0,0.0,1.0,5.0,0.0,0.0,3.0,2.0,1.0,0.0,0.0,0.0,0.0,1.0,2.0,0.0,0.0,0.0,1.0,0.0,0.0,0.0,6.0,1.0,7.0,4.0,0.0,1.0,0.0,1.0,10.0,2.0,0.0,0.0,0.0,0.0,3.0,0.0,2.0,3.0,0.0,2.0,4.0,0.0,0.0,2.0,2.0,0.0,0.0,0.0,0.0,0.0,4.0,0.0,3.0,0.0,2.0,1.0,0.0,0.0,1.0,0.0,4.0,2.0,3.0,0.0,0.0,1.0,3.0,0.0,0.0,0.0,1.0,1.0,8.0,2.0,1.0,0.0,3.0,1.0,0.0,0.0,1.0,1.0,0.0,3.0,3.0,0.0,1.0,0.0,0.0,5.0,5.0,0.0,0.0,0.0,0.0,0.0,0.0,0.0,1.0,0.0,1.0,2.0,0.0,0.0,2.0,1.0,1.0,0.0,0.0,0.0,2.0,1.0,2.0,0.0,0.0,0.0,0.0,0.0,0.0,0.0,0.0,0.0,0.0,0.0,0.0,0.0,0.0,0.0,0.0,1.0,0.0,1.0,0.0,0.0,1.0,0.0,0.0,0.0,0.0,1.0,0.0,0.0,0.0,0.0,1.0,0.0,0.0,0.0,0.0,1.0,0.0,0.0,1.0,0.0,0.0,0.0,0.0,0.0,0.0,4.0,0.0,0.0,0.0
0.0,2.0,3.0,3.0,2.0,0.0,0.0,1.0,1.0,0.0,1.0,4.0,0.0,5.0,0.0,5.0,5.0,1.0,0.0,0.0,0.0,2.0,0.0,0.0,0.0,1.0,1.0,1.0,0.0,0.0,0.0,0.0,3.0,0.0,1.0,0.0,5.0,0.0,2.0,1.0,3.0,0.0,0.0,0.0,1.0,0.0,1.0,0.0,8.0,0.0,0.0,0.0,0.0,1.0,0.0,1.0,4.0,1.0,0.0,0.0,0.0,1.0,0.0,0.0,0.0,0.0,4.0,0.0,1.0,0.0,7.0,4.0,1.0,0.0,1.0,0.0,0.0,0.0,0.0,0.0,0.0,0.0,0.0,1.0,0.0,1.0,1.0,0.0,0.0,0.0,0.0,2.0,1.0,1.0,1.0,0.0,1.0,0.0,0.0,1.0,1.0,3.0,0.0,0.0,1.0,1.0,0.0,3.0,0.0,3.0,2.0,5.0,0.0,1.0,0.0,0.0,2.0,1.0,2.0,5.0,0.0,2.0,1.0,1.0,0.0,0.0,0.0,1.0,0.0,1.0,2.0,0.0,0.0,2.0,3.0,0.0,1.0,1.0,0.0,2.0,0.0,0.0,0.0,1.0,3.0,0.0,1.0,1.0,0.0,0.0,1.0,2.0,0.0,2.0,2.0,1.0,0.0,0.0,0.0,0.0,3.0,0.0,0.0,1.0,0.0,0.0,2.0,0.0,0.0,0.0,0.0,3.0,0.0,0.0,1.0,4.0,0.0,1.0,2.0,1.0,3.0,1.0,5.0,3.0,2.0,1.0,0.0,2.0,0.0,1.0,4.0,2.0,3.0,4.0,0.0,0.0,0.0,1.0,4.0,2.0,0.0,0.0,1.0,0.0,0.0,0.0,1.0,2.0,1.0,0.0,3.0,1.0,0.0,1.0,0.0,0.0,3.0,0.0,1.0,0.0,4.0,0.0,1.0,0.0,1.0,1.0,1.0,0.0,1.0,1.0,1.0,1.0,0.0,0.0,2.0,1.0,0.0,0.0,0.0,0.0,0.0,2.0,2.0,0.0,0.0,0.0,3.0,2.0,1.0,0.0,1.0,1.0,0.0,5.0,2.0,0.0,3.0,2.0,0.0,4.0,6.0,2.0,0.0,3.0,2.0,0.0,2.0,0.0,2.0,0.0,0.0,0.0,0.0,1.0,2.0,3.0,0.0,0.0,0.0,0.0,0.0,0.0,1.0,1.0,0.0,0.0,0.0,0.0,0.0,0.0,0.0,1.0,1.0,0.0,2.0,0.0,0.0,0.0,0.0,0.0,0.0,0.0,0.0,0.0,0.0,0.0,0.0,0.0,2.0,0.0,0.0,0.0,0.0,0.0,0.0,0.0,0.0,2.0,0.0,2.0,0.0,0.0,2.0,0.0,0.0,1.0,0.0,0.0,0.0,1.0,0.0,0.0,0.0
1.0,2.0,7.0,7.0,0.0,0.0,1.0,0.0,0.0,0.0,0.0,2.0,0.0,1.0,0.0,5.0,19.0,0.0,1.0,0.0,0.0,0.0,1.0,0.0,0.0,0.0,0.0,2.0,1.0,2.0,0.0,0.0,5.0,0.0,1.0,0.0,9.0,0.0,9.0,0.0,2.0,2.0,1.0,0.0,3.0,1.0,2.0,1.0,9.0,0.0,0.0,0.0,0.0,1.0,0.0,1.0,1.0,0.0,0.0,0.0,0.0,0.0,0.0,2.0,0.0,2.0,2.0,0.0,1.0,0.0,6.0,8.0,0.0,0.0,0.0,0.0,0.0,0.0,0.0,0.0,0.0,0.0,1.0,0.0,0.0,2.0,0.0,1.0,1.0,1.0,0.0,0.0,1.0,0.0,1.0,1.0,0.0,1.0,0.0,0.0,0.0,3.0,0.0,0.0,0.0,0.0,0.0,5.0,4.0,3.0,0.0,0.0,1.0,0.0,0.0,1.0,1.0,1.0,3.0,3.0,1.0,2.0,0.0,0.0,0.0,3.0,0.0,1.0,0.0,2.0,2.0,0.0,0.0,2.0,0.0,3.0,0.0,4.0,0.0,2.0,1.0,0.0,0.0,0.0,1.0,1.0,2.0,1.0,0.0,1.0,0.0,4.0,1.0,3.0,3.0,0.0,4.0,1.0,0.0,0.0,5.0,0.0,0.0,1.0,0.0,2.0,0.0,0.0,0.0,0.0,1.0,5.0,1.0,0.0,2.0,1.0,1.0,0.0,0.0,0.0,3.0,1.0,3.0,1.0,0.0,1.0,1.0,0.0,0.0,0.0,2.0,2.0,8.0,7.0,0.0,4.0,1.0,6.0,4.0,1.0,0.0,1.0,0.0,0.0,4.0,1.0,2.0,5.0,0.0,2.0,5.0,2.0,0.0,1.0,2.0,1.0,2.0,0.0,2.0,1.0,2.0,1.0,2.0,0.0,3.0,1.0,0.0,1.0,3.0,0.0,8.0,2.0,5.0,2.0,0.0,1.0,3.0,0.0,0.0,1.0,1.0,3.0,4.0,4.0,2.0,0.0,2.0,1.0,0.0,0.0,2.0,1.0,0.0,1.0,0.0,0.0,2.0,0.0,0.0,7.0,1.0,0.0,0.0,0.0,0.0,1.0,0.0,0.0,1.0,0.0,1.0,1.0,0.0,0.0,0.0,0.0,1.0,0.0,0.0,1.0,4.0,1.0,3.0,0.0,0.0,0.0,0.0,0.0,0.0,0.0,0.0,0.0,0.0,0.0,0.0,0.0,0.0,1.0,1.0,1.0,0.0,1.0,0.0,0.0,0.0,0.0,1.0,0.0,0.0,1.0,0.0,3.0,0.0,0.0,1.0,0.0,0.0,0.0,1.0,1.0,1.0,0.0,3.0,0.0,0.0,0.0,0.0,0.0,0.0,5.0,0.0,0.0,0.0
0.0,1.0,1.0,1.0,0.0,0.0,0.0,0.0,0.0,0.0,0.0,3.0,0.0,1.0,0.0,3.0,1.0,1.0,0.0,0.0,0.0,0.0,0.0,0.0,0.0,0.0,1.0,1.0,0.0,0.0,0.0,0.0,1.0,0.0,0.0,0.0,2.0,0.0,1.0,0.0,2.0,0.0,0.0,0.0,1.0,0.0,0.0,0.0,1.0,0.0,0.0,0.0,0.0,0.0,0.0,1.0,1.0,1.0,0.0,0.0,0.0,0.0,0.0,0.0,0.0,0.0,2.0,0.0,0.0,0.0,2.0,2.0,1.0,0.0,0.0,0.0,0.0,0.0,0.0,0.0,0.0,0.0,0.0,0.0,0.0,0.0,1.0,0.0,0.0,0.0,0.0,0.0,1.0,0.0,1.0,0.0,1.0,0.0,0.0,0.0,0.0,0.0,0.0,0.0,0.0,1.0,0.0,1.0,0.0,2.0,0.0,3.0,0.0,1.0,0.0,0.0,0.0,1.0,0.0,1.0,0.0,0.0,0.0,1.0,0.0,0.0,0.0,0.0,0.0,0.0,1.0,0.0,0.0,0.0,1.0,0.0,1.0,1.0,0.0,2.0,0.0,0.0,0.0,1.0,1.0,0.0,0.0,0.0,0.0,0.0,1.0,0.0,0.0,1.0,1.0,0.0,0.0,0.0,0.0,0.0,0.0,0.0,0.0,0.0,0.0,0.0,0.0,0.0,0.0,0.0,0.0,1.0,0.0,0.0,0.0,3.0,0.0,0.0,1.0,0.0,2.0,1.0,2.0,0.0,1.0,1.0,0.0,0.0,0.0,1.0,1.0,1.0,0.0,1.0,0.0,0.0,0.0,0.0,1.0,1.0,0.0,0.0,1.0,0.0,0.0,0.0,0.0,0.0,1.0,0.0,2.0,0.0,0.0,0.0,0.0,0.0,2.0,0.0,0.0,0.0,0.0,0.0,0.0,0.0,0.0,0.0,1.0,0.0,0.0,1.0,0.0,0.0,0.0,0.0,1.0,1.0,0.0,0.0,0.0,0.0,0.0,0.0,0.0,0.0,0.0,0.0,0.0,1.0,1.0,0.0,1.0,0.0,0.0,3.0,0.0,0.0,2.0,2.0,0.0,2.0,3.0,2.0,0.0,2.0,1.0,0.0,1.0,0.0,1.0,0.0,0.0,0.0,0.0,1.0,1.0,0.0,0.0,0.0,0.0,0.0,0.0,0.0,1.0,0.0,0.0,0.0,0.0,0.0,0.0,0.0,0.0,1.0,0.0,0.0,1.0,0.0,0.0,0.0,0.0,0.0,0.0,0.0,0.0,0.0,0.0,0.0,0.0,0.0,0.0,0.0,0.0,0.0,0.0,0.0,0.0,0.0,0.0,1.0,0.0,0.0,0.0,0.0,0.0,0.0,0.0,1.0,0.0,0.0,0.0,0.0,0.0,0.0,0.0
1.0,14.0,23.0,46.0,6.0,0.0,11.0,2.0,0.0,2.0,1.0,22.0,7.0,18.0,2.0,22.0,87.0,9.0,5.0,1.0,4.0,4.0,5.0,0.0,2.0,0.0,2.0,8.0,6.0,11.0,1.0,1.0,30.0,0.0,15.0,3.0,37.0,1.0,33.0,5.0,10.0,5.0,1.0,0.0,10.0,0.0,15.0,7.0,53.0,3.0,0.0,0.0,4.0,15.0,0.0,16.0,13.0,2.0,0.0,3.0,1.0,2.0,3.0,4.0,11.0,10.0,25.0,2.0,5.0,1.0,38.0,48.0,2.0,0.0,2.0,7.0,0.0,3.0,0.0,1.0,1.0,0.0,3.0,2.0,1.0,7.0,1.0,6.0,3.0,1.0,3.0,1.0,5.0,0.0,4.0,10.0,7.0,0.0,1.0,2.0,3.0,28.0,0.0,2.0,0.0,12.0,0.0,14.0,10.0,14.0,1.0,12.0,2.0,8.0,0.0,0.0,9.0,10.0,21.0,9.0,5.0,17.0,8.0,7.0,2.0,8.0,1.0,7.0,1.0,13.0,12.0,3.0,1.0,4.0,1.0,4.0,1.0,39.0,1.0,19.0,11.0,0.0,7.0,2.0,6.0,3.0,1.0,1.0,3.0,1.0,1.0,22.0,6.0,18.0,9.0,6.0,11.0,3.0,1.0,2.0,27.0,10.0,4.0,6.0,1.0,7.0,6.0,4.0,0.0,1.0,4.0,14.0,4.0,1.0,12.0,19.0,3.0,0.0,5.0,1.0,17.0,6.0,27.0,9.0,6.0,5.0,0.0,3.0,2.0,1.0,4.0,8.0,26.0,29.0,1.0,15.0,1.0,26.0,18.0,4.0,4.0,4.0,5.0,3.0,14.0,2.0,7.0,31.0,1.0,13.0,22.0,7.0,2.0,7.0,6.0,2.0,34.0,0.0,8.0,3.0,32.0,2.0,7.0,0.0,24.0,3.0,1.0,2.0,10.0,5.0,32.0,16.0,19.0,4.0,4.0,6.0,10.0,2.0,0.0,1.0,2.0,8.0,17.0,24.0,9.0,0.0,24.0,10.0,3.0,0.0,6.0,8.0,4.0,13.0,19.0,0.0,10.0,15.0,0.0,18.0,24.0,6.0,2.0,4.0,4.0,3.0,5.0,4.0,7.0,3.0,5.0,8.0,3.0,1.0,5.0,17.0,4.0,0.0,1.0,1.0,11.0,5.0,21.0,2.0,0.0,0.0,4.0,1.0,1.0,1.0,2.0,4.0,3.0,0.0,5.0,2.0,1.0,11.0,2.0,0.0,2.0,0.0,1.0,1.0,1.0,0.0,2.0,2.0,2.0,5.0,0.0,3.0,1.0,0.0,2.0,1.0,0.0,5.0,3.0,0.0,1.0,0.0,6.0,1.0,2.0,1.0,1.0,0.0,3.0,24.0,0.0,0.0,1.0
0.0,0.0,0.0,0.0,0.0,0.0,0.0,1.0,0.0,0.0,1.0,1.0,0.0,0.0,0.0,0.0,1.0,0.0,0.0,0.0,0.0,0.0,0.0,0.0,0.0,0.0,0.0,0.0,0.0,0.0,0.0,0.0,1.0,0.0,0.0,0.0,0.0,0.0,0.0,0.0,0.0,0.0,0.0,0.0,0.0,0.0,2.0,0.0,0.0,0.0,0.0,0.0,0.0,0.0,0.0,0.0,0.0,0.0,0.0,0.0,0.0,0.0,1.0,0.0,0.0,0.0,1.0,1.0,0.0,0.0,2.0,1.0,0.0,0.0,0.0,0.0,0.0,0.0,0.0,0.0,0.0,0.0,0.0,0.0,0.0,0.0,0.0,0.0,0.0,0.0,0.0,0.0,0.0,0.0,0.0,0.0,0.0,0.0,0.0,0.0,0.0,1.0,0.0,1.0,0.0,0.0,0.0,0.0,0.0,0.0,0.0,0.0,0.0,0.0,0.0,0.0,1.0,0.0,0.0,0.0,2.0,0.0,0.0,0.0,0.0,0.0,0.0,0.0,0.0,0.0,0.0,1.0,0.0,1.0,0.0,0.0,0.0,1.0,1.0,1.0,0.0,0.0,1.0,0.0,0.0,0.0,0.0,0.0,0.0,0.0,0.0,0.0,0.0,0.0,1.0,0.0,0.0,0.0,0.0,0.0,1.0,0.0,1.0,0.0,0.0,0.0,0.0,0.0,0.0,0.0,0.0,0.0,0.0,0.0,0.0,0.0,0.0,0.0,0.0,0.0,0.0,0.0,1.0,0.0,0.0,0.0,0.0,0.0,0.0,0.0,0.0,0.0,0.0,1.0,0.0,1.0,0.0,0.0,2.0,0.0,0.0,0.0,0.0,0.0,1.0,0.0,0.0,0.0,0.0,0.0,2.0,0.0,0.0,2.0,0.0,0.0,0.0,0.0,0.0,0.0,0.0,0.0,0.0,0.0,0.0,0.0,0.0,0.0,0.0,0.0,1.0,1.0,0.0,0.0,0.0,0.0,1.0,0.0,0.0,0.0,0.0,0.0,1.0,0.0,0.0,0.0,1.0,0.0,0.0,0.0,0.0,0.0,0.0,1.0,1.0,0.0,0.0,0.0,0.0,1.0,1.0,0.0,0.0,0.0,0.0,0.0,0.0,0.0,1.0,0.0,1.0,1.0,0.0,0.0,0.0,1.0,0.0,0.0,0.0,0.0,0.0,1.0,0.0,0.0,0.0,0.0,0.0,0.0,0.0,0.0,0.0,0.0,0.0,0.0,0.0,0.0,0.0,0.0,0.0,0.0,0.0,0.0,0.0,0.0,1.0,0.0,0.0,0.0,0.0,0.0,0.0,0.0,0.0,0.0,0.0,0.0,0.0,0.0,0.0,0.0,0.0,0.0,0.0,0.0,0.0,0.0,0.0,0.0,0.0,0.0,0.0,0.0,0.0
1.0,11.0,29.0,50.0,6.0,0.0,5.0,3.0,1.0,0.0,1.0,20.0,8.0,17.0,1.0,19.0,80.0,12.0,7.0,1.0,0.0,4.0,7.0,0.0,2.0,0.0,4.0,8.0,9.0,2.0,2.0,1.0,40.0,2.0,13.0,2.0,34.0,0.0,24.0,5.0,10.0,1.0,0.0,2.0,22.0,1.0,20.0,9.0,48.0,4.0,4.0,2.0,3.0,18.0,0.0,11.0,17.0,5.0,2.0,4.0,1.0,1.0,5.0,1.0,10.0,14.0,41.0,5.0,6.0,2.0,40.0,40.0,4.0,0.0,2.0,7.0,1.0,4.0,1.0,3.0,1.0,1.0,3.0,1.0,1.0,11.0,3.0,2.0,1.0,0.0,4.0,1.0,7.0,0.0,5.0,2.0,8.0,1.0,2.0,1.0,2.0,25.0,2.0,4.0,0.0,11.0,1.0,10.0,20.0,14.0,1.0,14.0,2.0,5.0,1.0,1.0,5.0,17.0,14.0,7.0,4.0,15.0,10.0,8.0,1.0,5.0,1.0,3.0,0.0,12.0,8.0,1.0,3.0,3.0,2.0,2.0,2.0,19.0,1.0,33.0,7.0,0.0,4.0,4.0,8.0,1.0,2.0,4.0,2.0,1.0,2.0,22.0,5.0,16.0,12.0,8.0,23.0,1.0,1.0,2.0,16.0,8.0,4.0,11.0,2.0,4.0,4.0,0.0,0.0,1.0,2.0,23.0,1.0,2.0,14.0,29.0,2.0,4.0,2.0,1.0,15.0,5.0,23.0,10.0,8.0,6.0,1.0,7.0,2.0,2.0,4.0,10.0,21.0,24.0,1.0,16.0,1.0,33.0,21.0,8.0,3.0,2.0,4.0,2.0,13.0,3.0,14.0,26.0,8.0,16.0,16.0,13.0,1.0,5.0,5.0,3.0,38.0,4.0,11.0,4.0,28.0,1.0,3.0,2.0,23.0,1.0,2.0,0.0,11.0,8.0,29.0,14.0,16.0,6.0,6.0,5.0,6.0,2.0,1.0,5.0,2.0,2.0,11.0,19.0,9.0,4.0,17.0,11.0,4.0,0.0,9.0,4.0,2.0,20.0,20.0,0.0,15.0,29.0,1.0,19.0,27.0,8.0,1.0,7.0,7.0,0.0,7.0,4.0,10.0,3.0,3.0,11.0,1.0,2.0,7.0,16.0,3.0,0.0,0.0,0.0,7.0,6.0,6.0,4.0,0.0,0.0,4.0,1.0,3.0,1.0,0.0,3.0,1.0,1.0,6.0,2.0,1.0,12.0,1.0,2.0,1.0,1.0,5.0,0.0,1.0,1.0,0.0,0.0,2.0,5.0,2.0,4.0,2.0,4.0,2.0,0.0,0.0,2.0,2.0,1.0,0.0,2.0,2.0,1.0,0.0,2.0,1.0,1.0,2.0,22.0,2.0,2.0,2.0
1.0,4.0,12.0,19.0,4.0,0.0,0.0,1.0,0.0,0.0,0.0,10.0,5.0,5.0,0.0,5.0,33.0,3.0,1.0,0.0,0.0,3.0,3.0,0.0,1.0,0.0,0.0,3.0,3.0,1.0,0.0,0.0,14.0,1.0,7.0,0.0,15.0,0.0,13.0,5.0,2.0,2.0,0.0,0.0,5.0,0.0,2.0,2.0,23.0,2.0,0.0,0.0,3.0,6.0,0.0,4.0,5.0,0.0,0.0,0.0,0.0,2.0,1.0,1.0,6.0,7.0,10.0,0.0,5.0,0.0,12.0,15.0,0.0,0.0,0.0,0.0,0.0,1.0,0.0,0.0,0.0,1.0,1.0,2.0,0.0,4.0,0.0,3.0,1.0,0.0,0.0,0.0,2.0,0.0,0.0,0.0,2.0,0.0,1.0,2.0,2.0,8.0,0.0,1.0,0.0,3.0,0.0,3.0,6.0,5.0,2.0,5.0,2.0,6.0,0.0,0.0,5.0,4.0,5.0,1.0,0.0,8.0,1.0,4.0,2.0,2.0,0.0,6.0,0.0,9.0,2.0,0.0,1.0,1.0,0.0,1.0,0.0,11.0,0.0,7.0,12.0,0.0,2.0,0.0,2.0,1.0,0.0,0.0,0.0,0.0,0.0,11.0,1.0,9.0,1.0,2.0,6.0,1.0,0.0,2.0,9.0,7.0,1.0,2.0,0.0,1.0,3.0,0.0,0.0,0.0,1.0,5.0,1.0,2.0,7.0,8.0,2.0,0.0,0.0,0.0,4.0,2.0,13.0,4.0,3.0,2.0,0.0,2.0,0.0,0.0,1.0,1.0,10.0,12.0,1.0,2.0,0.0,9.0,7.0,0.0,2.0,0.0,2.0,2.0,2.0,0.0,2.0,12.0,2.0,6.0,5.0,5.0,2.0,0.0,2.0,0.0,10.0,0.0,5.0,1.0,11.0,0.0,3.0,0.0,7.0,1.0,0.0,0.0,5.0,3.0,7.0,8.0,3.0,1.0,3.0,3.0,4.0,0.0,0.0,2.0,0.0,1.0,6.0,9.0,4.0,0.0,8.0,5.0,0.0,0.0,1.0,2.0,2.0,2.0,5.0,0.0,6.0,1.0,1.0,8.0,10.0,0.0,0.0,2.0,2.0,0.0,3.0,2.0,1.0,2.0,0.0,2.0,0.0,0.0,1.0,7.0,4.0,0.0,0.0,0.0,4.0,2.0,4.0,0.0,0.0,0.0,0.0,0.0,0.0,0.0,0.0,2.0,2.0,0.0,3.0,0.0,0.0,5.0,0.0,0.0,1.0,0.0,0.0,0.0,0.0,0.0,0.0,0.0,2.0,3.0,0.0,0.0,0.0,2.0,0.0,0.0,0.0,0.0,2.0,0.0,0.0,0.0,1.0,0.0,0.0,0.0,0.0,0.0,1.0,14.0,0.0,0.0,1.0
0.0,2.0,4.0,0.0,0.0,2.0,0.0,0.0,0.0,2.0,0.0,0.0,1.0,0.0,0.0,4.0,10.0,0.0,0.0,0.0,0.0,0.0,0.0,2.0,0.0,2.0,0.0,0.0,0.0,0.0,0.0,0.0,1.0,2.0,2.0,0.0,3.0,0.0,2.0,0.0,0.0,1.0,0.0,0.0,0.0,0.0,0.0,0.0,1.0,0.0,0.0,0.0,0.0,1.0,0.0,0.0,0.0,1.0,0.0,0.0,0.0,0.0,0.0,0.0,0.0,1.0,1.0,0.0,2.0,0.0,3.0,0.0,0.0,1.0,0.0,0.0,0.0,1.0,0.0,0.0,0.0,0.0,2.0,0.0,0.0,1.0,0.0,0.0,0.0,0.0,0.0,0.0,0.0,0.0,0.0,2.0,0.0,0.0,0.0,0.0,0.0,1.0,0.0,0.0,0.0,2.0,0.0,0.0,1.0,1.0,0.0,2.0,0.0,0.0,0.0,0.0,1.0,0.0,2.0,2.0,0.0,0.0,0.0,0.0,0.0,0.0,0.0,0.0,0.0,3.0,6.0,0.0,0.0,0.0,0.0,0.0,0.0,0.0,0.0,0.0,0.0,2.0,0.0,0.0,0.0,0.0,0.0,0.0,0.0,0.0,1.0,1.0,0.0,0.0,3.0,0.0,1.0,0.0,0.0,0.0,0.0,0.0,0.0,1.0,0.0,0.0,2.0,1.0,1.0,2.0,0.0,0.0,0.0,0.0,2.0,1.0,1.0,0.0,3.0,0.0,0.0,0.0,0.0,0.0,0.0,0.0,0.0,0.0,0.0,0.0,0.0,0.0,0.0,5.0,0.0,0.0,0.0,1.0,0.0,1.0,0.0,2.0,0.0,0.0,0.0,0.0,3.0,1.0,0.0,0.0,3.0,1.0,1.0,0.0,1.0,0.0,5.0,0.0,3.0,0.0,2.0,0.0,0.0,0.0,2.0,1.0,0.0,0.0,1.0,0.0,2.0,1.0,2.0,0.0,0.0,3.0,0.0,0.0,0.0,0.0,1.0,0.0,1.0,0.0,1.0,0.0,1.0,1.0,0.0,0.0,0.0,2.0,0.0,2.0,1.0,0.0,2.0,0.0,0.0,0.0,0.0,4.0,0.0,0.0,1.0,0.0,2.0,0.0,0.0,0.0,0.0,0.0,1.0,0.0,0.0,1.0,1.0,1.0,0.0,0.0,0.0,0.0,2.0,0.0,1.0,0.0,0.0,0.0,0.0,0.0,0.0,0.0,0.0,0.0,0.0,0.0,0.0,1.0,0.0,0.0,0.0,0.0,0.0,0.0,0.0,0.0,0.0,0.0,0.0,0.0,0.0,0.0,0.0,0.0,1.0,0.0,0.0,3.0,0.0,1.0,0.0,1.0,0.0,0.0,2.0,0.0,0.0,0.0,0.0,4.0,0.0,0.0,0.0
1.0,1.0,1.0,10.0,5.0,0.0,2.0,1.0,0.0,0.0,1.0,2.0,3.0,3.0,0.0,0.0,19.0,7.0,1.0,0.0,0.0,1.0,0.0,0.0,1.0,0.0,0.0,0.0,1.0,0.0,0.0,0.0,6.0,0.0,4.0,3.0,3.0,0.0,3.0,2.0,3.0,0.0,0.0,0.0,0.0,0.0,8.0,2.0,16.0,0.0,0.0,0.0,1.0,7.0,0.0,6.0,6.0,0.0,0.0,1.0,0.0,1.0,3.0,0.0,4.0,5.0,9.0,1.0,0.0,0.0,12.0,8.0,2.0,0.0,0.0,0.0,0.0,0.0,0.0,0.0,0.0,0.0,0.0,1.0,0.0,2.0,0.0,2.0,0.0,0.0,0.0,2.0,2.0,0.0,0.0,3.0,1.0,0.0,0.0,1.0,3.0,7.0,0.0,1.0,0.0,1.0,0.0,1.0,3.0,2.0,0.0,3.0,1.0,4.0,0.0,0.0,5.0,0.0,6.0,0.0,2.0,5.0,1.0,1.0,1.0,2.0,0.0,3.0,0.0,1.0,2.0,1.0,0.0,1.0,0.0,0.0,0.0,7.0,1.0,4.0,2.0,0.0,8.0,0.0,2.0,0.0,0.0,2.0,3.0,0.0,0.0,5.0,0.0,4.0,3.0,4.0,3.0,0.0,0.0,0.0,7.0,1.0,1.0,0.0,2.0,1.0,1.0,0.0,0.0,2.0,0.0,2.0,0.0,1.0,2.0,4.0,0.0,0.0,0.0,0.0,1.0,0.0,7.0,3.0,5.0,0.0,0.0,3.0,1.0,0.0,0.0,3.0,5.0,2.0,0.0,3.0,0.0,6.0,6.0,2.0,1.0,4.0,2.0,2.0,5.0,2.0,0.0,8.0,0.0,2.0,5.0,2.0,0.0,2.0,0.0,0.0,6.0,0.0,3.0,2.0,7.0,0.0,3.0,0.0,3.0,0.0,0.0,1.0,0.0,1.0,10.0,5.0,4.0,0.0,1.0,1.0,1.0,3.0,0.0,0.0,2.0,0.0,3.0,4.0,2.0,0.0,4.0,2.0,0.0,0.0,6.0,4.0,2.0,1.0,5.0,0.0,1.0,5.0,0.0,4.0,6.0,0.0,2.0,0.0,0.0,0.0,1.0,1.0,1.0,1.0,1.0,3.0,0.0,0.0,0.0,5.0,2.0,0.0,1.0,0.0,0.0,5.0,5.0,2.0,0.0,0.0,0.0,0.0,0.0,0.0,0.0,2.0,2.0,0.0,3.0,0.0,2.0,6.0,0.0,0.0,1.0,0.0,0.0,0.0,1.0,0.0,0.0,0.0,1.0,0.0,0.0,0.0,2.0,0.0,2.0,0.0,0.0,0.0,0.0,0.0,0.0,0.0,0.0,0.0,0.0,0.0,0.0,0.0,1.0,1.0,0.0,0.0,0.0
0.0,2.0,4.0,4.0,0.0,0.0,0.0,0.0,0.0,0.0,0.0,6.0,0.0,3.0,0.0,3.0,7.0,2.0,0.0,0.0,0.0,0.0,0.0,0.0,0.0,0.0,1.0,2.0,1.0,1.0,0.0,0.0,4.0,0.0,1.0,1.0,5.0,0.0,5.0,0.0,2.0,0.0,0.0,0.0,3.0,0.0,1.0,0.0,6.0,0.0,0.0,0.0,0.0,1.0,0.0,3.0,1.0,1.0,0.0,0.0,0.0,1.0,0.0,0.0,0.0,1.0,6.0,2.0,0.0,0.0,9.0,8.0,1.0,0.0,0.0,1.0,0.0,0.0,0.0,1.0,0.0,0.0,1.0,0.0,0.0,1.0,2.0,0.0,0.0,0.0,0.0,0.0,1.0,0.0,3.0,0.0,2.0,0.0,0.0,0.0,0.0,3.0,0.0,0.0,0.0,3.0,1.0,1.0,2.0,2.0,0.0,4.0,0.0,1.0,0.0,0.0,0.0,2.0,2.0,3.0,0.0,1.0,1.0,2.0,0.0,0.0,0.0,0.0,0.0,1.0,1.0,0.0,0.0,0.0,1.0,0.0,1.0,2.0,0.0,4.0,0.0,0.0,0.0,4.0,2.0,0.0,0.0,0.0,1.0,0.0,1.0,1.0,1.0,6.0,1.0,2.0,1.0,0.0,0.0,0.0,0.0,0.0,1.0,0.0,0.0,2.0,1.0,0.0,0.0,0.0,0.0,2.0,0.0,0.0,1.0,10.0,0.0,0.0,1.0,1.0,2.0,1.0,5.0,1.0,1.0,4.0,0.0,0.0,1.0,1.0,1.0,5.0,2.0,5.0,0.0,1.0,0.0,6.0,2.0,1.0,0.0,0.0,1.0,0.0,1.0,0.0,2.0,4.0,1.0,0.0,2.0,1.0,0.0,0.0,0.0,0.0,4.0,0.0,1.0,0.0,3.0,0.0,0.0,0.0,4.0,0.0,1.0,0.0,2.0,2.0,2.0,2.0,2.0,0.0,3.0,1.0,1.0,0.0,0.0,1.0,0.0,1.0,2.0,2.0,1.0,0.0,1.0,1.0,1.0,0.0,2.0,0.0,0.0,6.0,1.0,0.0,4.0,9.0,0.0,3.0,5.0,2.0,0.0,3.0,2.0,0.0,1.0,0.0,2.0,0.0,0.0,1.0,0.0,1.0,1.0,1.0,0.0,0.0,0.0,0.0,1.0,0.0,2.0,1.0,0.0,0.0,0.0,0.0,0.0,1.0,0.0,1.0,0.0,0.0,1.0,0.0,0.0,0.0,0.0,0.0,0.0,0.0,0.0,0.0,0.0,1.0,0.0,0.0,0.0,0.0,0.0,1.0,0.0,0.0,0.0,0.0,0.0,1.0,0.0,0.0,0.0,0.0,1.0,1.0,0.0,1.0,1.0,0.0,0.0,1.0,0.0,0.0,0.0
2.0,5.0,10.0,20.0,6.0,0.0,4.0,1.0,1.0,1.0,1.0,8.0,8.0,10.0,1.0,8.0,36.0,4.0,2.0,2.0,0.0,3.0,0.0,1.0,0.0,1.0,2.0,3.0,2.0,0.0,0.0,3.0,12.0,1.0,4.0,4.0,13.0,0.0,8.0,3.0,6.0,0.0,0.0,0.0,7.0,3.0,4.0,6.0,29.0,0.0,0.0,0.0,1.0,6.0,1.0,5.0,10.0,3.0,0.0,5.0,0.0,2.0,0.0,0.0,2.0,8.0,12.0,1.0,1.0,2.0,15.0,20.0,1.0,0.0,1.0,1.0,0.0,8.0,0.0,0.0,2.0,0.0,2.0,2.0,2.0,2.0,2.0,2.0,0.0,0.0,2.0,2.0,9.0,1.0,1.0,5.0,7.0,1.0,0.0,3.0,2.0,18.0,0.0,0.0,1.0,8.0,1.0,5.0,8.0,6.0,2.0,15.0,2.0,9.0,0.0,1.0,4.0,1.0,12.0,5.0,1.0,9.0,5.0,2.0,1.0,2.0,2.0,4.0,0.0,4.0,4.0,1.0,0.0,3.0,3.0,1.0,1.0,6.0,0.0,8.0,2.0,0.0,2.0,2.0,15.0,0.0,3.0,2.0,1.0,0.0,1.0,8.0,3.0,10.0,4.0,5.0,7.0,0.0,2.0,1.0,13.0,2.0,2.0,2.0,0.0,0.0,4.0,1.0,0.0,0.0,0.0,7.0,0.0,0.0,3.0,15.0,1.0,1.0,3.0,1.0,6.0,1.0,14.0,4.0,3.0,3.0,1.0,4.0,2.0,1.0,5.0,5.0,11.0,10.0,0.0,8.0,0.0,10.0,13.0,4.0,1.0,1.0,6.0,2.0,5.0,0.0,4.0,12.0,2.0,1.0,7.0,2.0,3.0,5.0,1.0,2.0,11.0,0.0,2.0,1.0,18.0,3.0,2.0,0.0,6.0,1.0,1.0,1.0,4.0,3.0,9.0,8.0,9.0,1.0,4.0,2.0,3.0,1.0,0.0,1.0,2.0,2.0,5.0,4.0,3.0,1.0,13.0,9.0,1.0,1.0,3.0,1.0,4.0,14.0,9.0,0.0,15.0,8.0,0.0,10.0,17.0,2.0,2.0,3.0,3.0,0.0,3.0,2.0,11.0,3.0,3.0,1.0,2.0,1.0,4.0,11.0,3.0,0.0,1.0,0.0,2.0,1.0,9.0,1.0,0.0,1.0,0.0,2.0,2.0,0.0,0.0,4.0,3.0,0.0,5.0,0.0,0.0,7.0,1.0,1.0,0.0,1.0,0.0,0.0,0.0,1.0,0.0,0.0,6.0,0.0,0.0,1.0,0.0,0.0,2.0,0.0,1.0,3.0,1.0,3.0,0.0,0.0,2.0,0.0,1.0,1.0,0.0,0.0,2.0,5.0,0.0,0.0,0.0
0.0,1.0,2.0,2.0,0.0,0.0,0.0,0.0,0.0,0.0,0.0,2.0,1.0,2.0,0.0,4.0,5.0,0.0,0.0,0.0,0.0,0.0,1.0,0.0,0.0,0.0,0.0,2.0,0.0,1.0,0.0,0.0,3.0,0.0,1.0,0.0,2.0,0.0,2.0,0.0,0.0,0.0,0.0,0.0,0.0,0.0,0.0,1.0,3.0,0.0,0.0,0.0,0.0,0.0,0.0,1.0,0.0,0.0,0.0,0.0,0.0,0.0,0.0,1.0,0.0,0.0,0.0,0.0,1.0,0.0,3.0,5.0,0.0,0.0,0.0,1.0,0.0,0.0,0.0,0.0,0.0,0.0,0.0,0.0,0.0,1.0,0.0,1.0,1.0,0.0,0.0,0.0,0.0,0.0,1.0,0.0,0.0,0.0,0.0,0.0,0.0,2.0,0.0,0.0,0.0,0.0,0.0,1.0,0.0,2.0,0.0,0.0,0.0,0.0,0.0,0.0,1.0,1.0,0.0,1.0,0.0,2.0,0.0,0.0,0.0,1.0,0.0,0.0,0.0,1.0,2.0,0.0,0.0,1.0,0.0,1.0,0.0,3.0,0.0,1.0,1.0,0.0,0.0,0.0,0.0,2.0,0.0,0.0,0.0,0.0,0.0,3.0,1.0,1.0,1.0,1.0,0.0,1.0,0.0,0.0,2.0,0.0,1.0,0.0,0.0,2.0,0.0,0.0,0.0,0.0,1.0,3.0,0.0,0.0,1.0,0.0,1.0,0.0,0.0,0.0,0.0,1.0,1.0,1.0,0.0,0.0,0.0,0.0,0.0,0.0,1.0,1.0,4.0,5.0,0.0,0.0,0.0,1.0,2.0,0.0,0.0,0.0,0.0,0.0,0.0,0.0,1.0,4.0,0.0,1.0,1.0,0.0,0.0,0.0,2.0,0.0,0.0,0.0,0.0,0.0,2.0,0.0,1.0,0.0,0.0,2.0,0.0,0.0,1.0,0.0,1.0,1.0,1.0,0.0,0.0,1.0,1.0,0.0,1.0,0.0,0.0,2.0,3.0,2.0,1.0,0.0,2.0,1.0,0.0,0.0,0.0,1.0,0.0,0.0,1.0,0.0,0.0,0.0,0.0,0.0,0.0,0.0,0.0,0.0,0.0,0.0,0.0,0.0,0.0,0.0,0.0,1.0,0.0,0.0,0.0,1.0,0.0,0.0,0.0,0.0,1.0,0.0,2.0,0.0,0.0,0.0,0.0,0.0,0.0,1.0,0.0,0.0,0.0,0.0,0.0,0.0,0.0,0.0,0.0,0.0,0.0,0.0,0.0,0.0,1.0,0.0,0.0,0.0,0.0,1.0,0.0,0.0,0.0,0.0,0.0,0.0,0.0,0.0,0.0,0.0,0.0,0.0,2.0,0.0,0.0,0.0,0.0,0.0,0.0,4.0,0.0,0.0,0.0
1.0,3.0,7.0,11.0,1.0,0.0,2.0,1.0,0.0,0.0,0.0,1.0,0.0,3.0,1.0,4.0,19.0,0.0,1.0,0.0,0.0,2.0,0.0,0.0,0.0,1.0,0.0,1.0,1.0,1.0,0.0,0.0,5.0,0.0,1.0,0.0,10.0,0.0,9.0,1.0,3.0,2.0,1.0,0.0,4.0,1.0,4.0,1.0,16.0,0.0,0.0,0.0,0.0,2.0,0.0,0.0,3.0,0.0,0.0,0.0,0.0,1.0,0.0,1.0,0.0,2.0,3.0,0.0,1.0,0.0,10.0,7.0,0.0,0.0,1.0,0.0,0.0,1.0,0.0,0.0,0.0,0.0,1.0,1.0,0.0,2.0,0.0,0.0,0.0,1.0,0.0,1.0,1.0,1.0,1.0,2.0,0.0,1.0,0.0,1.0,1.0,5.0,0.0,0.0,1.0,0.0,0.0,6.0,4.0,4.0,2.0,2.0,1.0,0.0,0.0,1.0,1.0,0.0,5.0,4.0,1.0,2.0,1.0,0.0,0.0,2.0,0.0,2.0,0.0,2.0,2.0,0.0,0.0,1.0,1.0,2.0,0.0,1.0,0.0,2.0,0.0,0.0,0.0,0.0,3.0,0.0,4.0,2.0,0.0,1.0,0.0,4.0,0.0,2.0,3.0,0.0,4.0,0.0,0.0,0.0,7.0,0.0,0.0,2.0,0.0,1.0,2.0,0.0,0.0,0.0,0.0,4.0,1.0,0.0,2.0,1.0,0.0,1.0,1.0,1.0,4.0,0.0,6.0,4.0,1.0,1.0,1.0,2.0,0.0,0.0,2.0,4.0,7.0,8.0,0.0,6.0,1.0,7.0,3.0,1.0,0.0,1.0,0.0,0.0,4.0,1.0,3.0,5.0,1.0,1.0,5.0,3.0,0.0,2.0,1.0,1.0,4.0,0.0,3.0,2.0,4.0,1.0,1.0,0.0,4.0,1.0,0.0,1.0,3.0,0.0,8.0,2.0,4.0,2.0,1.0,0.0,3.0,0.0,0.0,1.0,1.0,4.0,2.0,3.0,2.0,0.0,4.0,1.0,0.0,0.0,2.0,1.0,0.0,2.0,2.0,0.0,4.0,0.0,0.0,8.0,2.0,0.0,0.0,1.0,1.0,1.0,1.0,0.0,2.0,0.0,2.0,0.0,0.0,0.0,0.0,3.0,1.0,0.0,0.0,1.0,4.0,1.0,1.0,1.0,0.0,0.0,0.0,0.0,0.0,0.0,0.0,0.0,1.0,0.0,1.0,0.0,0.0,2.0,1.0,1.0,0.0,1.0,0.0,0.0,0.0,0.0,1.0,0.0,2.0,0.0,0.0,3.0,0.0,0.0,1.0,0.0,0.0,1.0,1.0,3.0,1.0,0.0,4.0,0.0,0.0,0.0,0.0,0.0,0.0,3.0,0.0,0.0,0.0
1.0,1.0,8.0,11.0,3.0,0.0,0.0,1.0,0.0,0.0,0.0,1.0,1.0,5.0,0.0,6.0,22.0,3.0,2.0,0.0,0.0,2.0,1.0,0.0,0.0,1.0,0.0,0.0,2.0,0.0,1.0,0.0,12.0,1.0,3.0,1.0,7.0,0.0,4.0,1.0,3.0,0.0,0.0,1.0,4.0,1.0,6.0,2.0,12.0,0.0,2.0,1.0,0.0,6.0,0.0,2.0,5.0,1.0,0.0,1.0,0.0,1.0,2.0,0.0,1.0,3.0,10.0,1.0,1.0,0.0,12.0,6.0,1.0,0.0,1.0,1.0,0.0,0.0,0.0,1.0,0.0,0.0,0.0,1.0,0.0,4.0,0.0,0.0,0.0,0.0,1.0,2.0,2.0,1.0,0.0,0.0,0.0,1.0,0.0,1.0,2.0,8.0,1.0,0.0,1.0,0.0,0.0,4.0,5.0,2.0,2.0,3.0,1.0,0.0,0.0,1.0,2.0,3.0,6.0,2.0,1.0,2.0,2.0,0.0,0.0,1.0,0.0,1.0,0.0,2.0,3.0,0.0,1.0,1.0,1.0,1.0,0.0,1.0,0.0,4.0,0.0,0.0,2.0,0.0,2.0,0.0,2.0,4.0,1.0,0.0,0.0,6.0,0.0,1.0,4.0,2.0,6.0,0.0,0.0,0.0,7.0,0.0,0.0,5.0,1.0,0.0,2.0,0.0,0.0,1.0,0.0,8.0,0.0,0.0,2.0,3.0,0.0,3.0,1.0,1.0,1.0,1.0,6.0,5.0,4.0,0.0,1.0,5.0,0.0,0.0,2.0,3.0,6.0,6.0,0.0,3.0,0.0,6.0,5.0,1.0,0.0,2.0,0.0,0.0,5.0,2.0,5.0,6.0,0.0,4.0,4.0,4.0,0.0,1.0,1.0,0.0,7.0,2.0,5.0,1.0,5.0,0.0,1.0,1.0,3.0,1.0,0.0,0.0,3.0,1.0,10.0,3.0,5.0,1.0,1.0,0.0,1.0,1.0,0.0,0.0,1.0,2.0,0.0,2.0,3.0,2.0,4.0,2.0,0.0,0.0,4.0,3.0,0.0,3.0,2.0,0.0,2.0,7.0,0.0,4.0,4.0,1.0,0.0,1.0,1.0,0.0,2.0,0.0,1.0,0.0,0.0,1.0,0.0,0.0,0.0,4.0,1.0,0.0,0.0,0.0,1.0,2.0,0.0,3.0,0.0,0.0,0.0,0.0,1.0,0.0,0.0,0.0,1.0,0.0,1.0,0.0,1.0,4.0,0.0,1.0,0.0,1.0,2.0,0.0,0.0,0.0,0.0,0.0,2.0,0.0,1.0,1.0,1.0,0.0,1.0,0.0,0.0,1.0,0.0,3.0,0.0,1.0,2.0,0.0,0.0,0.0,0.0,0.0,0.0,3.0,1.0,1.0,0.0
1.0,0.0,2.0,6.0,2.0,0.0,2.0,0.0,0.0,0.0,0.0,1.0,1.0,2.0,0.0,0.0,8.0,3.0,1.0,0.0,0.0,0.0,0.0,0.0,0.0,0.0,0.0,0.0,0.0,1.0,0.0,0.0,3.0,0.0,2.0,3.0,1.0,0.0,2.0,0.0,2.0,0.0,0.0,0.0,1.0,0.0,4.0,1.0,10.0,0.0,0.0,0.0,0.0,4.0,0.0,2.0,3.0,0.0,0.0,1.0,0.0,0.0,1.0,0.0,1.0,3.0,3.0,1.0,0.0,0.0,9.0,3.0,1.0,0.0,0.0,1.0,0.0,0.0,0.0,1.0,0.0,0.0,0.0,0.0,0.0,2.0,0.0,1.0,0.0,0.0,0.0,1.0,1.0,0.0,2.0,2.0,0.0,0.0,0.0,0.0,1.0,4.0,0.0,0.0,0.0,2.0,0.0,1.0,3.0,0.0,0.0,1.0,0.0,1.0,0.0,0.0,1.0,1.0,3.0,2.0,0.0,1.0,0.0,1.0,0.0,2.0,0.0,0.0,0.0,0.0,1.0,0.0,0.0,0.0,0.0,0.0,0.0,3.0,0.0,2.0,0.0,0.0,3.0,1.0,1.0,0.0,0.0,1.0,3.0,0.0,0.0,3.0,1.0,3.0,0.0,4.0,2.0,0.0,0.0,0.0,2.0,0.0,1.0,0.0,1.0,2.0,0.0,0.0,0.0,1.0,0.0,2.0,0.0,0.0,1.0,2.0,0.0,0.0,0.0,1.0,0.0,0.0,4.0,2.0,2.0,1.0,0.0,1.0,2.0,0.0,0.0,4.0,2.0,3.0,0.0,2.0,0.0,6.0,4.0,2.0,0.0,2.0,1.0,1.0,2.0,1.0,2.0,6.0,0.0,1.0,1.0,1.0,0.0,0.0,0.0,0.0,3.0,0.0,2.0,1.0,4.0,0.0,1.0,0.0,3.0,0.0,0.0,1.0,1.0,1.0,4.0,2.0,3.0,0.0,1.0,0.0,1.0,2.0,0.0,0.0,1.0,1.0,0.0,2.0,2.0,0.0,1.0,1.0,0.0,0.0,3.0,2.0,1.0,1.0,2.0,0.0,0.0,4.0,0.0,0.0,4.0,0.0,2.0,1.0,0.0,0.0,0.0,0.0,0.0,0.0,0.0,2.0,0.0,0.0,0.0,1.0,0.0,0.0,1.0,0.0,1.0,2.0,5.0,2.0,0.0,0.0,0.0,0.0,0.0,1.0,0.0,1.0,1.0,0.0,2.0,0.0,1.0,2.0,0.0,0.0,0.0,0.0,0.0,0.0,0.0,0.0,0.0,0.0,0.0,0.0,0.0,0.0,1.0,0.0,1.0,0.0,0.0,0.0,0.0,0.0,0.0,0.0,1.0,1.0,0.0,0.0,1.0,0.0,0.0,0.0,0.0,0.0,0.0
0.0,1.0,6.0,2.0,0.0,0.0,1.0,0.0,0.0,0.0,0.0,0.0,0.0,0.0,0.0,0.0,15.0,1.0,2.0,0.0,0.0,0.0,0.0,0.0,1.0,0.0,0.0,0.0,1.0,1.0,0.0,0.0,3.0,0.0,0.0,0.0,7.0,0.0,7.0,0.0,1.0,2.0,1.0,0.0,0.0,0.0,1.0,2.0,6.0,0.0,0.0,0.0,0.0,0.0,0.0,0.0,1.0,0.0,0.0,0.0,0.0,0.0,0.0,1.0,0.0,1.0,2.0,0.0,1.0,1.0,6.0,3.0,0.0,0.0,0.0,0.0,0.0,1.0,0.0,0.0,0.0,0.0,1.0,0.0,0.0,2.0,0.0,0.0,0.0,1.0,0.0,0.0,0.0,0.0,1.0,1.0,0.0,0.0,0.0,0.0,0.0,0.0,0.0,0.0,0.0,0.0,0.0,3.0,3.0,2.0,0.0,0.0,0.0,0.0,0.0,0.0,0.0,1.0,1.0,3.0,0.0,2.0,1.0,1.0,0.0,2.0,0.0,1.0,0.0,2.0,0.0,0.0,0.0,0.0,0.0,1.0,0.0,1.0,0.0,1.0,0.0,0.0,0.0,0.0,0.0,0.0,1.0,0.0,0.0,2.0,0.0,2.0,0.0,2.0,1.0,1.0,3.0,0.0,0.0,0.0,3.0,0.0,0.0,2.0,1.0,1.0,0.0,0.0,0.0,0.0,0.0,0.0,2.0,0.0,2.0,2.0,0.0,0.0,0.0,0.0,3.0,0.0,2.0,1.0,0.0,1.0,0.0,0.0,0.0,0.0,0.0,1.0,3.0,6.0,0.0,4.0,1.0,7.0,1.0,1.0,0.0,1.0,0.0,0.0,3.0,1.0,1.0,2.0,1.0,1.0,5.0,3.0,0.0,1.0,0.0,2.0,7.0,0.0,2.0,1.0,2.0,1.0,1.0,0.0,2.0,0.0,0.0,1.0,2.0,1.0,6.0,2.0,3.0,3.0,0.0,0.0,1.0,0.0,0.0,1.0,1.0,2.0,2.0,2.0,1.0,0.0,0.0,1.0,0.0,0.0,1.0,1.0,0.0,2.0,1.0,0.0,2.0,1.0,0.0,6.0,1.0,1.0,0.0,0.0,0.0,1.0,0.0,0.0,1.0,1.0,1.0,1.0,0.0,0.0,0.0,0.0,0.0,0.0,0.0,1.0,2.0,1.0,1.0,0.0,0.0,0.0,0.0,0.0,0.0,0.0,0.0,0.0,0.0,0.0,0.0,0.0,0.0,2.0,2.0,0.0,0.0,0.0,0.0,0.0,0.0,0.0,1.0,0.0,0.0,0.0,0.0,3.0,1.0,0.0,1.0,0.0,0.0,0.0,1.0,0.0,1.0,0.0,2.0,0.0,0.0,0.0,0.0,1.0,0.0,2.0,0.0,0.0,0.0
0.0,2.0,3.0,1.0,0.0,1.0,0.0,0.0,0.0,1.0,0.0,3.0,1.0,1.0,0.0,4.0,5.0,1.0,0.0,0.0,0.0,0.0,0.0,0.0,0.0,1.0,1.0,1.0,0.0,0.0,0.0,0.0,2.0,1.0,1.0,0.0,3.0,0.0,2.0,0.0,2.0,1.0,0.0,0.0,1.0,0.0,0.0,0.0,2.0,0.0,0.0,0.0,0.0,1.0,0.0,1.0,1.0,1.0,0.0,0.0,0.0,0.0,0.0,0.0,0.0,0.0,3.0,0.0,0.0,0.0,4.0,2.0,1.0,0.0,0.0,0.0,0.0,0.0,0.0,0.0,0.0,0.0,1.0,0.0,0.0,1.0,1.0,0.0,0.0,0.0,0.0,0.0,1.0,0.0,1.0,1.0,1.0,0.0,0.0,0.0,0.0,0.0,0.0,0.0,0.0,2.0,0.0,1.0,1.0,2.0,0.0,4.0,0.0,1.0,0.0,0.0,1.0,1.0,1.0,2.0,0.0,0.0,0.0,1.0,0.0,0.0,0.0,0.0,0.0,1.0,3.0,0.0,0.0,0.0,1.0,0.0,1.0,1.0,0.0,2.0,0.0,1.0,0.0,1.0,1.0,0.0,0.0,0.0,0.0,0.0,2.0,1.0,0.0,1.0,3.0,0.0,0.0,0.0,0.0,0.0,0.0,0.0,0.0,1.0,0.0,0.0,1.0,0.0,1.0,1.0,0.0,1.0,0.0,0.0,1.0,4.0,0.0,0.0,2.0,0.0,2.0,1.0,2.0,0.0,1.0,1.0,0.0,0.0,0.0,1.0,1.0,1.0,0.0,3.0,0.0,0.0,0.0,1.0,1.0,2.0,0.0,1.0,1.0,0.0,0.0,0.0,0.0,0.0,1.0,0.0,3.0,0.0,0.0,0.0,0.0,0.0,4.0,0.0,2.0,0.0,1.0,0.0,0.0,0.0,1.0,0.0,1.0,0.0,1.0,1.0,1.0,0.0,1.0,0.0,1.0,3.0,0.0,0.0,0.0,0.0,0.0,0.0,0.0,0.0,0.0,0.0,0.0,2.0,1.0,0.0,1.0,0.0,0.0,4.0,0.0,0.0,3.0,2.0,0.0,2.0,3.0,4.0,0.0,2.0,2.0,0.0,2.0,0.0,1.0,0.0,0.0,0.0,1.0,1.0,1.0,0.0,0.0,0.0,0.0,0.0,0.0,0.0,2.0,0.0,0.0,0.0,0.0,0.0,0.0,0.0,0.0,1.0,0.0,0.0,1.0,0.0,0.0,0.0,0.0,0.0,0.0,0.0,0.0,0.0,0.0,0.0,0.0,0.0,0.0,0.0,0.0,0.0,0.0,0.0,0.0,0.0,0.0,2.0,0.0,0.0,0.0,1.0,0.0,0.0,0.0,1.0,0.0,0.0,0.0,1.0,0.0,0.0,0.0
2.0,14.0,44.0,68.0,15.0,1.0,12.0,3.0,1.0,1.0,0.0,13.0,16.0,23.0,0.0,25.0,135.0,9.0,16.0,0.0,0.0,9.0,8.0,0.0,1.0,3.0,1.0,5.0,16.0,7.0,5.0,0.0,66.0,5.0,11.0,3.0,55.0,1.0,42.0,10.0,8.0,7.0,2.0,4.0,11.0,0.0,25.0,14.0,91.0,2.0,8.0,4.0,5.0,25.0,0.0,6.0,19.0,4.0,2.0,6.0,0.0,5.0,4.0,4.0,9.0,9.0,56.0,5.0,8.0,0.0,54.0,55.0,0.0,0.0,3.0,8.0,1.0,5.0,1.0,5.0,0.0,2.0,7.0,5.0,0.0,24.0,0.0,7.0,2.0,2.0,6.0,2.0,10.0,2.0,6.0,11.0,4.0,0.0,1.0,5.0,5.0,43.0,4.0,2.0,2.0,9.0,0.0,20.0,39.0,12.0,6.0,19.0,3.0,13.0,1.0,0.0,11.0,24.0,33.0,14.0,0.0,26.0,11.0,7.0,3.0,15.0,0.0,14.0,1.0,18.0,10.0,0.0,4.0,2.0,2.0,4.0,0.0,22.0,0.0,22.0,11.0,1.0,5.0,1.0,8.0,3.0,4.0,6.0,3.0,2.0,1.0,58.0,4.0,18.0,22.0,14.0,26.0,2.0,0.0,2.0,49.0,9.0,3.0,19.0,0.0,8.0,9.0,0.0,1.0,2.0,2.0,33.0,4.0,2.0,21.0,26.0,4.0,11.0,3.0,3.0,16.0,7.0,39.0,19.0,11.0,7.0,1.0,16.0,6.0,0.0,4.0,10.0,46.0,47.0,2.0,21.0,3.0,49.0,21.0,15.0,3.0,4.0,6.0,6.0,18.0,6.0,17.0,37.0,4.0,15.0,20.0,19.0,1.0,5.0,6.0,3.0,41.0,8.0,25.0,3.0,45.0,3.0,7.0,4.0,26.0,5.0,0.0,4.0,26.0,12.0,43.0,22.0,22.0,10.0,7.0,8.0,9.0,3.0,2.0,6.0,2.0,12.0,16.0,31.0,15.0,9.0,32.0,17.0,1.0,0.0,3.0,4.0,5.0,16.0,26.0,1.0,13.0,30.0,1.0,27.0,32.0,7.0,5.0,4.0,5.0,4.0,10.0,5.0,6.0,3.0,2.0,12.0,1.0,0.0,3.0,28.0,6.0,0.0,2.0,2.0,10.0,5.0,23.0,7.0,0.0,0.0,2.0,0.0,4.0,2.0,0.0,6.0,7.0,1.0,12.0,1.0,0.0,17.0,4.0,1.0,0.0,0.0,9.0,1.0,1.0,0.0,3.0,0.0,12.0,4.0,4.0,11.0,0.0,4.0,2.0,1.0,1.0,3.0,4.0,4.0,2.0,6.0,12.0,1.0,0.0,0.0,1.0,0.0,1.0,28.0,4.0,4.0,1.0
0.0,3.0,7.0,5.0,0.0,0.0,1.0,0.0,0.0,0.0,0.0,5.0,4.0,5.0,0.0,3.0,17.0,2.0,0.0,1.0,0.0,0.0,1.0,0.0,0.0,0.0,3.0,3.0,1.0,2.0,0.0,1.0,8.0,0.0,3.0,1.0,8.0,0.0,7.0,1.0,0.0,0.0,0.0,0.0,1.0,0.0,2.0,2.0,6.0,0.0,0.0,0.0,2.0,3.0,0.0,3.0,2.0,1.0,0.0,2.0,1.0,0.0,0.0,1.0,1.0,5.0,5.0,1.0,2.0,1.0,9.0,9.0,1.0,0.0,0.0,1.0,0.0,4.0,0.0,1.0,1.0,0.0,0.0,0.0,1.0,3.0,0.0,1.0,1.0,0.0,1.0,0.0,2.0,0.0,2.0,1.0,2.0,0.0,0.0,0.0,0.0,9.0,0.0,0.0,0.0,5.0,0.0,2.0,2.0,3.0,0.0,2.0,0.0,2.0,0.0,0.0,1.0,2.0,7.0,4.0,1.0,6.0,2.0,1.0,0.0,1.0,1.0,0.0,0.0,3.0,1.0,0.0,0.0,1.0,0.0,1.0,0.0,6.0,0.0,5.0,1.0,0.0,0.0,1.0,3.0,1.0,0.0,0.0,1.0,0.0,0.0,4.0,6.0,5.0,2.0,2.0,4.0,1.0,1.0,0.0,5.0,1.0,2.0,0.0,0.0,3.0,0.0,0.0,0.0,0.0,2.0,7.0,0.0,0.0,4.0,7.0,2.0,0.0,0.0,1.0,2.0,1.0,5.0,2.0,0.0,1.0,0.0,0.0,1.0,0.0,1.0,3.0,6.0,7.0,0.0,3.0,0.0,9.0,5.0,1.0,2.0,0.0,2.0,0.0,2.0,0.0,3.0,9.0,0.0,1.0,4.0,1.0,1.0,2.0,1.0,1.0,4.0,0.0,3.0,0.0,11.0,2.0,1.0,0.0,6.0,1.0,0.0,0.0,3.0,3.0,5.0,4.0,6.0,1.0,1.0,1.0,3.0,0.0,0.0,0.0,0.0,2.0,3.0,3.0,3.0,0.0,7.0,3.0,0.0,0.0,0.0,1.0,1.0,5.0,5.0,0.0,4.0,6.0,0.0,2.0,4.0,0.0,0.0,1.0,0.0,0.0,2.0,0.0,4.0,1.0,1.0,3.0,1.0,0.0,3.0,6.0,0.0,0.0,0.0,0.0,2.0,1.0,5.0,1.0,0.0,0.0,0.0,1.0,1.0,1.0,0.0,1.0,0.0,0.0,0.0,0.0,0.0,2.0,1.0,0.0,0.0,0.0,1.0,0.0,0.0,0.0,0.0,0.0,2.0,1.0,0.0,0.0,0.0,0.0,0.0,0.0,1.0,0.0,0.0,0.0,0.0,0.0,2.0,1.0,0.0,0.0,1.0,0.0,1.0,5.0,0.0,0.0,0.0
3.0,14.0,25.0,38.0,5.0,0.0,11.0,1.0,1.0,0.0,1.0,21.0,10.0,13.0,1.0,8.0,89.0,9.0,3.0,1.0,2.0,3.0,3.0,0.0,0.0,0.0,3.0,7.0,9.0,10.0,2.0,1.0,23.0,2.0,13.0,3.0,43.0,2.0,34.0,4.0,9.0,11.0,2.0,0.0,12.0,0.0,14.0,6.0,55.0,3.0,0.0,1.0,6.0,16.0,0.0,16.0,11.0,2.0,0.0,3.0,0.0,2.0,4.0,3.0,6.0,18.0,40.0,4.0,5.0,1.0,46.0,50.0,4.0,0.0,0.0,1.0,0.0,7.0,0.0,1.0,1.0,2.0,8.0,1.0,1.0,8.0,4.0,3.0,1.0,2.0,2.0,3.0,5.0,0.0,5.0,11.0,7.0,0.0,1.0,1.0,2.0,22.0,0.0,1.0,0.0,13.0,3.0,11.0,21.0,11.0,0.0,14.0,1.0,7.0,0.0,0.0,5.0,10.0,23.0,13.0,1.0,18.0,2.0,6.0,1.0,8.0,1.0,5.0,2.0,16.0,6.0,0.0,1.0,3.0,2.0,3.0,1.0,18.0,0.0,16.0,9.0,0.0,4.0,6.0,10.0,1.0,2.0,1.0,3.0,2.0,1.0,18.0,5.0,41.0,8.0,6.0,15.0,1.0,1.0,2.0,30.0,8.0,2.0,4.0,1.0,5.0,5.0,1.0,0.0,1.0,1.0,9.0,3.0,4.0,11.0,41.0,4.0,0.0,2.0,1.0,11.0,4.0,31.0,14.0,5.0,14.0,0.0,2.0,2.0,1.0,4.0,10.0,22.0,25.0,4.0,13.0,2.0,37.0,15.0,7.0,1.0,6.0,5.0,2.0,20.0,3.0,8.0,27.0,5.0,5.0,15.0,16.0,1.0,4.0,2.0,3.0,31.0,0.0,8.0,5.0,35.0,5.0,6.0,0.0,22.0,1.0,1.0,3.0,18.0,7.0,40.0,16.0,24.0,8.0,8.0,3.0,9.0,2.0,0.0,9.0,1.0,6.0,17.0,21.0,9.0,0.0,18.0,7.0,1.0,0.0,10.0,3.0,3.0,16.0,16.0,0.0,20.0,24.0,2.0,25.0,24.0,3.0,2.0,6.0,7.0,6.0,7.0,1.0,12.0,2.0,3.0,5.0,2.0,1.0,4.0,15.0,2.0,0.0,1.0,2.0,8.0,8.0,19.0,2.0,0.0,0.0,0.0,1.0,1.0,1.0,0.0,4.0,2.0,0.0,6.0,0.0,1.0,10.0,5.0,0.0,1.0,0.0,0.0,2.0,0.0,4.0,4.0,1.0,3.0,3.0,0.0,9.0,1.0,4.0,1.0,2.0,1.0,2.0,4.0,0.0,2.0,0.0,6.0,1.0,0.0,1.0,1.0,0.0,1.0,21.0,0.0,0.0,1.0
1.0,10.0,29.0,33.0,5.0,3.0,4.0,2.0,1.0,4.0,1.0,7.0,5.0,11.0,0.0,23.0,84.0,3.0,8.0,0.0,0.0,2.0,3.0,3.0,3.0,4.0,2.0,4.0,7.0,4.0,3.0,1.0,36.0,5.0,7.0,2.0,35.0,1.0,29.0,3.0,6.0,6.0,1.0,2.0,8.0,2.0,19.0,8.0,42.0,0.0,4.0,3.0,3.0,10.0,1.0,9.0,10.0,4.0,2.0,2.0,0.0,1.0,4.0,2.0,0.0,9.0,39.0,3.0,5.0,0.0,37.0,31.0,3.0,1.0,1.0,3.0,1.0,5.0,0.0,2.0,0.0,1.0,9.0,1.0,0.0,13.0,1.0,1.0,1.0,1.0,4.0,1.0,5.0,1.0,3.0,9.0,1.0,1.0,0.0,2.0,1.0,23.0,2.0,1.0,1.0,7.0,0.0,10.0,20.0,12.0,3.0,12.0,1.0,2.0,1.0,1.0,5.0,14.0,23.0,11.0,3.0,13.0,8.0,3.0,0.0,5.0,0.0,3.0,1.0,13.0,15.0,2.0,2.0,3.0,2.0,3.0,1.0,9.0,1.0,12.0,1.0,3.0,3.0,1.0,4.0,1.0,3.0,4.0,0.0,1.0,3.0,22.0,2.0,8.0,28.0,4.0,18.0,1.0,0.0,3.0,24.0,5.0,2.0,13.0,0.0,5.0,5.0,2.0,2.0,4.0,1.0,24.0,2.0,2.0,16.0,20.0,2.0,6.0,7.0,1.0,7.0,5.0,22.0,14.0,6.0,4.0,2.0,6.0,3.0,1.0,4.0,7.0,21.0,36.0,1.0,12.0,1.0,24.0,14.0,10.0,0.0,6.0,1.0,1.0,15.0,3.0,13.0,17.0,3.0,7.0,20.0,11.0,2.0,5.0,4.0,1.0,31.0,4.0,15.0,2.0,24.0,2.0,2.0,2.0,16.0,3.0,1.0,1.0,18.0,6.0,33.0,11.0,18.0,6.0,2.0,8.0,7.0,1.0,1.0,3.0,4.0,5.0,11.0,15.0,9.0,6.0,17.0,9.0,1.0,1.0,3.0,4.0,0.0,15.0,17.0,1.0,15.0,22.0,0.0,16.0,18.0,11.0,1.0,3.0,4.0,3.0,9.0,2.0,5.0,0.0,2.0,8.0,2.0,1.0,3.0,15.0,2.0,1.0,0.0,1.0,6.0,2.0,10.0,3.0,1.0,1.0,0.0,0.0,2.0,0.0,0.0,1.0,1.0,1.0,4.0,0.0,0.0,8.0,2.0,2.0,2.0,1.0,5.0,1.0,1.0,1.0,2.0,0.0,5.0,1.0,2.0,5.0,0.0,2.0,4.0,1.0,0.0,7.0,4.0,4.0,1.0,5.0,5.0,0.0,3.0,1.0,0.0,0.0,3.0,18.0,2.0,2.0,0.0
1.0,4.0,15.0,22.0,7.0,0.0,3.0,0.0,1.0,1.0,1.0,3.0,5.0,9.0,0.0,5.0,38.0,6.0,6.0,0.0,0.0,1.0,1.0,1.0,1.0,0.0,0.0,1.0,5.0,2.0,1.0,1.0,22.0,2.0,2.0,7.0,13.0,0.0,11.0,2.0,3.0,0.0,0.0,1.0,5.0,2.0,8.0,6.0,32.0,0.0,2.0,1.0,1.0,7.0,1.0,4.0,8.0,1.0,0.0,2.0,0.0,1.0,2.0,0.0,3.0,7.0,19.0,3.0,1.0,1.0,21.0,15.0,1.0,0.0,0.0,5.0,0.0,2.0,1.0,3.0,0.0,1.0,1.0,1.0,0.0,7.0,0.0,2.0,0.0,0.0,2.0,2.0,5.0,0.0,5.0,4.0,1.0,0.0,0.0,2.0,2.0,15.0,1.0,1.0,0.0,4.0,0.0,2.0,13.0,3.0,0.0,7.0,1.0,6.0,0.0,0.0,4.0,8.0,11.0,7.0,0.0,9.0,4.0,4.0,1.0,3.0,0.0,4.0,0.0,5.0,3.0,1.0,1.0,2.0,1.0,0.0,0.0,6.0,0.0,8.0,2.0,0.0,4.0,2.0,5.0,1.0,0.0,2.0,4.0,1.0,0.0,14.0,2.0,6.0,4.0,15.0,9.0,0.0,0.0,2.0,11.0,2.0,3.0,6.0,2.0,5.0,1.0,1.0,0.0,2.0,0.0,12.0,2.0,0.0,9.0,12.0,0.0,3.0,1.0,2.0,2.0,1.0,14.0,7.0,6.0,3.0,1.0,6.0,6.0,0.0,2.0,8.0,11.0,21.0,0.0,7.0,1.0,18.0,12.0,6.0,1.0,3.0,2.0,2.0,5.0,2.0,9.0,16.0,1.0,4.0,7.0,4.0,1.0,0.0,1.0,2.0,17.0,2.0,7.0,1.0,13.0,0.0,3.0,1.0,11.0,1.0,0.0,1.0,5.0,5.0,10.0,9.0,7.0,3.0,3.0,1.0,3.0,2.0,1.0,0.0,2.0,3.0,6.0,9.0,6.0,4.0,6.0,6.0,0.0,1.0,3.0,3.0,2.0,8.0,9.0,1.0,5.0,16.0,0.0,6.0,17.0,2.0,2.0,2.0,0.0,0.0,2.0,2.0,1.0,2.0,0.0,7.0,0.0,0.0,1.0,6.0,2.0,0.0,1.0,0.0,3.0,2.0,8.0,4.0,0.0,1.0,0.0,0.0,1.0,3.0,0.0,2.0,2.0,0.0,3.0,0.0,1.0,8.0,1.0,0.0,0.0,0.0,3.0,0.0,1.0,0.0,0.0,0.0,2.0,0.0,1.0,2.0,2.0,0.0,2.0,0.0,0.0,1.0,2.0,0.0,0.0,2.0,3.0,2.0,1.0,0.0,2.0,1.0,0.0,6.0,1.0,1.0,0.0
2.0,7.0,36.0,55.0,8.0,1.0,4.0,2.0,1.0,1.0,0.0,10.0,10.0,17.0,0.0,18.0,109.0,7.0,14.0,2.0,0.0,1.0,7.0,2.0,3.0,1.0,1.0,1.0,11.0,3.0,3.0,2.0,47.0,4.0,11.0,2.0,41.0,0.0,33.0,5.0,6.0,5.0,2.0,3.0,19.0,2.0,25.0,15.0,59.0,1.0,6.0,5.0,3.0,16.0,0.0,6.0,17.0,6.0,4.0,7.0,0.0,1.0,7.0,2.0,4.0,25.0,47.0,4.0,5.0,3.0,54.0,39.0,4.0,1.0,0.0,4.0,2.0,9.0,0.0,4.0,2.0,1.0,9.0,1.0,2.0,16.0,0.0,1.0,0.0,2.0,7.0,1.0,8.0,0.0,6.0,3.0,5.0,2.0,2.0,1.0,2.0,26.0,3.0,2.0,0.0,11.0,0.0,11.0,27.0,12.0,3.0,10.0,3.0,3.0,2.0,2.0,3.0,20.0,22.0,9.0,2.0,16.0,7.0,7.0,1.0,9.0,2.0,6.0,0.0,14.0,11.0,0.0,4.0,2.0,0.0,4.0,0.0,11.0,0.0,23.0,6.0,1.0,3.0,1.0,7.0,0.0,4.0,6.0,2.0,3.0,0.0,26.0,4.0,15.0,18.0,9.0,43.0,0.0,2.0,5.0,26.0,8.0,5.0,14.0,2.0,5.0,3.0,1.0,0.0,3.0,0.0,25.0,4.0,0.0,18.0,30.0,1.0,7.0,2.0,1.0,12.0,3.0,27.0,15.0,9.0,4.0,3.0,8.0,5.0,0.0,2.0,10.0,26.0,32.0,0.0,23.0,2.0,45.0,23.0,11.0,1.0,5.0,3.0,3.0,20.0,6.0,19.0,34.0,3.0,16.0,21.0,18.0,4.0,8.0,5.0,5.0,47.0,6.0,20.0,7.0,26.0,6.0,4.0,3.0,20.0,1.0,0.0,2.0,21.0,8.0,44.0,17.0,26.0,11.0,2.0,3.0,9.0,3.0,1.0,4.0,4.0,5.0,8.0,20.0,16.0,7.0,16.0,10.0,0.0,0.0,9.0,5.0,3.0,19.0,19.0,1.0,18.0,33.0,0.0,28.0,28.0,8.0,2.0,2.0,1.0,2.0,7.0,2.0,12.0,4.0,4.0,8.0,2.0,0.0,5.0,15.0,5.0,1.0,0.0,2.0,11.0,6.0,5.0,5.0,1.0,0.0,0.0,2.0,5.0,1.0,0.0,1.0,1.0,2.0,5.0,0.0,1.0,22.0,3.0,3.0,1.0,2.0,7.0,0.0,0.0,2.0,2.0,0.0,2.0,4.0,3.0,9.0,2.0,2.0,4.0,0.0,0.0,2.0,7.0,3.0,2.0,4.0,5.0,1.0,2.0,0.0,1.0,1.0,4.0,23.0,3.0,3.0,2.0
0.0,1.0,2.0,2.0,0.0,0.0,0.0,0.0,0.0,0.0,0.0,2.0,0.0,1.0,0.0,3.0,4.0,0.0,0.0,0.0,0.0,0.0,1.0,0.0,0.0,0.0,0.0,2.0,0.0,1.0,0.0,0.0,3.0,0.0,1.0,0.0,2.0,0.0,2.0,0.0,0.0,0.0,0.0,0.0,0.0,0.0,0.0,0.0,2.0,0.0,0.0,0.0,0.0,0.0,0.0,1.0,0.0,0.0,0.0,0.0,0.0,0.0,0.0,1.0,0.0,0.0,0.0,0.0,1.0,0.0,2.0,5.0,0.0,0.0,0.0,0.0,0.0,0.0,0.0,0.0,0.0,0.0,0.0,0.0,0.0,1.0,0.0,1.0,1.0,0.0,0.0,0.0,0.0,0.0,0.0,0.0,0.0,0.0,0.0,0.0,0.0,1.0,0.0,0.0,0.0,0.0,0.0,1.0,0.0,1.0,0.0,0.0,0.0,0.0,0.0,0.0,1.0,1.0,0.0,1.0,0.0,1.0,0.0,0.0,0.0,1.0,0.0,0.0,0.0,1.0,1.0,0.0,0.0,1.0,0.0,1.0,0.0,3.0,0.0,1.0,1.0,0.0,0.0,0.0,0.0,1.0,0.0,0.0,0.0,0.0,0.0,2.0,1.0,1.0,1.0,0.0,0.0,1.0,0.0,0.0,1.0,0.0,0.0,0.0,0.0,1.0,0.0,0.0,0.0,0.0,1.0,3.0,0.0,0.0,1.0,0.0,1.0,0.0,0.0,0.0,0.0,1.0,1.0,0.0,0.0,0.0,0.0,0.0,0.0,0.0,1.0,0.0,3.0,3.0,0.0,0.0,0.0,1.0,2.0,0.0,0.0,0.0,0.0,0.0,0.0,0.0,0.0,3.0,0.0,1.0,1.0,0.0,0.0,0.0,1.0,0.0,0.0,0.0,0.0,0.0,2.0,0.0,1.0,0.0,0.0,1.0,0.0,0.0,1.0,0.0,1.0,1.0,1.0,0.0,0.0,1.0,1.0,0.0,0.0,0.0,0.0,1.0,3.0,2.0,1.0,0.0,1.0,1.0,0.0,0.0,0.0,1.0,0.0,0.0,0.0,0.0,0.0,0.0,0.0,0.0,0.0,0.0,0.0,0.0,0.0,0.0,0.0,0.0,0.0,0.0,0.0,1.0,0.0,0.0,0.0,0.0,0.0,0.0,0.0,0.0,1.0,0.0,2.0,0.0,0.0,0.0,0.0,0.0,0.0,0.0,0.0,0.0,0.0,0.0,0.0,0.0,0.0,0.0,0.0,0.0,0.0,0.0,0.0,0.0,0.0,0.0,0.0,0.0,0.0,1.0,0.0,0.0,0.0,0.0,0.0,0.0,0.0,0.0,0.0,0.0,0.0,0.0,1.0,0.0,0.0,0.0,0.0,0.0,0.0,3.0,0.0,0.0,0.0
0.0,0.0,0.0,1.0,0.0,0.0,0.0,0.0,0.0,0.0,0.0,1.0,2.0,2.0,0.0,0.0,3.0,0.0,0.0,1.0,0.0,0.0,0.0,0.0,0.0,0.0,0.0,0.0,0.0,0.0,0.0,1.0,0.0,0.0,1.0,0.0,0.0,0.0,0.0,0.0,0.0,0.0,0.0,0.0,0.0,0.0,0.0,2.0,1.0,0.0,0.0,0.0,0.0,0.0,0.0,1.0,1.0,1.0,0.0,2.0,0.0,0.0,0.0,0.0,0.0,2.0,1.0,0.0,0.0,1.0,2.0,3.0,0.0,0.0,0.0,0.0,0.0,2.0,0.0,0.0,1.0,0.0,0.0,0.0,1.0,0.0,0.0,0.0,0.0,0.0,1.0,0.0,1.0,0.0,0.0,0.0,2.0,0.0,0.0,0.0,0.0,1.0,0.0,0.0,0.0,2.0,0.0,0.0,0.0,0.0,0.0,1.0,0.0,0.0,0.0,0.0,0.0,0.0,0.0,0.0,0.0,1.0,1.0,0.0,0.0,0.0,1.0,0.0,0.0,0.0,0.0,0.0,0.0,0.0,0.0,0.0,0.0,1.0,0.0,1.0,0.0,0.0,0.0,0.0,2.0,0.0,0.0,0.0,0.0,0.0,0.0,0.0,1.0,1.0,0.0,0.0,2.0,0.0,1.0,0.0,0.0,0.0,1.0,0.0,0.0,0.0,0.0,0.0,0.0,0.0,0.0,0.0,0.0,0.0,0.0,3.0,0.0,0.0,0.0,0.0,1.0,0.0,0.0,0.0,0.0,0.0,0.0,0.0,0.0,0.0,0.0,0.0,0.0,0.0,0.0,2.0,0.0,1.0,2.0,0.0,0.0,0.0,1.0,0.0,0.0,0.0,0.0,3.0,0.0,0.0,0.0,0.0,1.0,2.0,0.0,1.0,2.0,0.0,0.0,0.0,2.0,1.0,0.0,0.0,0.0,0.0,0.0,0.0,0.0,0.0,1.0,2.0,2.0,0.0,0.0,0.0,0.0,0.0,0.0,0.0,0.0,0.0,0.0,0.0,1.0,0.0,1.0,1.0,0.0,0.0,0.0,0.0,1.0,3.0,1.0,0.0,2.0,2.0,0.0,0.0,2.0,0.0,0.0,0.0,0.0,0.0,0.0,0.0,4.0,1.0,1.0,0.0,1.0,0.0,1.0,1.0,0.0,0.0,0.0,0.0,0.0,0.0,0.0,0.0,0.0,0.0,0.0,1.0,1.0,0.0,0.0,0.0,0.0,0.0,0.0,0.0,0.0,2.0,0.0,0.0,0.0,0.0,0.0,0.0,0.0,0.0,0.0,0.0,0.0,0.0,0.0,0.0,0.0,0.0,0.0,0.0,0.0,0.0,0.0,0.0,0.0,0.0,0.0,0.0,0.0,0.0,0.0,0.0,1.0,0.0,0.0,0.0,0.0
0.0,1.0,6.0,11.0,1.0,0.0,0.0,1.0,0.0,1.0,0.0,2.0,0.0,4.0,0.0,3.0,10.0,0.0,1.0,0.0,0.0,0.0,2.0,1.0,1.0,0.0,0.0,1.0,1.0,0.0,0.0,1.0,8.0,0.0,3.0,2.0,6.0,0.0,6.0,0.0,1.0,0.0,0.0,0.0,2.0,1.0,5.0,3.0,15.0,0.0,0.0,1.0,0.0,2.0,1.0,3.0,3.0,0.0,0.0,0.0,0.0,0.0,1.0,0.0,0.0,4.0,7.0,0.0,0.0,0.0,12.0,7.0,1.0,0.0,0.0,1.0,0.0,2.0,0.0,0.0,0.0,1.0,2.0,0.0,0.0,1.0,0.0,0.0,0.0,0.0,1.0,0.0,1.0,0.0,0.0,1.0,0.0,0.0,1.0,1.0,0.0,2.0,0.0,1.0,0.0,0.0,0.0,1.0,3.0,1.0,0.0,3.0,0.0,1.0,0.0,0.0,0.0,4.0,4.0,0.0,0.0,0.0,2.0,1.0,0.0,1.0,0.0,1.0,0.0,5.0,2.0,1.0,0.0,0.0,0.0,0.0,0.0,2.0,0.0,2.0,2.0,0.0,0.0,0.0,1.0,0.0,0.0,0.0,0.0,0.0,0.0,2.0,0.0,2.0,3.0,2.0,5.0,0.0,0.0,5.0,4.0,3.0,1.0,3.0,0.0,0.0,0.0,1.0,0.0,1.0,0.0,5.0,1.0,0.0,3.0,7.0,0.0,1.0,1.0,0.0,2.0,1.0,7.0,6.0,2.0,1.0,1.0,0.0,2.0,0.0,0.0,0.0,2.0,9.0,0.0,3.0,0.0,2.0,6.0,1.0,0.0,1.0,0.0,0.0,1.0,0.0,1.0,7.0,0.0,3.0,5.0,0.0,1.0,0.0,0.0,0.0,5.0,0.0,0.0,2.0,2.0,1.0,0.0,0.0,1.0,0.0,0.0,0.0,5.0,0.0,3.0,2.0,1.0,1.0,0.0,0.0,3.0,0.0,0.0,0.0,0.0,0.0,2.0,5.0,3.0,2.0,1.0,3.0,0.0,1.0,1.0,1.0,0.0,2.0,0.0,1.0,5.0,5.0,0.0,3.0,8.0,0.0,0.0,0.0,0.0,0.0,0.0,1.0,0.0,0.0,0.0,1.0,0.0,0.0,0.0,1.0,0.0,0.0,0.0,0.0,3.0,1.0,1.0,0.0,0.0,1.0,0.0,0.0,0.0,0.0,0.0,0.0,0.0,0.0,0.0,0.0,0.0,2.0,0.0,0.0,0.0,0.0,1.0,0.0,0.0,1.0,0.0,0.0,1.0,2.0,0.0,0.0,0.0,0.0,0.0,0.0,0.0,1.0,5.0,0.0,0.0,1.0,0.0,0.0,1.0,0.0,0.0,0.0,1.0,7.0,0.0,0.0,1.0
3.0,20.0,42.0,71.0,15.0,0.0,21.0,5.0,1.0,2.0,1.0,17.0,14.0,27.0,2.0,25.0,166.0,14.0,13.0,0.0,4.0,9.0,5.0,1.0,1.0,3.0,4.0,2.0,16.0,16.0,6.0,1.0,58.0,4.0,14.0,5.0,69.0,4.0,46.0,13.0,11.0,15.0,3.0,2.0,9.0,3.0,34.0,11.0,101.0,0.0,4.0,3.0,8.0,30.0,1.0,16.0,18.0,2.0,2.0,3.0,1.0,6.0,6.0,4.0,8.0,16.0,63.0,3.0,6.0,0.0,69.0,67.0,2.0,0.0,3.0,5.0,1.0,14.0,0.0,2.0,0.0,1.0,11.0,6.0,0.0,20.0,0.0,5.0,1.0,3.0,6.0,5.0,12.0,3.0,5.0,21.0,3.0,1.0,1.0,7.0,7.0,64.0,2.0,2.0,3.0,13.0,0.0,22.0,32.0,18.0,7.0,25.0,4.0,18.0,1.0,1.0,12.0,22.0,62.0,17.0,6.0,30.0,11.0,7.0,3.0,12.0,0.0,16.0,4.0,21.0,14.0,3.0,2.0,3.0,3.0,5.0,0.0,27.0,1.0,16.0,9.0,0.0,7.0,0.0,13.0,2.0,7.0,7.0,2.0,3.0,0.0,49.0,5.0,30.0,24.0,11.0,26.0,1.0,0.0,4.0,82.0,14.0,3.0,19.0,1.0,6.0,11.0,4.0,0.0,2.0,2.0,30.0,6.0,0.0,16.0,34.0,4.0,8.0,7.0,3.0,19.0,7.0,50.0,26.0,12.0,8.0,2.0,15.0,5.0,0.0,5.0,10.0,49.0,45.0,4.0,23.0,3.0,53.0,20.0,10.0,5.0,10.0,7.0,5.0,34.0,6.0,18.0,38.0,2.0,11.0,33.0,18.0,1.0,10.0,5.0,3.0,49.0,4.0,20.0,6.0,64.0,7.0,8.0,2.0,38.0,5.0,0.0,4.0,29.0,14.0,62.0,24.0,34.0,15.0,6.0,5.0,15.0,3.0,2.0,5.0,2.0,15.0,20.0,35.0,12.0,6.0,53.0,17.0,0.0,1.0,8.0,7.0,4.0,16.0,34.0,1.0,24.0,25.0,0.0,37.0,35.0,6.0,3.0,3.0,3.0,11.0,11.0,5.0,9.0,3.0,5.0,6.0,2.0,0.0,5.0,47.0,7.0,0.0,1.0,3.0,10.0,10.0,31.0,6.0,0.0,1.0,0.0,0.0,2.0,1.0,1.0,7.0,7.0,1.0,10.0,0.0,1.0,19.0,10.0,2.0,0.0,1.0,6.0,4.0,2.0,1.0,7.0,2.0,19.0,3.0,2.0,11.0,1.0,2.0,2.0,4.0,3.0,7.0,7.0,7.0,3.0,3.0,14.0,0.0,2.0,0.0,0.0,0.0,1.0,29.0,2.0,2.0,1.0
2.0,3.0,9.0,22.0,5.0,0.0,6.0,0.0,0.0,1.0,0.0,5.0,2.0,9.0,0.0,9.0,43.0,6.0,5.0,0.0,0.0,3.0,0.0,1.0,3.0,0.0,1.0,1.0,3.0,2.0,1.0,1.0,13.0,2.0,11.0,2.0,23.0,1.0,18.0,7.0,3.0,4.0,0.0,0.0,7.0,1.0,9.0,2.0,25.0,2.0,0.0,1.0,3.0,7.0,1.0,7.0,3.0,0.0,4.0,0.0,1.0,1.0,1.0,0.0,7.0,9.0,23.0,0.0,3.0,0.0,15.0,18.0,1.0,0.0,2.0,5.0,2.0,4.0,0.0,0.0,0.0,0.0,8.0,1.0,0.0,4.0,0.0,1.0,0.0,0.0,0.0,0.0,2.0,0.0,2.0,3.0,3.0,0.0,0.0,2.0,1.0,15.0,0.0,0.0,0.0,10.0,0.0,4.0,5.0,7.0,4.0,4.0,1.0,4.0,2.0,0.0,2.0,5.0,14.0,1.0,1.0,5.0,7.0,6.0,1.0,0.0,0.0,3.0,1.0,9.0,7.0,1.0,0.0,0.0,0.0,0.0,0.0,10.0,0.0,8.0,7.0,0.0,1.0,0.0,2.0,0.0,0.0,0.0,0.0,0.0,0.0,9.0,1.0,8.0,5.0,2.0,8.0,0.0,0.0,3.0,14.0,20.0,3.0,6.0,0.0,0.0,4.0,1.0,0.0,0.0,1.0,9.0,1.0,0.0,7.0,12.0,0.0,0.0,1.0,0.0,7.0,2.0,13.0,9.0,1.0,2.0,0.0,1.0,2.0,0.0,0.0,3.0,9.0,15.0,1.0,5.0,0.0,14.0,5.0,4.0,3.0,2.0,1.0,3.0,6.0,0.0,4.0,10.0,0.0,4.0,6.0,5.0,3.0,2.0,5.0,0.0,13.0,0.0,5.0,1.0,21.0,1.0,1.0,0.0,18.0,0.0,0.0,0.0,9.0,3.0,14.0,7.0,6.0,1.0,1.0,1.0,4.0,2.0,0.0,0.0,0.0,0.0,3.0,14.0,5.0,1.0,13.0,3.0,2.0,1.0,0.0,1.0,1.0,5.0,13.0,0.0,13.0,7.0,0.0,6.0,18.0,2.0,2.0,0.0,2.0,2.0,3.0,4.0,4.0,1.0,0.0,0.0,0.0,0.0,4.0,13.0,2.0,0.0,0.0,0.0,5.0,0.0,4.0,0.0,0.0,1.0,4.0,0.0,0.0,0.0,0.0,1.0,1.0,2.0,5.0,2.0,0.0,4.0,1.0,0.0,0.0,0.0,1.0,1.0,0.0,1.0,1.0,0.0,2.0,0.0,0.0,0.0,0.0,0.0,0.0,1.0,0.0,1.0,3.0,0.0,0.0,0.0,0.0,0.0,1.0,0.0,0.0,0.0,3.0,14.0,0.0,0.0,0.0
0.0,0.0,4.0,6.0,1.0,0.0,1.0,1.0,0.0,0.0,1.0,3.0,3.0,6.0,0.0,4.0,11.0,1.0,2.0,1.0,0.0,0.0,0.0,0.0,2.0,0.0,0.0,1.0,0.0,1.0,0.0,1.0,5.0,0.0,2.0,1.0,5.0,0.0,4.0,1.0,0.0,0.0,0.0,0.0,2.0,0.0,4.0,4.0,9.0,0.0,0.0,0.0,0.0,0.0,0.0,2.0,1.0,1.0,2.0,2.0,0.0,0.0,1.0,0.0,0.0,4.0,6.0,2.0,0.0,1.0,13.0,9.0,0.0,0.0,0.0,2.0,1.0,2.0,0.0,1.0,1.0,0.0,2.0,0.0,1.0,2.0,0.0,0.0,0.0,0.0,1.0,0.0,1.0,0.0,4.0,0.0,2.0,0.0,0.0,0.0,0.0,6.0,0.0,1.0,0.0,5.0,0.0,1.0,1.0,1.0,1.0,1.0,0.0,0.0,1.0,0.0,1.0,2.0,2.0,2.0,2.0,2.0,2.0,4.0,0.0,0.0,1.0,0.0,0.0,2.0,2.0,1.0,0.0,1.0,0.0,0.0,0.0,4.0,1.0,4.0,1.0,0.0,1.0,1.0,2.0,1.0,0.0,0.0,1.0,0.0,0.0,3.0,2.0,2.0,2.0,3.0,5.0,0.0,1.0,1.0,3.0,3.0,6.0,2.0,0.0,3.0,0.0,0.0,0.0,0.0,0.0,3.0,0.0,0.0,2.0,4.0,0.0,0.0,0.0,1.0,2.0,1.0,4.0,3.0,0.0,1.0,0.0,0.0,2.0,0.0,0.0,5.0,3.0,8.0,0.0,4.0,0.0,8.0,7.0,2.0,0.0,0.0,1.0,1.0,1.0,0.0,4.0,8.0,0.0,1.0,4.0,1.0,1.0,5.0,2.0,1.0,7.0,0.0,1.0,0.0,7.0,1.0,0.0,0.0,5.0,1.0,0.0,0.0,3.0,1.0,3.0,5.0,3.0,0.0,1.0,0.0,3.0,1.0,1.0,0.0,0.0,2.0,1.0,3.0,3.0,0.0,5.0,2.0,0.0,0.0,0.0,1.0,1.0,7.0,6.0,0.0,6.0,5.0,0.0,1.0,7.0,1.0,1.0,1.0,0.0,0.0,0.0,0.0,6.0,1.0,2.0,2.0,1.0,0.0,2.0,5.0,0.0,0.0,0.0,0.0,2.0,1.0,1.0,1.0,0.0,0.0,0.0,1.0,1.0,2.0,0.0,0.0,0.0,1.0,2.0,0.0,0.0,2.0,0.0,0.0,0.0,0.0,0.0,0.0,2.0,0.0,0.0,0.0,0.0,0.0,0.0,0.0,0.0,0.0,0.0,0.0,0.0,0.0,1.0,0.0,0.0,0.0,2.0,1.0,0.0,0.0,1.0,0.0,3.0,4.0,0.0,0.0,0.0
1.0,5.0,29.0,29.0,4.0,1.0,5.0,1.0,0.0,1.0,0.0,1.0,4.0,12.0,0.0,15.0,77.0,3.0,9.0,0.0,0.0,3.0,3.0,0.0,4.0,2.0,0.0,2.0,9.0,4.0,5.0,0.0,41.0,4.0,8.0,0.0,26.0,2.0,20.0,1.0,3.0,5.0,0.0,3.0,8.0,1.0,14.0,10.0,28.0,1.0,6.0,3.0,0.0,14.0,0.0,6.0,10.0,3.0,0.0,3.0,0.0,1.0,3.0,0.0,2.0,1.0,36.0,3.0,3.0,2.0,28.0,28.0,0.0,0.0,2.0,5.0,0.0,4.0,0.0,3.0,0.0,1.0,3.0,1.0,0.0,11.0,0.0,0.0,0.0,0.0,4.0,1.0,4.0,1.0,0.0,5.0,1.0,1.0,0.0,1.0,1.0,14.0,3.0,0.0,1.0,2.0,0.0,9.0,14.0,7.0,2.0,6.0,1.0,0.0,0.0,1.0,2.0,15.0,16.0,7.0,1.0,8.0,10.0,4.0,0.0,3.0,0.0,2.0,2.0,12.0,5.0,0.0,3.0,1.0,1.0,1.0,0.0,6.0,0.0,11.0,2.0,1.0,0.0,0.0,2.0,0.0,2.0,5.0,0.0,2.0,1.0,19.0,0.0,4.0,13.0,6.0,14.0,0.0,0.0,3.0,19.0,6.0,2.0,26.0,2.0,0.0,4.0,0.0,1.0,2.0,0.0,16.0,3.0,0.0,12.0,17.0,0.0,8.0,2.0,1.0,5.0,7.0,14.0,12.0,6.0,3.0,2.0,8.0,2.0,0.0,2.0,2.0,14.0,25.0,2.0,7.0,0.0,18.0,12.0,5.0,0.0,3.0,0.0,0.0,14.0,3.0,11.0,12.0,2.0,12.0,15.0,9.0,0.0,1.0,2.0,2.0,30.0,6.0,12.0,0.0,20.0,0.0,0.0,3.0,16.0,1.0,0.0,0.0,12.0,7.0,26.0,11.0,15.0,7.0,1.0,2.0,6.0,0.0,0.0,0.0,3.0,2.0,7.0,15.0,9.0,7.0,7.0,9.0,1.0,0.0,1.0,5.0,0.0,12.0,9.0,1.0,11.0,24.0,0.0,8.0,14.0,7.0,0.0,1.0,3.0,4.0,5.0,1.0,1.0,2.0,0.0,5.0,1.0,0.0,0.0,6.0,1.0,0.0,0.0,0.0,5.0,0.0,5.0,4.0,0.0,0.0,2.0,0.0,3.0,0.0,0.0,0.0,1.0,0.0,1.0,1.0,0.0,9.0,4.0,1.0,0.0,1.0,7.0,2.0,0.0,0.0,2.0,0.0,2.0,0.0,3.0,3.0,2.0,0.0,3.0,2.0,0.0,2.0,3.0,3.0,0.0,5.0,2.0,0.0,0.0,0.0,0.0,2.0,2.0,14.0,3.0,3.0,0.0
0.0,0.0,3.0,2.0,1.0,0.0,0.0,0.0,0.0,0.0,0.0,0.0,0.0,1.0,0.0,0.0,9.0,4.0,1.0,0.0,0.0,0.0,0.0,0.0,1.0,0.0,0.0,0.0,0.0,0.0,0.0,0.0,3.0,0.0,2.0,1.0,1.0,0.0,1.0,0.0,1.0,0.0,0.0,0.0,0.0,0.0,2.0,1.0,3.0,0.0,0.0,0.0,0.0,2.0,0.0,2.0,2.0,0.0,0.0,0.0,0.0,0.0,1.0,0.0,1.0,2.0,3.0,0.0,1.0,1.0,7.0,2.0,1.0,0.0,0.0,0.0,0.0,1.0,0.0,0.0,0.0,0.0,0.0,0.0,0.0,2.0,0.0,0.0,0.0,0.0,0.0,1.0,0.0,0.0,0.0,0.0,0.0,0.0,0.0,0.0,1.0,1.0,0.0,0.0,0.0,0.0,0.0,0.0,0.0,1.0,0.0,0.0,0.0,0.0,0.0,0.0,1.0,1.0,1.0,1.0,0.0,1.0,1.0,1.0,0.0,0.0,0.0,0.0,0.0,1.0,1.0,0.0,0.0,0.0,0.0,0.0,0.0,1.0,0.0,2.0,0.0,0.0,2.0,0.0,0.0,0.0,0.0,1.0,1.0,1.0,0.0,0.0,0.0,1.0,0.0,2.0,2.0,0.0,0.0,0.0,1.0,0.0,0.0,2.0,2.0,0.0,0.0,0.0,0.0,1.0,0.0,1.0,1.0,0.0,1.0,2.0,0.0,0.0,0.0,0.0,0.0,0.0,1.0,1.0,2.0,0.0,0.0,1.0,0.0,0.0,0.0,1.0,0.0,2.0,0.0,1.0,0.0,4.0,2.0,0.0,0.0,2.0,0.0,0.0,2.0,1.0,1.0,3.0,1.0,2.0,3.0,2.0,0.0,0.0,0.0,1.0,7.0,0.0,1.0,1.0,3.0,0.0,1.0,0.0,1.0,0.0,0.0,0.0,0.0,1.0,4.0,2.0,2.0,1.0,0.0,0.0,0.0,1.0,0.0,0.0,1.0,0.0,1.0,1.0,1.0,0.0,0.0,1.0,0.0,0.0,3.0,3.0,0.0,1.0,1.0,0.0,1.0,3.0,0.0,1.0,1.0,1.0,0.0,0.0,0.0,0.0,0.0,0.0,0.0,1.0,0.0,1.0,0.0,0.0,0.0,1.0,0.0,0.0,0.0,0.0,0.0,2.0,0.0,1.0,0.0,0.0,0.0,0.0,0.0,0.0,0.0,0.0,0.0,0.0,0.0,0.0,1.0,3.0,1.0,0.0,0.0,0.0,0.0,0.0,0.0,0.0,0.0,0.0,0.0,0.0,0.0,0.0,2.0,0.0,1.0,0.0,0.0,0.0,0.0,0.0,0.0,0.0,0.0,0.0,0.0,0.0,0.0,1.0,0.0,1.0,0.0,0.0,0.0
0.0,2.0,10.0,9.0,0.0,0.0,1.0,0.0,1.0,0.0,0.0,4.0,1.0,4.0,0.0,4.0,26.0,0.0,1.0,0.0,0.0,0.0,1.0,0.0,1.0,0.0,0.0,2.0,1.0,4.0,0.0,0.0,9.0,0.0,1.0,2.0,11.0,0.0,14.0,1.0,1.0,2.0,1.0,0.0,2.0,0.0,5.0,3.0,19.0,0.0,0.0,0.0,0.0,0.0,0.0,3.0,1.0,0.0,0.0,0.0,0.0,0.0,0.0,2.0,0.0,3.0,6.0,2.0,2.0,0.0,17.0,11.0,0.0,0.0,0.0,3.0,0.0,0.0,0.0,2.0,0.0,0.0,1.0,0.0,0.0,5.0,0.0,1.0,1.0,1.0,1.0,0.0,0.0,0.0,6.0,2.0,0.0,0.0,0.0,0.0,0.0,6.0,0.0,0.0,0.0,2.0,0.0,4.0,7.0,4.0,0.0,0.0,0.0,0.0,0.0,0.0,1.0,4.0,6.0,7.0,0.0,6.0,2.0,2.0,0.0,3.0,0.0,1.0,0.0,3.0,2.0,0.0,0.0,1.0,0.0,2.0,0.0,7.0,0.0,4.0,1.0,0.0,1.0,2.0,0.0,2.0,1.0,0.0,2.0,1.0,0.0,8.0,3.0,5.0,5.0,5.0,5.0,1.0,0.0,0.0,6.0,0.0,3.0,0.0,0.0,9.0,0.0,0.0,0.0,0.0,1.0,6.0,1.0,1.0,6.0,4.0,1.0,0.0,0.0,2.0,4.0,1.0,8.0,5.0,0.0,3.0,0.0,0.0,2.0,0.0,1.0,9.0,11.0,16.0,0.0,7.0,1.0,13.0,4.0,1.0,0.0,1.0,0.0,0.0,4.0,1.0,6.0,13.0,2.0,2.0,4.0,3.0,0.0,1.0,2.0,1.0,6.0,0.0,4.0,1.0,6.0,1.0,2.0,0.0,9.0,2.0,0.0,1.0,6.0,2.0,9.0,5.0,7.0,2.0,2.0,2.0,4.0,0.0,2.0,3.0,1.0,6.0,5.0,7.0,4.0,0.0,4.0,2.0,0.0,0.0,1.0,1.0,0.0,3.0,3.0,0.0,1.0,5.0,0.0,5.0,3.0,0.0,0.0,2.0,0.0,1.0,0.0,1.0,1.0,0.0,1.0,4.0,0.0,0.0,0.0,3.0,0.0,0.0,0.0,1.0,5.0,1.0,5.0,2.0,0.0,0.0,0.0,0.0,0.0,3.0,0.0,0.0,0.0,0.0,0.0,0.0,0.0,1.0,1.0,1.0,1.0,0.0,0.0,0.0,1.0,0.0,1.0,0.0,1.0,1.0,0.0,3.0,0.0,2.0,1.0,0.0,0.0,0.0,1.0,0.0,1.0,0.0,6.0,2.0,0.0,0.0,2.0,0.0,1.0,6.0,0.0,0.0,0.0
0.0,8.0,10.0,14.0,4.0,2.0,3.0,2.0,0.0,2.0,0.0,7.0,3.0,8.0,1.0,10.0,35.0,2.0,0.0,0.0,2.0,6.0,0.0,2.0,0.0,4.0,0.0,1.0,2.0,2.0,0.0,0.0,11.0,2.0,9.0,0.0,16.0,0.0,10.0,4.0,3.0,1.0,0.0,0.0,3.0,0.0,3.0,0.0,24.0,1.0,0.0,0.0,2.0,5.0,0.0,1.0,6.0,1.0,0.0,0.0,0.0,3.0,0.0,0.0,4.0,3.0,10.0,1.0,5.0,0.0,16.0,12.0,0.0,1.0,3.0,2.0,0.0,2.0,0.0,0.0,0.0,0.0,3.0,3.0,0.0,4.0,1.0,1.0,0.0,0.0,1.0,2.0,1.0,2.0,0.0,4.0,3.0,0.0,0.0,3.0,3.0,15.0,0.0,0.0,2.0,5.0,1.0,5.0,3.0,6.0,5.0,10.0,1.0,3.0,0.0,0.0,5.0,1.0,10.0,6.0,1.0,6.0,4.0,2.0,1.0,0.0,0.0,5.0,0.0,8.0,10.0,0.0,0.0,0.0,2.0,0.0,0.0,6.0,0.0,4.0,3.0,2.0,1.0,1.0,4.0,0.0,2.0,2.0,0.0,0.0,1.0,9.0,0.0,5.0,5.0,1.0,3.0,0.0,0.0,0.0,11.0,4.0,0.0,4.0,0.0,0.0,11.0,2.0,1.0,2.0,0.0,5.0,1.0,0.0,3.0,5.0,1.0,2.0,6.0,2.0,5.0,0.0,11.0,7.0,3.0,2.0,0.0,5.0,0.0,0.0,2.0,3.0,9.0,15.0,0.0,1.0,0.0,8.0,3.0,1.0,1.0,2.0,1.0,1.0,3.0,0.0,7.0,10.0,0.0,1.0,7.0,4.0,2.0,2.0,2.0,0.0,14.0,0.0,8.0,0.0,12.0,0.0,1.0,0.0,10.0,3.0,0.0,0.0,4.0,2.0,9.0,6.0,5.0,0.0,4.0,4.0,0.0,0.0,0.0,1.0,1.0,4.0,3.0,5.0,1.0,0.0,15.0,4.0,1.0,0.0,1.0,4.0,1.0,5.0,9.0,0.0,6.0,3.0,0.0,6.0,5.0,5.0,0.0,2.0,5.0,0.0,6.0,2.0,3.0,1.0,0.0,0.0,2.0,0.0,0.0,13.0,3.0,1.0,0.0,0.0,1.0,0.0,5.0,2.0,1.0,0.0,2.0,0.0,0.0,0.0,0.0,1.0,3.0,0.0,3.0,1.0,0.0,5.0,0.0,0.0,0.0,0.0,0.0,0.0,0.0,1.0,0.0,1.0,5.0,0.0,0.0,1.0,0.0,0.0,1.0,0.0,0.0,6.0,0.0,5.0,0.0,1.0,4.0,0.0,2.0,0.0,0.0,0.0,0.0,10.0,0.0,0.0,0.0
0.0,3.0,5.0,4.0,1.0,1.0,2.0,0.0,0.0,3.0,0.0,2.0,0.0,1.0,1.0,7.0,12.0,0.0,1.0,0.0,2.0,0.0,0.0,3.0,0.0,1.0,0.0,0.0,0.0,2.0,0.0,1.0,2.0,1.0,1.0,2.0,7.0,0.0,4.0,0.0,2.0,0.0,0.0,0.0,0.0,1.0,0.0,1.0,5.0,0.0,0.0,0.0,1.0,0.0,1.0,2.0,0.0,1.0,0.0,0.0,0.0,0.0,0.0,0.0,0.0,2.0,1.0,0.0,2.0,0.0,3.0,2.0,0.0,1.0,0.0,2.0,0.0,2.0,0.0,0.0,0.0,0.0,2.0,0.0,0.0,0.0,0.0,0.0,0.0,0.0,1.0,0.0,1.0,0.0,0.0,4.0,0.0,0.0,0.0,1.0,0.0,7.0,0.0,0.0,0.0,3.0,0.0,1.0,2.0,1.0,0.0,4.0,0.0,1.0,0.0,0.0,0.0,1.0,5.0,1.0,1.0,1.0,1.0,1.0,0.0,0.0,0.0,0.0,0.0,4.0,7.0,2.0,0.0,0.0,0.0,0.0,0.0,4.0,0.0,0.0,0.0,1.0,0.0,0.0,1.0,0.0,0.0,0.0,0.0,0.0,0.0,0.0,0.0,1.0,2.0,1.0,1.0,0.0,0.0,1.0,4.0,1.0,0.0,0.0,0.0,0.0,2.0,4.0,0.0,1.0,0.0,2.0,1.0,0.0,1.0,0.0,1.0,0.0,5.0,0.0,1.0,0.0,5.0,1.0,0.0,0.0,0.0,0.0,0.0,0.0,0.0,0.0,0.0,9.0,0.0,3.0,0.0,1.0,1.0,0.0,0.0,2.0,0.0,0.0,2.0,0.0,6.0,1.0,0.0,1.0,6.0,2.0,2.0,1.0,1.0,0.0,11.0,0.0,1.0,0.0,5.0,0.0,0.0,0.0,2.0,1.0,0.0,0.0,1.0,0.0,4.0,1.0,3.0,0.0,0.0,1.0,0.0,0.0,0.0,0.0,1.0,1.0,1.0,0.0,1.0,1.0,6.0,1.0,0.0,1.0,0.0,3.0,0.0,3.0,4.0,0.0,3.0,1.0,0.0,1.0,3.0,4.0,0.0,0.0,0.0,0.0,2.0,1.0,0.0,0.0,1.0,0.0,1.0,0.0,0.0,4.0,1.0,1.0,0.0,0.0,0.0,0.0,4.0,0.0,1.0,1.0,0.0,0.0,0.0,0.0,1.0,0.0,0.0,0.0,0.0,0.0,0.0,2.0,0.0,0.0,0.0,0.0,0.0,0.0,0.0,0.0,0.0,1.0,1.0,0.0,0.0,0.0,0.0,0.0,1.0,0.0,0.0,5.0,1.0,1.0,0.0,0.0,0.0,0.0,4.0,0.0,0.0,0.0,0.0,5.0,0.0,0.0,0.0
0.0,1.0,2.0,0.0,0.0,1.0,0.0,0.0,0.0,1.0,0.0,0.0,1.0,0.0,0.0,1.0,4.0,0.0,0.0,0.0,0.0,0.0,0.0,0.0,0.0,1.0,0.0,0.0,0.0,0.0,0.0,0.0,1.0,1.0,1.0,0.0,1.0,0.0,1.0,0.0,0.0,1.0,0.0,0.0,0.0,0.0,0.0,0.0,1.0,0.0,0.0,0.0,0.0,1.0,0.0,0.0,0.0,0.0,0.0,0.0,0.0,0.0,0.0,0.0,0.0,0.0,1.0,0.0,0.0,0.0,2.0,0.0,0.0,0.0,0.0,0.0,0.0,0.0,0.0,0.0,0.0,0.0,1.0,0.0,0.0,1.0,0.0,0.0,0.0,0.0,0.0,0.0,0.0,0.0,0.0,1.0,0.0,0.0,0.0,0.0,0.0,0.0,0.0,0.0,0.0,1.0,0.0,0.0,1.0,0.0,0.0,1.0,0.0,0.0,0.0,0.0,1.0,0.0,1.0,1.0,0.0,0.0,0.0,0.0,0.0,0.0,0.0,0.0,0.0,1.0,2.0,0.0,0.0,0.0,0.0,0.0,0.0,0.0,0.0,0.0,0.0,1.0,0.0,0.0,0.0,0.0,0.0,0.0,0.0,0.0,1.0,1.0,0.0,0.0,2.0,0.0,0.0,0.0,0.0,0.0,0.0,0.0,0.0,1.0,0.0,0.0,1.0,0.0,1.0,1.0,0.0,0.0,0.0,0.0,1.0,1.0,0.0,0.0,1.0,0.0,0.0,0.0,0.0,0.0,0.0,0.0,0.0,0.0,0.0,0.0,0.0,0.0,0.0,2.0,0.0,0.0,0.0,1.0,0.0,1.0,0.0,1.0,0.0,0.0,0.0,0.0,0.0,0.0,0.0,0.0,1.0,0.0,0.0,0.0,0.0,0.0,2.0,0.0,2.0,0.0,1.0,0.0,0.0,0.0,1.0,0.0,0.0,0.0,1.0,0.0,1.0,0.0,1.0,0.0,0.0,2.0,0.0,0.0,0.0,0.0,0.0,0.0,0.0,0.0,0.0,0.0,0.0,1.0,0.0,0.0,0.0,0.0,0.0,1.0,0.0,0.0,1.0,0.0,0.0,0.0,0.0,2.0,0.0,0.0,1.0,0.0,1.0,0.0,0.0,0.0,0.0,0.0,1.0,0.0,0.0,0.0,0.0,0.0,0.0,0.0,0.0,0.0,1.0,0.0,0.0,0.0,0.0,0.0,0.0,0.0,0.0,0.0,0.0,0.0,0.0,0.0,0.0,0.0,0.0,0.0,0.0,0.0,0.0,0.0,0.0,0.0,0.0,0.0,0.0,0.0,0.0,0.0,0.0,0.0,0.0,0.0,0.0,1.0,0.0,0.0,0.0,1.0,0.0,0.0,0.0,0.0,0.0,0.0,0.0,1.0,0.0,0.0,0.0
0.0,3.0,5.0,5.0,1.0,2.0,0.0,0.0,0.0,2.0,0.0,0.0,1.0,2.0,0.0,5.0,14.0,3.0,1.0,0.0,0.0,0.0,0.0,2.0,0.0,2.0,0.0,0.0,1.0,0.0,0.0,0.0,4.0,2.0,4.0,1.0,4.0,0.0,3.0,0.0,1.0,1.0,0.0,0.0,0.0,0.0,3.0,0.0,8.0,0.0,0.0,0.0,0.0,3.0,0.0,2.0,2.0,1.0,0.0,0.0,0.0,0.0,1.0,0.0,1.0,3.0,8.0,0.0,2.0,0.0,11.0,5.0,1.0,1.0,0.0,0.0,0.0,1.0,0.0,0.0,0.0,1.0,2.0,0.0,0.0,3.0,0.0,0.0,0.0,0.0,1.0,1.0,0.0,0.0,0.0,2.0,0.0,0.0,0.0,0.0,1.0,2.0,0.0,0.0,0.0,2.0,0.0,0.0,1.0,1.0,0.0,2.0,0.0,0.0,0.0,0.0,2.0,2.0,5.0,2.0,0.0,0.0,0.0,0.0,0.0,0.0,0.0,1.0,0.0,4.0,7.0,0.0,0.0,0.0,0.0,0.0,0.0,1.0,0.0,1.0,0.0,2.0,2.0,0.0,0.0,0.0,0.0,1.0,1.0,0.0,1.0,2.0,0.0,1.0,4.0,2.0,3.0,0.0,0.0,1.0,2.0,0.0,0.0,2.0,1.0,0.0,2.0,1.0,1.0,4.0,0.0,4.0,1.0,0.0,3.0,5.0,1.0,1.0,3.0,0.0,0.0,0.0,2.0,2.0,4.0,1.0,1.0,1.0,2.0,0.0,0.0,1.0,1.0,7.0,0.0,1.0,0.0,4.0,3.0,2.0,0.0,4.0,0.0,0.0,1.0,1.0,3.0,6.0,0.0,1.0,5.0,2.0,1.0,0.0,1.0,0.0,8.0,0.0,4.0,1.0,3.0,0.0,1.0,0.0,3.0,1.0,0.0,0.0,1.0,0.0,6.0,3.0,3.0,0.0,0.0,3.0,1.0,1.0,0.0,0.0,1.0,0.0,2.0,3.0,3.0,1.0,1.0,1.0,0.0,0.0,3.0,4.0,0.0,2.0,1.0,1.0,2.0,6.0,0.0,0.0,3.0,4.0,0.0,0.0,1.0,0.0,2.0,0.0,0.0,0.0,0.0,0.0,1.0,0.0,0.0,2.0,1.0,1.0,0.0,0.0,1.0,2.0,2.0,1.0,1.0,0.0,0.0,0.0,0.0,0.0,0.0,0.0,0.0,0.0,0.0,0.0,1.0,4.0,0.0,0.0,0.0,0.0,1.0,0.0,0.0,0.0,0.0,0.0,0.0,0.0,0.0,0.0,1.0,0.0,1.0,0.0,0.0,3.0,1.0,1.0,0.0,2.0,0.0,0.0,2.0,0.0,0.0,0.0,0.0,5.0,0.0,0.0,0.0
0.0,2.0,4.0,2.0,0.0,0.0,0.0,0.0,0.0,0.0,0.0,3.0,0.0,2.0,0.0,3.0,6.0,1.0,0.0,0.0,0.0,0.0,1.0,0.0,0.0,0.0,1.0,2.0,1.0,1.0,0.0,0.0,3.0,0.0,2.0,0.0,5.0,0.0,3.0,1.0,0.0,0.0,0.0,0.0,0.0,0.0,1.0,0.0,2.0,0.0,0.0,0.0,0.0,2.0,0.0,2.0,0.0,0.0,0.0,0.0,1.0,0.0,0.0,1.0,1.0,0.0,1.0,0.0,2.0,0.0,2.0,5.0,0.0,0.0,0.0,0.0,0.0,0.0,0.0,0.0,0.0,0.0,0.0,0.0,0.0,1.0,0.0,1.0,1.0,0.0,0.0,0.0,0.0,0.0,0.0,0.0,0.0,0.0,0.0,0.0,0.0,4.0,0.0,0.0,0.0,1.0,0.0,2.0,1.0,2.0,0.0,0.0,0.0,0.0,0.0,0.0,1.0,1.0,3.0,1.0,1.0,2.0,1.0,0.0,0.0,1.0,0.0,0.0,0.0,3.0,1.0,0.0,0.0,1.0,0.0,1.0,0.0,4.0,0.0,2.0,1.0,0.0,0.0,0.0,0.0,1.0,0.0,0.0,0.0,0.0,0.0,2.0,2.0,1.0,1.0,0.0,0.0,1.0,0.0,0.0,2.0,1.0,0.0,0.0,0.0,1.0,0.0,0.0,0.0,0.0,2.0,5.0,0.0,0.0,2.0,1.0,1.0,0.0,0.0,0.0,1.0,1.0,1.0,0.0,0.0,0.0,0.0,0.0,0.0,0.0,1.0,0.0,4.0,3.0,0.0,0.0,0.0,3.0,2.0,0.0,2.0,0.0,0.0,0.0,1.0,0.0,1.0,3.0,0.0,1.0,2.0,0.0,0.0,0.0,1.0,0.0,1.0,0.0,1.0,0.0,4.0,0.0,1.0,0.0,3.0,1.0,0.0,0.0,1.0,0.0,2.0,1.0,2.0,0.0,0.0,1.0,1.0,0.0,0.0,0.0,0.0,1.0,3.0,2.0,1.0,0.0,3.0,1.0,0.0,0.0,0.0,1.0,0.0,1.0,2.0,0.0,0.0,1.0,0.0,1.0,1.0,0.0,0.0,0.0,0.0,0.0,0.0,0.0,0.0,0.0,0.0,1.0,0.0,0.0,2.0,2.0,0.0,0.0,0.0,0.0,1.0,0.0,2.0,0.0,0.0,0.0,0.0,0.0,0.0,0.0,0.0,0.0,0.0,0.0,0.0,0.0,0.0,0.0,0.0,0.0,0.0,0.0,1.0,0.0,0.0,0.0,0.0,0.0,0.0,1.0,0.0,0.0,0.0,0.0,0.0,0.0,0.0,0.0,0.0,0.0,0.0,0.0,1.0,0.0,0.0,0.0,0.0,0.0,0.0,5.0,0.0,0.0,0.0
2.0,14.0,44.0,54.0,10.0,0.0,3.0,2.0,1.0,2.0,0.0,16.0,5.0,23.0,0.0,35.0,88.0,10.0,13.0,0.0,0.0,5.0,6.0,2.0,2.0,2.0,4.0,9.0,12.0,4.0,3.0,2.0,55.0,3.0,12.0,6.0,49.0,0.0,32.0,7.0,10.0,0.0,0.0,3.0,15.0,4.0,22.0,8.0,64.0,1.0,6.0,3.0,3.0,17.0,2.0,11.0,15.0,4.0,4.0,3.0,2.0,2.0,4.0,3.0,4.0,13.0,55.0,4.0,11.0,0.0,51.0,46.0,3.0,0.0,2.0,6.0,2.0,4.0,1.0,4.0,0.0,4.0,6.0,2.0,0.0,22.0,1.0,3.0,3.0,0.0,7.0,3.0,8.0,2.0,5.0,3.0,1.0,2.0,0.0,4.0,3.0,43.0,3.0,1.0,2.0,10.0,0.0,16.0,28.0,13.0,7.0,14.0,2.0,3.0,2.0,2.0,6.0,24.0,32.0,11.0,4.0,16.0,11.0,7.0,0.0,6.0,0.0,5.0,0.0,20.0,13.0,2.0,3.0,5.0,3.0,5.0,1.0,14.0,0.0,23.0,5.0,0.0,2.0,2.0,7.0,3.0,4.0,8.0,2.0,0.0,1.0,33.0,7.0,9.0,24.0,12.0,25.0,3.0,0.0,5.0,30.0,9.0,3.0,16.0,1.0,6.0,5.0,2.0,0.0,4.0,5.0,56.0,3.0,2.0,18.0,25.0,4.0,11.0,5.0,3.0,8.0,7.0,32.0,18.0,14.0,6.0,5.0,12.0,9.0,1.0,8.0,11.0,33.0,48.0,1.0,13.0,1.0,40.0,30.0,13.0,4.0,4.0,1.0,2.0,14.0,4.0,23.0,31.0,5.0,13.0,21.0,15.0,3.0,4.0,7.0,1.0,37.0,6.0,18.0,1.0,37.0,0.0,4.0,3.0,25.0,5.0,1.0,0.0,19.0,8.0,33.0,15.0,18.0,4.0,5.0,5.0,9.0,3.0,1.0,4.0,2.0,8.0,13.0,21.0,14.0,11.0,29.0,12.0,1.0,2.0,6.0,7.0,0.0,19.0,23.0,3.0,16.0,39.0,1.0,15.0,32.0,7.0,2.0,6.0,4.0,0.0,8.0,3.0,6.0,0.0,0.0,10.0,0.0,1.0,8.0,25.0,2.0,0.0,0.0,0.0,9.0,3.0,10.0,7.0,0.0,2.0,0.0,0.0,3.0,1.0,0.0,1.0,2.0,2.0,8.0,0.0,1.0,12.0,0.0,3.0,0.0,2.0,11.0,0.0,0.0,0.0,0.0,0.0,8.0,3.0,3.0,4.0,1.0,4.0,2.0,0.0,0.0,5.0,5.0,6.0,0.0,6.0,8.0,1.0,2.0,1.0,1.0,0.0,2.0,30.0,3.0,3.0,0.0
0.0,4.0,8.0,8.0,0.0,0.0,3.0,0.0,0.0,0.0,0.0,2.0,0.0,1.0,1.0,3.0,20.0,1.0,4.0,0.0,2.0,0.0,0.0,0.0,1.0,0.0,0.0,0.0,2.0,3.0,0.0,0.0,6.0,0.0,1.0,0.0,9.0,0.0,10.0,0.0,1.0,2.0,1.0,0.0,0.0,0.0,2.0,2.0,12.0,0.0,0.0,0.0,1.0,0.0,0.0,0.0,2.0,0.0,0.0,0.0,0.0,0.0,0.0,1.0,0.0,1.0,8.0,0.0,2.0,1.0,11.0,9.0,0.0,0.0,0.0,0.0,0.0,1.0,0.0,0.0,0.0,1.0,2.0,0.0,0.0,4.0,0.0,0.0,0.0,1.0,2.0,0.0,0.0,0.0,1.0,3.0,0.0,0.0,0.0,0.0,0.0,4.0,0.0,0.0,0.0,1.0,0.0,3.0,3.0,2.0,1.0,1.0,0.0,0.0,0.0,0.0,0.0,4.0,5.0,3.0,1.0,3.0,1.0,2.0,0.0,2.0,0.0,2.0,0.0,4.0,2.0,0.0,0.0,0.0,0.0,1.0,0.0,4.0,0.0,1.0,1.0,0.0,0.0,0.0,0.0,0.0,1.0,0.0,0.0,2.0,0.0,4.0,0.0,3.0,2.0,2.0,4.0,0.0,0.0,1.0,6.0,1.0,0.0,3.0,1.0,1.0,1.0,1.0,0.0,1.0,0.0,3.0,5.0,0.0,4.0,5.0,0.0,1.0,1.0,0.0,3.0,0.0,3.0,2.0,2.0,3.0,1.0,0.0,2.0,0.0,0.0,2.0,4.0,11.0,0.0,5.0,1.0,10.0,3.0,2.0,0.0,1.0,0.0,0.0,5.0,1.0,3.0,5.0,1.0,2.0,7.0,4.0,1.0,1.0,1.0,2.0,14.0,0.0,3.0,1.0,3.0,1.0,1.0,0.0,4.0,0.0,0.0,1.0,3.0,1.0,10.0,4.0,5.0,3.0,0.0,0.0,3.0,0.0,0.0,1.0,1.0,2.0,3.0,5.0,3.0,1.0,4.0,1.0,0.0,0.0,1.0,1.0,0.0,2.0,4.0,1.0,2.0,5.0,0.0,6.0,5.0,2.0,0.0,0.0,0.0,1.0,1.0,0.0,1.0,1.0,1.0,1.0,1.0,0.0,0.0,2.0,0.0,0.0,0.0,1.0,4.0,1.0,3.0,0.0,0.0,0.0,0.0,0.0,0.0,0.0,0.0,0.0,0.0,0.0,0.0,0.0,0.0,4.0,2.0,0.0,0.0,0.0,1.0,0.0,0.0,0.0,1.0,1.0,0.0,0.0,0.0,3.0,1.0,0.0,1.0,0.0,0.0,1.0,2.0,0.0,1.0,1.0,2.0,0.0,0.0,0.0,0.0,1.0,0.0,5.0,0.0,0.0,0.0
0.0,0.0,6.0,2.0,0.0,0.0,0.0,0.0,0.0,0.0,0.0,2.0,2.0,0.0,0.0,0.0,9.0,2.0,0.0,0.0,0.0,2.0,0.0,0.0,1.0,0.0,0.0,0.0,0.0,0.0,0.0,0.0,0.0,0.0,2.0,0.0,4.0,0.0,6.0,0.0,2.0,0.0,0.0,0.0,2.0,0.0,1.0,1.0,4.0,2.0,0.0,0.0,0.0,2.0,0.0,2.0,1.0,0.0,0.0,0.0,0.0,0.0,0.0,0.0,2.0,2.0,6.0,0.0,4.0,0.0,4.0,0.0,0.0,0.0,0.0,0.0,0.0,0.0,0.0,0.0,0.0,2.0,0.0,0.0,0.0,2.0,0.0,0.0,0.0,0.0,0.0,0.0,0.0,0.0,0.0,1.0,0.0,0.0,0.0,0.0,0.0,2.0,0.0,0.0,0.0,2.0,0.0,2.0,6.0,1.0,0.0,0.0,0.0,0.0,0.0,0.0,0.0,0.0,1.0,0.0,0.0,3.0,1.0,2.0,0.0,0.0,0.0,0.0,0.0,4.0,0.0,0.0,0.0,0.0,0.0,0.0,0.0,1.0,0.0,2.0,2.0,0.0,1.0,0.0,0.0,0.0,0.0,0.0,0.0,0.0,0.0,2.0,0.0,4.0,2.0,0.0,0.0,0.0,0.0,0.0,0.0,0.0,0.0,0.0,0.0,1.0,0.0,0.0,0.0,0.0,0.0,2.0,0.0,5.0,1.0,5.0,2.0,0.0,0.0,0.0,0.0,0.0,4.0,3.0,0.0,2.0,0.0,0.0,0.0,0.0,0.0,1.0,1.0,5.0,2.0,0.0,0.0,2.0,2.0,0.0,0.0,0.0,0.0,0.0,1.0,0.0,4.0,0.0,4.0,0.0,0.0,4.0,0.0,0.0,0.0,0.0,5.0,0.0,0.0,0.0,7.0,0.0,0.0,0.0,5.0,0.0,0.0,0.0,2.0,0.0,2.0,0.0,1.0,0.0,2.0,0.0,0.0,0.0,0.0,4.0,1.0,0.0,1.0,0.0,0.0,0.0,2.0,0.0,0.0,0.0,0.0,0.0,0.0,2.0,3.0,0.0,2.0,3.0,2.0,2.0,2.0,0.0,0.0,2.0,2.0,0.0,0.0,0.0,0.0,0.0,0.0,1.0,0.0,0.0,0.0,2.0,0.0,0.0,0.0,0.0,0.0,2.0,0.0,0.0,0.0,0.0,0.0,0.0,0.0,0.0,0.0,0.0,0.0,0.0,2.0,0.0,0.0,0.0,0.0,0.0,1.0,0.0,0.0,0.0,0.0,0.0,0.0,0.0,0.0,0.0,0.0,0.0,0.0,4.0,1.0,0.0,0.0,0.0,0.0,0.0,0.0,0.0,0.0,0.0,0.0,0.0,0.0,0.0,1.0,4.0,0.0,0.0,0.0
1.0,12.0,33.0,37.0,5.0,2.0,3.0,0.0,2.0,2.0,1.0,7.0,6.0,11.0,1.0,14.0,81.0,3.0,8.0,0.0,0.0,1.0,3.0,2.0,3.0,2.0,2.0,6.0,10.0,3.0,2.0,0.0,40.0,5.0,7.0,1.0,36.0,0.0,33.0,5.0,2.0,5.0,1.0,2.0,9.0,0.0,13.0,8.0,44.0,1.0,4.0,3.0,4.0,9.0,0.0,7.0,9.0,3.0,0.0,2.0,1.0,1.0,4.0,2.0,4.0,10.0,33.0,3.0,7.0,1.0,33.0,32.0,2.0,1.0,0.0,3.0,0.0,4.0,1.0,3.0,0.0,1.0,5.0,1.0,0.0,12.0,0.0,2.0,1.0,1.0,4.0,1.0,3.0,0.0,3.0,6.0,1.0,0.0,0.0,1.0,1.0,16.0,2.0,1.0,0.0,6.0,0.0,8.0,20.0,11.0,1.0,6.0,1.0,3.0,0.0,0.0,5.0,13.0,18.0,11.0,1.0,16.0,7.0,4.0,1.0,5.0,0.0,5.0,0.0,18.0,9.0,0.0,3.0,3.0,1.0,2.0,0.0,12.0,0.0,14.0,7.0,2.0,2.0,1.0,3.0,1.0,2.0,2.0,1.0,2.0,1.0,21.0,4.0,11.0,16.0,9.0,18.0,1.0,0.0,3.0,16.0,7.0,2.0,12.0,1.0,6.0,3.0,1.0,1.0,3.0,2.0,18.0,4.0,1.0,25.0,20.0,2.0,5.0,3.0,1.0,8.0,4.0,22.0,11.0,6.0,4.0,1.0,6.0,3.0,0.0,3.0,7.0,19.0,36.0,0.0,13.0,2.0,29.0,11.0,8.0,3.0,3.0,1.0,1.0,13.0,3.0,12.0,23.0,4.0,10.0,18.0,13.0,2.0,1.0,3.0,3.0,34.0,4.0,16.0,3.0,19.0,2.0,4.0,2.0,16.0,2.0,0.0,1.0,16.0,6.0,29.0,16.0,17.0,6.0,2.0,6.0,9.0,0.0,1.0,3.0,3.0,4.0,13.0,18.0,14.0,5.0,10.0,8.0,0.0,0.0,1.0,5.0,1.0,12.0,16.0,1.0,11.0,21.0,0.0,16.0,18.0,7.0,0.0,2.0,2.0,1.0,8.0,2.0,3.0,2.0,2.0,10.0,1.0,0.0,4.0,9.0,3.0,1.0,0.0,1.0,10.0,1.0,7.0,3.0,1.0,0.0,0.0,0.0,2.0,1.0,0.0,1.0,1.0,0.0,1.0,0.0,0.0,12.0,2.0,1.0,2.0,0.0,6.0,0.0,0.0,1.0,1.0,0.0,2.0,1.0,2.0,6.0,1.0,2.0,3.0,0.0,0.0,3.0,4.0,1.0,1.0,4.0,4.0,1.0,2.0,0.0,1.0,1.0,2.0,22.0,2.0,2.0,0.0
2.0,15.0,38.0,56.0,6.0,1.0,7.0,2.0,1.0,1.0,1.0,29.0,16.0,30.0,0.0,19.0,124.0,18.0,10.0,3.0,0.0,4.0,6.0,0.0,2.0,1.0,6.0,6.0,14.0,6.0,4.0,3.0,49.0,6.0,19.0,3.0,51.0,2.0,46.0,5.0,11.0,9.0,1.0,2.0,17.0,1.0,26.0,15.0,68.0,3.0,4.0,4.0,5.0,26.0,0.0,25.0,22.0,8.0,0.0,8.0,1.0,5.0,6.0,1.0,8.0,24.0,81.0,5.0,6.0,4.0,73.0,67.0,7.0,0.0,1.0,5.0,0.0,13.0,0.0,3.0,3.0,5.0,8.0,1.0,3.0,15.0,5.0,1.0,0.0,1.0,8.0,3.0,11.0,0.0,6.0,8.0,13.0,0.0,2.0,1.0,2.0,33.0,2.0,2.0,0.0,24.0,2.0,12.0,26.0,17.0,0.0,24.0,1.0,9.0,0.0,0.0,5.0,25.0,37.0,14.0,1.0,25.0,15.0,8.0,1.0,6.0,3.0,7.0,2.0,21.0,10.0,0.0,2.0,2.0,4.0,1.0,3.0,19.0,0.0,29.0,8.0,1.0,4.0,10.0,15.0,0.0,1.0,3.0,2.0,2.0,4.0,26.0,7.0,41.0,20.0,12.0,30.0,0.0,3.0,7.0,34.0,12.0,4.0,17.0,2.0,4.0,5.0,0.0,1.0,5.0,1.0,25.0,5.0,5.0,20.0,85.0,3.0,7.0,4.0,1.0,18.0,7.0,39.0,23.0,14.0,16.0,3.0,7.0,8.0,3.0,5.0,11.0,25.0,42.0,4.0,19.0,1.0,46.0,28.0,12.0,3.0,6.0,8.0,1.0,21.0,4.0,12.0,40.0,8.0,11.0,24.0,17.0,3.0,7.0,2.0,5.0,50.0,4.0,15.0,6.0,51.0,7.0,4.0,2.0,35.0,0.0,3.0,1.0,21.0,12.0,48.0,23.0,29.0,11.0,9.0,6.0,10.0,1.0,0.0,7.0,2.0,3.0,21.0,28.0,17.0,7.0,20.0,15.0,4.0,0.0,11.0,3.0,4.0,37.0,23.0,3.0,33.0,66.0,2.0,30.0,51.0,11.0,0.0,9.0,9.0,5.0,11.0,2.0,20.0,5.0,4.0,8.0,4.0,3.0,9.0,21.0,2.0,0.0,0.0,1.0,9.0,8.0,13.0,4.0,0.0,0.0,2.0,3.0,5.0,1.0,0.0,5.0,1.0,0.0,6.0,1.0,1.0,21.0,5.0,0.0,1.0,0.0,8.0,2.0,0.0,4.0,3.0,0.0,3.0,4.0,2.0,7.0,2.0,4.0,2.0,2.0,1.0,4.0,8.0,0.0,1.0,6.0,3.0,1.0,0.0,3.0,1.0,1.0,4.0,27.0,2.0,2.0,2.0
0.0,2.0,8.0,3.0,0.0,1.0,1.0,0.0,0.0,1.0,0.0,3.0,2.0,1.0,0.0,6.0,18.0,2.0,0.0,0.0,0.0,1.0,1.0,2.0,0.0,1.0,1.0,2.0,0.0,1.0,0.0,0.0,5.0,1.0,3.0,0.0,6.0,0.0,6.0,0.0,1.0,0.0,0.0,0.0,1.0,0.0,0.0,0.0,4.0,1.0,0.0,0.0,0.0,2.0,0.0,1.0,0.0,1.0,0.0,0.0,0.0,0.0,0.0,1.0,1.0,2.0,3.0,0.0,5.0,0.0,6.0,5.0,0.0,1.0,0.0,0.0,0.0,3.0,0.0,0.0,0.0,1.0,1.0,0.0,0.0,3.0,0.0,1.0,1.0,0.0,0.0,0.0,1.0,0.0,0.0,2.0,0.0,0.0,0.0,0.0,0.0,5.0,0.0,0.0,0.0,3.0,0.0,2.0,3.0,2.0,0.0,2.0,0.0,2.0,0.0,0.0,1.0,1.0,4.0,2.0,0.0,2.0,0.0,1.0,0.0,1.0,0.0,0.0,0.0,5.0,5.0,0.0,0.0,1.0,0.0,1.0,0.0,3.0,0.0,2.0,2.0,1.0,0.0,0.0,1.0,1.0,0.0,0.0,0.0,0.0,0.0,4.0,2.0,4.0,2.0,0.0,1.0,1.0,0.0,0.0,4.0,0.0,0.0,0.0,0.0,1.0,1.0,1.0,0.0,1.0,1.0,4.0,0.0,2.0,2.0,3.0,4.0,0.0,2.0,0.0,0.0,1.0,4.0,1.0,0.0,1.0,0.0,0.0,0.0,0.0,1.0,0.0,4.0,8.0,1.0,0.0,0.0,3.0,3.0,0.0,0.0,1.0,1.0,0.0,1.0,0.0,5.0,4.0,2.0,1.0,4.0,3.0,1.0,0.0,2.0,0.0,5.0,0.0,1.0,0.0,9.0,1.0,1.0,0.0,3.0,2.0,0.0,0.0,3.0,1.0,3.0,2.0,3.0,0.0,1.0,2.0,2.0,0.0,0.0,2.0,1.0,1.0,4.0,2.0,2.0,0.0,5.0,2.0,0.0,0.0,0.0,3.0,0.0,2.0,2.0,0.0,3.0,1.0,1.0,1.0,1.0,2.0,0.0,1.0,1.0,0.0,1.0,0.0,0.0,0.0,0.0,1.0,0.0,0.0,0.0,4.0,1.0,1.0,0.0,0.0,1.0,2.0,5.0,0.0,1.0,0.0,0.0,0.0,0.0,0.0,0.0,1.0,0.0,0.0,1.0,0.0,0.0,1.0,1.0,0.0,0.0,0.0,0.0,0.0,0.0,0.0,0.0,0.0,2.0,1.0,0.0,0.0,0.0,2.0,1.0,0.0,1.0,2.0,0.0,1.0,0.0,0.0,1.0,0.0,2.0,0.0,0.0,0.0,0.0,8.0,0.0,0.0,0.0
0.0,2.0,11.0,13.0,3.0,0.0,0.0,1.0,0.0,0.0,0.0,1.0,2.0,6.0,0.0,7.0,23.0,0.0,5.0,0.0,0.0,2.0,2.0,0.0,0.0,1.0,0.0,0.0,5.0,0.0,2.0,0.0,20.0,2.0,1.0,0.0,10.0,0.0,6.0,1.0,1.0,0.0,0.0,2.0,2.0,0.0,6.0,4.0,14.0,0.0,4.0,2.0,0.0,5.0,0.0,0.0,5.0,2.0,0.0,2.0,0.0,1.0,2.0,0.0,0.0,0.0,18.0,2.0,1.0,0.0,12.0,10.0,0.0,0.0,1.0,2.0,0.0,0.0,0.0,2.0,0.0,1.0,0.0,1.0,0.0,6.0,0.0,0.0,0.0,0.0,3.0,1.0,2.0,1.0,0.0,0.0,0.0,0.0,0.0,1.0,1.0,7.0,2.0,0.0,1.0,0.0,0.0,4.0,8.0,1.0,2.0,4.0,0.0,0.0,0.0,0.0,1.0,8.0,6.0,2.0,0.0,3.0,3.0,0.0,0.0,2.0,0.0,2.0,0.0,4.0,1.0,0.0,2.0,0.0,1.0,0.0,0.0,0.0,0.0,4.0,0.0,0.0,0.0,0.0,1.0,0.0,1.0,3.0,0.0,0.0,0.0,11.0,0.0,0.0,6.0,3.0,7.0,0.0,0.0,1.0,8.0,0.0,0.0,8.0,0.0,0.0,2.0,0.0,0.0,1.0,0.0,11.0,1.0,0.0,5.0,7.0,0.0,6.0,1.0,1.0,1.0,2.0,8.0,6.0,5.0,1.0,1.0,6.0,2.0,0.0,1.0,1.0,7.0,11.0,0.0,4.0,0.0,8.0,5.0,3.0,0.0,0.0,0.0,0.0,4.0,2.0,5.0,6.0,0.0,4.0,4.0,5.0,0.0,1.0,0.0,0.0,10.0,4.0,7.0,0.0,5.0,0.0,0.0,2.0,2.0,1.0,0.0,0.0,5.0,2.0,10.0,4.0,4.0,2.0,1.0,0.0,1.0,0.0,0.0,0.0,0.0,2.0,1.0,4.0,5.0,5.0,3.0,3.0,0.0,0.0,0.0,1.0,0.0,5.0,3.0,1.0,1.0,14.0,0.0,3.0,7.0,2.0,0.0,1.0,1.0,0.0,3.0,0.0,1.0,0.0,0.0,2.0,0.0,0.0,0.0,3.0,0.0,0.0,0.0,0.0,1.0,0.0,0.0,3.0,0.0,0.0,0.0,0.0,2.0,0.0,0.0,0.0,1.0,0.0,1.0,0.0,0.0,5.0,0.0,0.0,0.0,0.0,5.0,0.0,0.0,0.0,0.0,0.0,2.0,0.0,2.0,2.0,0.0,0.0,0.0,0.0,0.0,1.0,1.0,2.0,0.0,3.0,2.0,0.0,0.0,0.0,0.0,0.0,0.0,4.0,2.0,2.0,0.0
0.0,7.0,12.0,7.0,2.0,3.0,2.0,1.0,0.0,5.0,0.0,6.0,1.0,5.0,1.0,16.0,27.0,1.0,1.0,0.0,2.0,2.0,0.0,5.0,0.0,4.0,1.0,1.0,0.0,2.0,0.0,1.0,6.0,3.0,4.0,2.0,15.0,0.0,8.0,1.0,5.0,1.0,0.0,0.0,1.0,1.0,1.0,1.0,13.0,0.0,0.0,0.0,1.0,2.0,1.0,3.0,3.0,3.0,0.0,0.0,0.0,1.0,0.0,0.0,0.0,3.0,5.0,0.0,5.0,0.0,13.0,5.0,1.0,2.0,1.0,2.0,0.0,3.0,0.0,0.0,0.0,0.0,4.0,1.0,0.0,2.0,1.0,0.0,0.0,0.0,1.0,1.0,2.0,1.0,1.0,6.0,1.0,0.0,0.0,2.0,1.0,11.0,0.0,0.0,1.0,6.0,0.0,4.0,3.0,5.0,2.0,11.0,0.0,2.0,0.0,0.0,2.0,2.0,9.0,6.0,1.0,2.0,2.0,2.0,0.0,0.0,0.0,1.0,0.0,8.0,15.0,2.0,0.0,0.0,2.0,0.0,1.0,5.0,0.0,2.0,0.0,3.0,0.0,1.0,3.0,0.0,1.0,1.0,0.0,0.0,2.0,3.0,0.0,2.0,7.0,1.0,2.0,0.0,0.0,1.0,7.0,1.0,0.0,2.0,0.0,0.0,6.0,5.0,1.0,3.0,0.0,5.0,1.0,0.0,3.0,4.0,2.0,1.0,10.0,1.0,4.0,1.0,10.0,4.0,2.0,1.0,0.0,2.0,0.0,1.0,2.0,2.0,2.0,18.0,0.0,3.0,0.0,3.0,3.0,2.0,0.0,4.0,1.0,0.0,2.0,0.0,10.0,4.0,1.0,1.0,12.0,4.0,3.0,2.0,2.0,0.0,19.0,0.0,5.0,0.0,10.0,0.0,0.0,0.0,5.0,3.0,1.0,0.0,3.0,1.0,7.0,3.0,5.0,0.0,2.0,5.0,0.0,0.0,0.0,0.0,2.0,3.0,2.0,0.0,2.0,1.0,10.0,4.0,1.0,1.0,1.0,6.0,0.0,9.0,6.0,0.0,8.0,3.0,0.0,4.0,7.0,10.0,0.0,3.0,3.0,0.0,6.0,1.0,2.0,0.0,1.0,0.0,2.0,1.0,1.0,8.0,2.0,2.0,0.0,0.0,0.0,0.0,7.0,1.0,2.0,1.0,0.0,0.0,0.0,0.0,1.0,1.0,1.0,0.0,2.0,0.0,0.0,3.0,0.0,0.0,0.0,0.0,0.0,0.0,0.0,0.0,0.0,1.0,3.0,0.0,0.0,0.0,0.0,0.0,2.0,0.0,0.0,10.0,1.0,4.0,0.0,1.0,2.0,0.0,6.0,1.0,0.0,0.0,0.0,10.0,0.0,0.0,0.0
0.0,1.0,4.0,4.0,1.0,0.0,0.0,1.0,0.0,0.0,0.0,2.0,0.0,4.0,0.0,2.0,7.0,0.0,0.0,0.0,0.0,2.0,0.0,0.0,0.0,1.0,0.0,0.0,0.0,1.0,0.0,0.0,4.0,0.0,1.0,1.0,4.0,0.0,3.0,1.0,1.0,0.0,0.0,0.0,1.0,0.0,2.0,0.0,9.0,0.0,0.0,0.0,0.0,1.0,0.0,0.0,2.0,0.0,0.0,0.0,0.0,1.0,0.0,0.0,0.0,1.0,2.0,1.0,1.0,0.0,9.0,2.0,0.0,0.0,1.0,1.0,0.0,0.0,0.0,1.0,0.0,0.0,0.0,1.0,0.0,2.0,0.0,0.0,0.0,0.0,0.0,1.0,0.0,1.0,2.0,0.0,0.0,0.0,0.0,1.0,1.0,4.0,0.0,0.0,1.0,1.0,0.0,2.0,1.0,1.0,2.0,2.0,0.0,0.0,0.0,0.0,1.0,1.0,3.0,4.0,0.0,1.0,1.0,1.0,0.0,0.0,0.0,1.0,0.0,1.0,1.0,0.0,0.0,0.0,1.0,0.0,0.0,1.0,0.0,1.0,0.0,0.0,0.0,1.0,1.0,0.0,1.0,1.0,1.0,0.0,0.0,3.0,1.0,1.0,1.0,2.0,1.0,0.0,0.0,0.0,3.0,0.0,1.0,1.0,0.0,2.0,2.0,0.0,0.0,0.0,0.0,3.0,0.0,0.0,1.0,1.0,0.0,1.0,1.0,2.0,1.0,0.0,5.0,4.0,1.0,1.0,0.0,2.0,1.0,0.0,1.0,4.0,3.0,6.0,0.0,1.0,0.0,4.0,2.0,0.0,0.0,0.0,0.0,0.0,0.0,0.0,3.0,5.0,0.0,0.0,1.0,1.0,0.0,1.0,0.0,0.0,2.0,0.0,2.0,0.0,4.0,0.0,0.0,0.0,4.0,1.0,0.0,0.0,2.0,1.0,1.0,2.0,1.0,0.0,2.0,0.0,1.0,0.0,0.0,0.0,0.0,3.0,0.0,1.0,1.0,0.0,3.0,1.0,0.0,0.0,0.0,1.0,0.0,2.0,1.0,0.0,1.0,2.0,0.0,1.0,2.0,0.0,0.0,2.0,1.0,0.0,1.0,0.0,1.0,0.0,0.0,1.0,0.0,0.0,0.0,3.0,0.0,0.0,0.0,0.0,1.0,0.0,1.0,2.0,0.0,0.0,0.0,0.0,0.0,1.0,0.0,0.0,1.0,0.0,1.0,0.0,0.0,0.0,0.0,0.0,0.0,0.0,0.0,0.0,0.0,0.0,0.0,0.0,2.0,0.0,0.0,0.0,0.0,0.0,0.0,0.0,0.0,1.0,0.0,2.0,0.0,0.0,3.0,1.0,0.0,0.0,1.0,0.0,0.0,1.0,0.0,0.0,0.0
0.0,10.0,20.0,29.0,3.0,0.0,6.0,2.0,1.0,1.0,0.0,12.0,4.0,15.0,0.0,13.0,63.0,6.0,4.0,1.0,0.0,5.0,2.0,0.0,1.0,1.0,3.0,4.0,6.0,3.0,0.0,1.0,18.0,0.0,9.0,0.0,39.0,0.0,32.0,5.0,11.0,6.0,3.0,0.0,8.0,0.0,10.0,7.0,49.0,2.0,0.0,0.0,1.0,8.0,0.0,8.0,10.0,3.0,0.0,2.0,1.0,2.0,0.0,3.0,7.0,7.0,18.0,0.0,3.0,1.0,32.0,27.0,2.0,0.0,3.0,5.0,0.0,2.0,1.0,0.0,1.0,0.0,3.0,2.0,1.0,5.0,2.0,1.0,0.0,3.0,2.0,1.0,4.0,1.0,5.0,4.0,7.0,0.0,1.0,2.0,2.0,13.0,0.0,2.0,1.0,8.0,0.0,18.0,14.0,12.0,2.0,12.0,1.0,5.0,0.0,0.0,3.0,5.0,13.0,10.0,1.0,11.0,9.0,4.0,1.0,7.0,1.0,7.0,0.0,10.0,6.0,1.0,0.0,0.0,3.0,3.0,2.0,17.0,0.0,15.0,4.0,0.0,1.0,2.0,6.0,0.0,4.0,1.0,0.0,3.0,2.0,16.0,2.0,11.0,7.0,2.0,12.0,0.0,1.0,2.0,19.0,7.0,2.0,5.0,0.0,4.0,5.0,1.0,0.0,0.0,1.0,8.0,3.0,0.0,8.0,18.0,0.0,1.0,4.0,1.0,26.0,3.0,21.0,10.0,4.0,5.0,0.0,4.0,0.0,2.0,3.0,6.0,19.0,23.0,0.0,19.0,4.0,23.0,8.0,6.0,3.0,3.0,4.0,1.0,8.0,3.0,3.0,20.0,4.0,7.0,20.0,9.0,1.0,7.0,2.0,5.0,21.0,0.0,9.0,4.0,15.0,4.0,4.0,0.0,16.0,1.0,2.0,3.0,9.0,3.0,23.0,11.0,10.0,7.0,4.0,4.0,4.0,0.0,1.0,5.0,0.0,9.0,6.0,16.0,5.0,0.0,12.0,8.0,4.0,0.0,6.0,3.0,2.0,16.0,9.0,0.0,13.0,10.0,0.0,26.0,21.0,5.0,0.0,5.0,5.0,3.0,4.0,4.0,11.0,2.0,5.0,3.0,1.0,2.0,5.0,12.0,2.0,0.0,0.0,3.0,9.0,4.0,6.0,1.0,0.0,0.0,4.0,1.0,1.0,0.0,1.0,3.0,2.0,0.0,4.0,2.0,0.0,7.0,3.0,1.0,0.0,0.0,1.0,0.0,0.0,0.0,3.0,0.0,4.0,2.0,0.0,10.0,0.0,2.0,0.0,0.0,0.0,4.0,5.0,2.0,3.0,0.0,8.0,0.0,1.0,2.0,0.0,0.0,2.0,14.0,0.0,0.0,1.0
0.0,3.0,9.0,10.0,1.0,0.0,2.0,0.0,0.0,0.0,0.0,5.0,1.0,5.0,0.0,9.0,23.0,1.0,2.0,0.0,0.0,0.0,2.0,0.0,1.0,0.0,1.0,4.0,3.0,3.0,2.0,0.0,15.0,1.0,3.0,0.0,11.0,1.0,8.0,0.0,2.0,2.0,0.0,1.0,2.0,0.0,4.0,3.0,9.0,0.0,2.0,1.0,0.0,4.0,0.0,5.0,2.0,2.0,0.0,1.0,0.0,0.0,1.0,1.0,0.0,0.0,11.0,1.0,1.0,0.0,10.0,17.0,1.0,0.0,0.0,1.0,0.0,1.0,0.0,1.0,0.0,0.0,1.0,0.0,0.0,3.0,1.0,1.0,1.0,0.0,1.0,0.0,2.0,0.0,1.0,2.0,1.0,0.0,0.0,0.0,0.0,4.0,1.0,0.0,0.0,1.0,0.0,4.0,4.0,4.0,0.0,4.0,0.0,1.0,0.0,0.0,1.0,6.0,4.0,3.0,0.0,3.0,2.0,2.0,0.0,2.0,0.0,0.0,1.0,4.0,2.0,0.0,1.0,1.0,1.0,1.0,1.0,6.0,0.0,5.0,2.0,0.0,0.0,1.0,1.0,1.0,0.0,1.0,0.0,0.0,1.0,7.0,1.0,4.0,5.0,1.0,3.0,1.0,0.0,1.0,7.0,2.0,1.0,7.0,0.0,1.0,0.0,0.0,0.0,0.0,1.0,7.0,0.0,0.0,4.0,7.0,1.0,2.0,1.0,0.0,3.0,5.0,7.0,3.0,2.0,2.0,0.0,2.0,0.0,1.0,2.0,1.0,6.0,9.0,1.0,2.0,0.0,5.0,5.0,2.0,0.0,1.0,1.0,0.0,4.0,1.0,2.0,6.0,1.0,4.0,6.0,2.0,0.0,0.0,1.0,0.0,8.0,2.0,3.0,0.0,7.0,0.0,1.0,1.0,3.0,1.0,1.0,0.0,5.0,3.0,8.0,4.0,5.0,2.0,1.0,2.0,3.0,0.0,0.0,0.0,0.0,1.0,5.0,7.0,4.0,2.0,2.0,4.0,1.0,0.0,1.0,2.0,0.0,6.0,2.0,0.0,5.0,8.0,0.0,3.0,7.0,3.0,0.0,2.0,1.0,2.0,2.0,0.0,1.0,0.0,0.0,2.0,0.0,1.0,1.0,1.0,0.0,0.0,0.0,0.0,2.0,0.0,5.0,1.0,0.0,0.0,0.0,0.0,1.0,0.0,0.0,1.0,0.0,0.0,1.0,0.0,0.0,2.0,1.0,0.0,0.0,0.0,2.0,1.0,0.0,0.0,1.0,0.0,0.0,1.0,1.0,1.0,0.0,0.0,0.0,1.0,0.0,1.0,1.0,0.0,0.0,1.0,1.0,0.0,0.0,1.0,0.0,0.0,1.0,6.0,1.0,1.0,0.0
2.0,17.0,55.0,73.0,15.0,0.0,8.0,4.0,1.0,5.0,1.0,23.0,13.0,29.0,1.0,29.0,142.0,11.0,11.0,0.0,0.0,11.0,3.0,2.0,1.0,3.0,4.0,8.0,13.0,7.0,3.0,2.0,67.0,3.0,16.0,8.0,74.0,1.0,59.0,11.0,19.0,8.0,2.0,2.0,16.0,2.0,27.0,10.0,109.0,3.0,4.0,5.0,6.0,20.0,2.0,15.0,19.0,4.0,0.0,3.0,0.0,6.0,8.0,3.0,10.0,24.0,55.0,6.0,10.0,0.0,84.0,59.0,7.0,0.0,3.0,9.0,0.0,10.0,0.0,4.0,0.0,3.0,9.0,6.0,0.0,19.0,3.0,5.0,1.0,2.0,4.0,4.0,11.0,3.0,8.0,10.0,6.0,0.0,0.0,8.0,7.0,40.0,2.0,1.0,3.0,13.0,1.0,24.0,38.0,21.0,7.0,27.0,3.0,16.0,0.0,0.0,12.0,16.0,39.0,19.0,2.0,26.0,9.0,10.0,3.0,9.0,0.0,15.0,1.0,27.0,15.0,6.0,3.0,2.0,5.0,3.0,2.0,27.0,1.0,23.0,13.0,0.0,7.0,5.0,14.0,1.0,6.0,6.0,4.0,2.0,2.0,39.0,5.0,31.0,22.0,14.0,27.0,1.0,0.0,7.0,50.0,13.0,4.0,14.0,1.0,8.0,11.0,5.0,0.0,2.0,1.0,32.0,3.0,4.0,22.0,39.0,4.0,8.0,10.0,5.0,21.0,7.0,75.0,31.0,15.0,12.0,1.0,14.0,5.0,2.0,6.0,16.0,36.0,62.0,3.0,26.0,2.0,45.0,24.0,10.0,3.0,7.0,7.0,4.0,21.0,5.0,18.0,44.0,9.0,12.0,38.0,24.0,3.0,10.0,1.0,2.0,50.0,4.0,22.0,7.0,49.0,6.0,7.0,2.0,27.0,4.0,2.0,3.0,33.0,13.0,46.0,24.0,23.0,8.0,13.0,7.0,15.0,2.0,1.0,9.0,1.0,16.0,14.0,29.0,17.0,7.0,30.0,17.0,2.0,2.0,8.0,10.0,4.0,27.0,20.0,1.0,29.0,36.0,2.0,42.0,42.0,9.0,2.0,12.0,9.0,4.0,13.0,6.0,10.0,3.0,7.0,8.0,0.0,2.0,3.0,29.0,6.0,0.0,1.0,2.0,14.0,8.0,21.0,8.0,0.0,2.0,0.0,0.0,2.0,2.0,3.0,7.0,7.0,0.0,12.0,0.0,1.0,20.0,4.0,1.0,1.0,0.0,5.0,1.0,1.0,4.0,3.0,0.0,14.0,1.0,2.0,9.0,1.0,6.0,1.0,1.0,1.0,10.0,9.0,6.0,2.0,3.0,13.0,2.0,5.0,2.0,2.0,0.0,1.0,29.0,2.0,2.0,0.0
1.0,7.0,25.0,36.0,6.0,0.0,4.0,4.0,0.0,1.0,0.0,8.0,4.0,20.0,0.0,13.0,71.0,5.0,4.0,0.0,0.0,8.0,3.0,1.0,2.0,3.0,1.0,2.0,5.0,4.0,2.0,1.0,31.0,2.0,13.0,4.0,35.0,1.0,30.0,4.0,8.0,5.0,1.0,1.0,8.0,1.0,20.0,8.0,57.0,2.0,2.0,3.0,3.0,13.0,1.0,10.0,14.0,1.0,0.0,1.0,0.0,3.0,4.0,1.0,4.0,14.0,34.0,2.0,5.0,0.0,51.0,26.0,4.0,0.0,4.0,6.0,0.0,4.0,0.0,2.0,0.0,2.0,5.0,3.0,0.0,10.0,0.0,0.0,0.0,1.0,2.0,4.0,2.0,3.0,4.0,5.0,1.0,0.0,1.0,4.0,4.0,20.0,1.0,1.0,3.0,4.0,0.0,13.0,15.0,11.0,6.0,10.0,0.0,1.0,0.0,0.0,4.0,10.0,20.0,12.0,0.0,12.0,9.0,3.0,0.0,4.0,0.0,5.0,1.0,14.0,9.0,1.0,1.0,0.0,3.0,1.0,0.0,9.0,0.0,10.0,4.0,0.0,3.0,1.0,4.0,1.0,4.0,5.0,2.0,1.0,0.0,19.0,2.0,14.0,14.0,7.0,15.0,0.0,0.0,6.0,26.0,9.0,3.0,12.0,1.0,5.0,7.0,1.0,0.0,2.0,0.0,18.0,2.0,3.0,11.0,23.0,1.0,6.0,4.0,4.0,10.0,3.0,31.0,28.0,8.0,5.0,1.0,9.0,3.0,0.0,3.0,10.0,18.0,37.0,2.0,12.0,1.0,21.0,13.0,4.0,0.0,5.0,0.0,0.0,11.0,3.0,11.0,27.0,2.0,7.0,15.0,12.0,1.0,4.0,2.0,1.0,22.0,2.0,11.0,5.0,25.0,3.0,2.0,1.0,17.0,4.0,0.0,1.0,18.0,4.0,28.0,11.0,12.0,6.0,5.0,0.0,7.0,1.0,1.0,3.0,1.0,10.0,6.0,16.0,10.0,4.0,15.0,7.0,1.0,1.0,5.0,6.0,0.0,10.0,11.0,1.0,14.0,20.0,1.0,16.0,21.0,1.0,0.0,5.0,5.0,3.0,7.0,2.0,5.0,0.0,1.0,5.0,0.0,0.0,0.0,16.0,0.0,0.0,0.0,1.0,8.0,5.0,5.0,6.0,0.0,1.0,2.0,0.0,1.0,2.0,0.0,0.0,3.0,0.0,4.0,1.0,1.0,8.0,2.0,0.0,1.0,0.0,3.0,1.0,1.0,2.0,2.0,0.0,7.0,2.0,1.0,4.0,1.0,2.0,1.0,1.0,0.0,4.0,7.0,6.0,1.0,2.0,10.0,1.0,1.0,0.0,1.0,0.0,2.0,18.0,1.0,1.0,1.0
0.0,6.0,12.0,24.0,6.0,0.0,0.0,1.0,0.0,0.0,0.0,6.0,3.0,10.0,0.0,9.0,33.0,8.0,4.0,0.0,0.0,3.0,1.0,0.0,0.0,1.0,1.0,1.0,6.0,0.0,1.0,0.0,20.0,1.0,5.0,2.0,14.0,0.0,7.0,3.0,6.0,1.0,0.0,1.0,5.0,0.0,9.0,2.0,30.0,1.0,2.0,1.0,1.0,9.0,0.0,5.0,10.0,2.0,0.0,1.0,0.0,2.0,4.0,0.0,5.0,6.0,25.0,1.0,1.0,0.0,25.0,19.0,3.0,0.0,1.0,1.0,0.0,0.0,0.0,1.0,0.0,2.0,0.0,2.0,0.0,7.0,1.0,1.0,0.0,0.0,3.0,3.0,3.0,1.0,1.0,0.0,2.0,0.0,0.0,2.0,4.0,10.0,1.0,0.0,1.0,1.0,0.0,4.0,6.0,5.0,2.0,8.0,1.0,4.0,0.0,0.0,5.0,8.0,11.0,3.0,0.0,5.0,2.0,2.0,1.0,1.0,0.0,6.0,0.0,6.0,4.0,0.0,2.0,0.0,2.0,0.0,1.0,6.0,0.0,8.0,3.0,0.0,5.0,1.0,3.0,0.0,1.0,4.0,2.0,0.0,1.0,11.0,0.0,5.0,6.0,6.0,9.0,0.0,0.0,2.0,12.0,1.0,0.0,6.0,2.0,0.0,3.0,0.0,0.0,4.0,0.0,14.0,2.0,0.0,6.0,14.0,0.0,5.0,2.0,1.0,4.0,2.0,15.0,8.0,13.0,3.0,2.0,7.0,4.0,1.0,2.0,4.0,9.0,11.0,0.0,4.0,0.0,13.0,9.0,4.0,1.0,4.0,2.0,1.0,5.0,3.0,3.0,15.0,1.0,5.0,9.0,6.0,0.0,1.0,0.0,0.0,17.0,2.0,7.0,2.0,8.0,0.0,3.0,1.0,6.0,1.0,1.0,0.0,4.0,3.0,15.0,8.0,5.0,1.0,3.0,2.0,3.0,2.0,0.0,0.0,0.0,2.0,3.0,9.0,6.0,4.0,6.0,4.0,1.0,0.0,7.0,5.0,1.0,6.0,4.0,2.0,4.0,19.0,0.0,7.0,13.0,3.0,0.0,4.0,3.0,0.0,4.0,1.0,2.0,1.0,0.0,1.0,0.0,1.0,2.0,8.0,2.0,0.0,0.0,0.0,3.0,4.0,2.0,4.0,0.0,0.0,0.0,0.0,1.0,0.0,0.0,2.0,2.0,0.0,3.0,0.0,2.0,10.0,0.0,0.0,1.0,0.0,4.0,0.0,0.0,0.0,0.0,0.0,3.0,0.0,1.0,1.0,2.0,0.0,0.0,0.0,0.0,2.0,2.0,2.0,0.0,3.0,2.0,0.0,0.0,1.0,0.0,0.0,0.0,6.0,1.0,1.0,0.0
0.0,6.0,13.0,14.0,0.0,0.0,3.0,0.0,0.0,0.0,0.0,7.0,1.0,4.0,0.0,5.0,30.0,2.0,3.0,0.0,0.0,1.0,0.0,0.0,0.0,0.0,1.0,3.0,5.0,4.0,1.0,0.0,10.0,0.0,5.0,1.0,18.0,1.0,17.0,0.0,4.0,4.0,1.0,0.0,5.0,0.0,5.0,1.0,23.0,1.0,0.0,0.0,0.0,3.0,0.0,5.0,2.0,1.0,0.0,0.0,0.0,0.0,0.0,1.0,1.0,3.0,18.0,3.0,3.0,0.0,23.0,23.0,1.0,0.0,0.0,1.0,0.0,1.0,0.0,1.0,0.0,2.0,5.0,0.0,0.0,5.0,3.0,0.0,0.0,1.0,1.0,0.0,1.0,0.0,4.0,3.0,3.0,0.0,0.0,0.0,0.0,3.0,0.0,0.0,0.0,3.0,2.0,5.0,9.0,4.0,1.0,5.0,0.0,1.0,0.0,0.0,0.0,5.0,7.0,6.0,0.0,3.0,0.0,3.0,0.0,2.0,0.0,2.0,1.0,6.0,2.0,0.0,0.0,0.0,1.0,1.0,1.0,5.0,0.0,6.0,2.0,0.0,0.0,4.0,3.0,0.0,1.0,0.0,1.0,1.0,1.0,7.0,1.0,14.0,4.0,3.0,4.0,0.0,0.0,1.0,8.0,2.0,1.0,3.0,0.0,3.0,2.0,0.0,0.0,1.0,0.0,6.0,3.0,2.0,4.0,16.0,1.0,1.0,1.0,1.0,5.0,2.0,12.0,5.0,3.0,11.0,1.0,0.0,3.0,1.0,1.0,8.0,8.0,14.0,2.0,6.0,1.0,16.0,5.0,3.0,0.0,2.0,1.0,0.0,6.0,1.0,4.0,11.0,3.0,1.0,6.0,7.0,1.0,1.0,1.0,1.0,12.0,0.0,4.0,1.0,8.0,1.0,1.0,0.0,10.0,0.0,1.0,1.0,8.0,3.0,14.0,7.0,7.0,3.0,5.0,1.0,5.0,0.0,0.0,5.0,0.0,3.0,6.0,11.0,4.0,1.0,2.0,1.0,1.0,0.0,4.0,0.0,0.0,8.0,2.0,1.0,7.0,14.0,1.0,10.0,11.0,2.0,0.0,4.0,4.0,3.0,1.0,0.0,4.0,0.0,1.0,1.0,0.0,1.0,1.0,2.0,0.0,0.0,0.0,1.0,5.0,2.0,5.0,1.0,0.0,0.0,0.0,0.0,0.0,1.0,0.0,1.0,0.0,0.0,2.0,0.0,0.0,2.0,2.0,0.0,0.0,0.0,1.0,1.0,0.0,2.0,2.0,0.0,0.0,0.0,0.0,5.0,0.0,2.0,0.0,1.0,0.0,1.0,2.0,0.0,1.0,1.0,3.0,1.0,0.0,1.0,1.0,0.0,0.0,7.0,0.0,0.0,0.0
1.0,1.0,3.0,6.0,0.0,0.0,0.0,0.0,0.0,0.0,0.0,0.0,0.0,1.0,0.0,3.0,7.0,0.0,1.0,0.0,0.0,0.0,0.0,0.0,0.0,0.0,0.0,0.0,1.0,0.0,0.0,0.0,3.0,0.0,0.0,0.0,2.0,0.0,2.0,0.0,1.0,0.0,0.0,0.0,3.0,1.0,2.0,0.0,5.0,0.0,0.0,0.0,0.0,1.0,0.0,0.0,2.0,0.0,0.0,0.0,0.0,0.0,0.0,0.0,0.0,1.0,6.0,0.0,0.0,0.0,3.0,3.0,0.0,0.0,0.0,0.0,0.0,0.0,0.0,0.0,0.0,1.0,0.0,0.0,0.0,1.0,0.0,0.0,0.0,0.0,1.0,0.0,1.0,0.0,0.0,0.0,0.0,1.0,0.0,0.0,0.0,2.0,0.0,0.0,0.0,0.0,0.0,1.0,1.0,1.0,0.0,0.0,1.0,0.0,0.0,1.0,0.0,2.0,4.0,0.0,1.0,0.0,0.0,0.0,0.0,0.0,0.0,1.0,0.0,1.0,1.0,0.0,0.0,1.0,0.0,1.0,0.0,0.0,0.0,1.0,0.0,0.0,0.0,0.0,1.0,0.0,1.0,1.0,0.0,0.0,0.0,1.0,0.0,0.0,2.0,1.0,3.0,0.0,0.0,1.0,2.0,0.0,0.0,2.0,0.0,0.0,0.0,0.0,0.0,1.0,0.0,5.0,1.0,0.0,1.0,3.0,0.0,1.0,0.0,0.0,0.0,0.0,1.0,1.0,2.0,1.0,2.0,0.0,2.0,0.0,1.0,1.0,3.0,2.0,0.0,0.0,0.0,1.0,4.0,1.0,0.0,0.0,0.0,0.0,2.0,0.0,2.0,2.0,0.0,1.0,2.0,0.0,0.0,0.0,1.0,0.0,1.0,0.0,0.0,0.0,0.0,0.0,0.0,0.0,3.0,0.0,0.0,0.0,0.0,0.0,3.0,1.0,2.0,0.0,0.0,0.0,2.0,0.0,0.0,0.0,1.0,0.0,1.0,2.0,1.0,1.0,1.0,0.0,0.0,0.0,1.0,0.0,0.0,0.0,0.0,1.0,1.0,4.0,0.0,2.0,2.0,0.0,0.0,0.0,0.0,0.0,0.0,0.0,0.0,0.0,0.0,0.0,0.0,0.0,0.0,0.0,1.0,0.0,0.0,0.0,2.0,0.0,0.0,0.0,0.0,0.0,0.0,0.0,0.0,0.0,0.0,0.0,0.0,0.0,0.0,0.0,0.0,1.0,0.0,1.0,0.0,1.0,1.0,0.0,0.0,0.0,0.0,0.0,0.0,0.0,0.0,0.0,0.0,0.0,1.0,0.0,0.0,0.0,1.0,1.0,0.0,1.0,0.0,0.0,0.0,0.0,0.0,0.0,0.0,2.0,0.0,0.0,0.0
0.0,5.0,13.0,20.0,7.0,0.0,1.0,2.0,0.0,0.0,0.0,3.0,4.0,11.0,0.0,8.0,37.0,5.0,5.0,0.0,0.0,5.0,2.0,0.0,0.0,2.0,0.0,1.0,6.0,0.0,2.0,0.0,25.0,3.0,4.0,2.0,16.0,0.0,8.0,4.0,3.0,0.0,0.0,2.0,4.0,1.0,8.0,4.0,27.0,0.0,4.0,2.0,1.0,9.0,0.0,3.0,8.0,2.0,0.0,2.0,0.0,3.0,3.0,0.0,3.0,4.0,18.0,2.0,2.0,0.0,19.0,14.0,1.0,0.0,2.0,2.0,0.0,0.0,1.0,2.0,0.0,0.0,0.0,3.0,0.0,7.0,0.0,1.0,0.0,0.0,2.0,3.0,4.0,2.0,0.0,1.0,1.0,0.0,0.0,3.0,4.0,16.0,2.0,1.0,2.0,1.0,0.0,6.0,11.0,3.0,4.0,9.0,1.0,4.0,0.0,0.0,5.0,6.0,10.0,4.0,0.0,8.0,5.0,1.0,1.0,2.0,0.0,5.0,0.0,5.0,3.0,0.0,2.0,0.0,2.0,0.0,0.0,3.0,0.0,7.0,2.0,0.0,3.0,0.0,4.0,0.0,2.0,5.0,1.0,0.0,0.0,16.0,0.0,2.0,6.0,6.0,8.0,0.0,0.0,0.0,15.0,1.0,0.0,8.0,1.0,0.0,5.0,0.0,0.0,1.0,0.0,12.0,0.0,0.0,6.0,7.0,0.0,6.0,2.0,2.0,4.0,2.0,14.0,9.0,7.0,0.0,0.0,12.0,1.0,0.0,2.0,3.0,11.0,14.0,0.0,5.0,1.0,13.0,5.0,3.0,1.0,2.0,1.0,1.0,5.0,3.0,6.0,12.0,0.0,5.0,6.0,7.0,0.0,2.0,0.0,1.0,14.0,4.0,10.0,1.0,12.0,0.0,2.0,2.0,5.0,2.0,0.0,0.0,6.0,3.0,13.0,8.0,5.0,3.0,3.0,1.0,0.0,1.0,0.0,0.0,0.0,4.0,2.0,6.0,5.0,4.0,9.0,6.0,0.0,0.0,3.0,4.0,1.0,7.0,7.0,0.0,4.0,12.0,0.0,7.0,11.0,2.0,0.0,2.0,2.0,0.0,5.0,1.0,3.0,1.0,0.0,4.0,0.0,0.0,0.0,10.0,2.0,0.0,0.0,0.0,0.0,2.0,1.0,5.0,0.0,0.0,0.0,0.0,2.0,0.0,0.0,1.0,3.0,0.0,3.0,0.0,1.0,8.0,0.0,0.0,0.0,0.0,4.0,0.0,0.0,0.0,0.0,0.0,5.0,0.0,2.0,3.0,1.0,0.0,0.0,0.0,0.0,2.0,0.0,4.0,0.0,2.0,4.0,0.0,0.0,0.0,0.0,0.0,0.0,5.0,2.0,2.0,0.0
1.0,2.0,4.0,12.0,2.0,0.0,3.0,0.0,0.0,0.0,0.0,1.0,1.0,4.0,0.0,4.0,9.0,2.0,6.0,0.0,0.0,0.0,0.0,0.0,1.0,0.0,0.0,0.0,2.0,1.0,0.0,0.0,6.0,1.0,0.0,3.0,5.0,0.0,4.0,1.0,1.0,0.0,0.0,0.0,3.0,1.0,5.0,1.0,17.0,0.0,0.0,0.0,0.0,2.0,0.0,0.0,4.0,0.0,2.0,1.0,0.0,0.0,0.0,0.0,0.0,3.0,14.0,1.0,0.0,0.0,12.0,9.0,0.0,0.0,0.0,1.0,1.0,0.0,0.0,1.0,0.0,2.0,2.0,0.0,0.0,4.0,0.0,1.0,0.0,0.0,2.0,0.0,2.0,0.0,3.0,2.0,0.0,0.0,0.0,0.0,0.0,8.0,0.0,0.0,0.0,5.0,0.0,1.0,4.0,0.0,1.0,2.0,0.0,2.0,1.0,0.0,0.0,6.0,8.0,2.0,0.0,2.0,1.0,3.0,0.0,2.0,0.0,2.0,0.0,2.0,1.0,0.0,0.0,0.0,0.0,0.0,0.0,2.0,0.0,2.0,0.0,0.0,1.0,1.0,2.0,0.0,0.0,0.0,2.0,0.0,0.0,6.0,1.0,2.0,3.0,6.0,5.0,0.0,0.0,2.0,5.0,2.0,2.0,2.0,0.0,2.0,0.0,0.0,0.0,2.0,0.0,9.0,2.0,0.0,3.0,8.0,0.0,2.0,0.0,1.0,0.0,0.0,5.0,3.0,4.0,3.0,2.0,1.0,8.0,0.0,0.0,4.0,5.0,8.0,0.0,1.0,0.0,11.0,8.0,6.0,0.0,0.0,1.0,2.0,1.0,0.0,3.0,7.0,0.0,0.0,2.0,1.0,0.0,1.0,1.0,0.0,6.0,0.0,1.0,0.0,8.0,0.0,0.0,0.0,8.0,0.0,0.0,1.0,2.0,1.0,4.0,3.0,2.0,1.0,1.0,0.0,3.0,2.0,0.0,0.0,1.0,1.0,2.0,6.0,3.0,2.0,4.0,2.0,0.0,0.0,0.0,0.0,1.0,3.0,6.0,2.0,3.0,11.0,0.0,0.0,11.0,1.0,3.0,1.0,0.0,0.0,0.0,0.0,1.0,0.0,0.0,2.0,0.0,0.0,1.0,3.0,0.0,0.0,1.0,0.0,3.0,0.0,5.0,1.0,0.0,0.0,0.0,0.0,0.0,1.0,0.0,1.0,1.0,1.0,4.0,0.0,0.0,2.0,0.0,0.0,0.0,0.0,2.0,0.0,0.0,0.0,0.0,0.0,0.0,0.0,0.0,0.0,0.0,0.0,1.0,0.0,0.0,0.0,2.0,0.0,0.0,2.0,1.0,1.0,0.0,0.0,1.0,0.0,1.0,3.0,0.0,0.0,0.0
0.0,1.0,1.0,1.0,0.0,0.0,0.0,0.0,0.0,0.0,0.0,3.0,0.0,1.0,0.0,3.0,1.0,1.0,0.0,0.0,0.0,0.0,0.0,0.0,0.0,0.0,1.0,1.0,0.0,0.0,0.0,0.0,1.0,0.0,0.0,0.0,2.0,0.0,1.0,0.0,2.0,0.0,0.0,0.0,1.0,0.0,0.0,0.0,1.0,0.0,0.0,0.0,0.0,0.0,0.0,1.0,1.0,1.0,0.0,0.0,0.0,0.0,0.0,0.0,0.0,0.0,2.0,0.0,0.0,0.0,2.0,2.0,1.0,0.0,0.0,0.0,0.0,0.0,0.0,0.0,0.0,0.0,0.0,0.0,0.0,0.0,1.0,0.0,0.0,0.0,0.0,0.0,1.0,0.0,1.0,0.0,1.0,0.0,0.0,0.0,0.0,0.0,0.0,0.0,0.0,1.0,0.0,1.0,0.0,2.0,0.0,3.0,0.0,1.0,0.0,0.0,0.0,1.0,0.0,1.0,0.0,0.0,0.0,1.0,0.0,0.0,0.0,0.0,0.0,0.0,1.0,0.0,0.0,0.0,1.0,0.0,1.0,1.0,0.0,2.0,0.0,0.0,0.0,1.0,1.0,0.0,0.0,0.0,0.0,0.0,1.0,0.0,0.0,1.0,1.0,0.0,0.0,0.0,0.0,0.0,0.0,0.0,0.0,0.0,0.0,0.0,0.0,0.0,0.0,0.0,0.0,1.0,0.0,0.0,0.0,3.0,0.0,0.0,1.0,0.0,2.0,1.0,2.0,0.0,1.0,1.0,0.0,0.0,0.0,1.0,1.0,1.0,0.0,1.0,0.0,0.0,0.0,0.0,1.0,1.0,0.0,0.0,1.0,0.0,0.0,0.0,0.0,0.0,1.0,0.0,2.0,0.0,0.0,0.0,0.0,0.0,2.0,0.0,0.0,0.0,0.0,0.0,0.0,0.0,0.0,0.0,1.0,0.0,0.0,1.0,0.0,0.0,0.0,0.0,1.0,1.0,0.0,0.0,0.0,0.0,0.0,0.0,0.0,0.0,0.0,0.0,0.0,1.0,1.0,0.0,1.0,0.0,0.0,3.0,0.0,0.0,2.0,2.0,0.0,2.0,3.0,2.0,0.0,2.0,1.0,0.0,1.0,0.0,1.0,0.0,0.0,0.0,0.0,1.0,1.0,0.0,0.0,0.0,0.0,0.0,0.0,0.0,1.0,0.0,0.0,0.0,0.0,0.0,0.0,0.0,0.0,1.0,0.0,0.0,1.0,0.0,0.0,0.0,0.0,0.0,0.0,0.0,0.0,0.0,0.0,0.0,0.0,0.0,0.0,0.0,0.0,0.0,0.0,0.0,0.0,0.0,0.0,1.0,0.0,0.0,0.0,0.0,0.0,0.0,0.0,1.0,0.0,0.0,0.0,0.0,0.0,0.0,0.0
1.0,3.0,7.0,8.0,3.0,0.0,0.0,1.0,2.0,0.0,2.0,6.0,0.0,7.0,0.0,10.0,15.0,1.0,0.0,0.0,0.0,2.0,1.0,0.0,0.0,1.0,1.0,3.0,0.0,1.0,0.0,0.0,7.0,0.0,2.0,0.0,8.0,0.0,5.0,1.0,4.0,0.0,0.0,0.0,4.0,1.0,2.0,0.0,12.0,0.0,0.0,0.0,0.0,2.0,0.0,2.0,6.0,1.0,0.0,0.0,0.0,1.0,0.0,1.0,0.0,1.0,6.0,0.0,2.0,0.0,9.0,10.0,1.0,0.0,1.0,0.0,0.0,0.0,0.0,0.0,0.0,0.0,0.0,1.0,0.0,2.0,1.0,1.0,1.0,0.0,0.0,3.0,2.0,1.0,1.0,0.0,1.0,1.0,0.0,1.0,1.0,6.0,0.0,0.0,1.0,1.0,0.0,5.0,1.0,5.0,2.0,5.0,1.0,1.0,0.0,1.0,4.0,2.0,4.0,8.0,1.0,4.0,1.0,1.0,0.0,1.0,0.0,1.0,0.0,2.0,4.0,0.0,0.0,6.0,4.0,2.0,1.0,4.0,0.0,4.0,1.0,0.0,0.0,1.0,5.0,1.0,2.0,2.0,0.0,0.0,1.0,4.0,1.0,4.0,4.0,2.0,2.0,1.0,0.0,0.0,5.0,0.0,0.0,2.0,0.0,1.0,2.0,0.0,0.0,0.0,1.0,8.0,0.0,0.0,3.0,5.0,1.0,1.0,2.0,1.0,3.0,2.0,6.0,3.0,2.0,1.0,1.0,2.0,0.0,1.0,8.0,3.0,9.0,7.0,0.0,0.0,0.0,2.0,10.0,3.0,0.0,0.0,1.0,0.0,2.0,0.0,3.0,5.0,1.0,2.0,5.0,1.0,0.0,1.0,2.0,0.0,3.0,0.0,1.0,0.0,7.0,0.0,3.0,0.0,3.0,2.0,1.0,0.0,2.0,1.0,4.0,2.0,3.0,0.0,2.0,2.0,2.0,0.0,0.0,0.0,1.0,3.0,7.0,2.0,1.0,0.0,5.0,3.0,1.0,0.0,2.0,2.0,0.0,6.0,3.0,0.0,4.0,2.0,0.0,7.0,8.0,2.0,0.0,3.0,2.0,0.0,2.0,0.0,2.0,0.0,0.0,1.0,0.0,1.0,3.0,3.0,1.0,0.0,0.0,0.0,2.0,0.0,3.0,1.0,0.0,0.0,0.0,0.0,0.0,0.0,0.0,1.0,1.0,0.0,2.0,0.0,0.0,0.0,0.0,1.0,0.0,1.0,0.0,0.0,0.0,0.0,0.0,0.0,2.0,1.0,0.0,0.0,0.0,0.0,1.0,0.0,0.0,2.0,0.0,3.0,0.0,0.0,3.0,0.0,0.0,1.0,0.0,0.0,0.0,5.0,0.0,0.0,0.0
1.0,5.0,16.0,24.0,3.0,0.0,3.0,1.0,0.0,0.0,0.0,8.0,1.0,10.0,1.0,11.0,41.0,5.0,4.0,0.0,0.0,2.0,0.0,0.0,2.0,1.0,1.0,3.0,2.0,4.0,0.0,0.0,15.0,0.0,5.0,4.0,19.0,0.0,21.0,2.0,6.0,2.0,1.0,0.0,10.0,1.0,11.0,3.0,35.0,0.0,0.0,0.0,0.0,4.0,0.0,6.0,6.0,1.0,2.0,0.0,0.0,1.0,1.0,1.0,1.0,8.0,17.0,4.0,2.0,0.0,36.0,21.0,2.0,0.0,1.0,4.0,1.0,1.0,0.0,3.0,0.0,0.0,5.0,1.0,0.0,8.0,2.0,0.0,0.0,1.0,0.0,2.0,2.0,1.0,10.0,3.0,2.0,1.0,0.0,1.0,2.0,12.0,0.0,0.0,1.0,6.0,1.0,7.0,8.0,8.0,4.0,6.0,1.0,1.0,1.0,1.0,2.0,5.0,11.0,11.0,1.0,4.0,2.0,6.0,0.0,2.0,0.0,2.0,0.0,3.0,7.0,0.0,0.0,1.0,2.0,2.0,1.0,8.0,0.0,10.0,1.0,0.0,3.0,5.0,5.0,1.0,4.0,3.0,4.0,1.0,1.0,10.0,3.0,10.0,7.0,8.0,10.0,0.0,0.0,0.0,10.0,3.0,5.0,2.0,1.0,9.0,3.0,0.0,0.0,1.0,0.0,11.0,2.0,1.0,7.0,11.0,0.0,1.0,2.0,4.0,6.0,1.0,16.0,10.0,4.0,8.0,1.0,3.0,4.0,1.0,3.0,20.0,14.0,23.0,0.0,11.0,1.0,25.0,9.0,4.0,0.0,3.0,1.0,1.0,7.0,2.0,11.0,20.0,2.0,3.0,8.0,7.0,1.0,3.0,4.0,1.0,17.0,0.0,8.0,3.0,13.0,1.0,2.0,0.0,16.0,2.0,1.0,1.0,9.0,4.0,17.0,8.0,10.0,2.0,6.0,1.0,7.0,2.0,1.0,2.0,2.0,8.0,4.0,10.0,7.0,0.0,7.0,2.0,1.0,0.0,7.0,3.0,0.0,10.0,7.0,0.0,9.0,14.0,0.0,11.0,13.0,3.0,1.0,6.0,3.0,1.0,2.0,0.0,5.0,0.0,2.0,4.0,0.0,1.0,2.0,7.0,1.0,0.0,0.0,1.0,8.0,3.0,5.0,5.0,0.0,0.0,0.0,0.0,0.0,4.0,0.0,1.0,1.0,1.0,4.0,0.0,1.0,4.0,1.0,1.0,1.0,1.0,0.0,0.0,1.0,1.0,1.0,0.0,2.0,0.0,0.0,4.0,1.0,0.0,2.0,0.0,0.0,2.0,1.0,3.0,1.0,0.0,8.0,3.0,0.0,1.0,3.0,0.0,2.0,7.0,0.0,0.0,0.0
3.0,15.0,42.0,63.0,13.0,0.0,10.0,3.0,2.0,0.0,1.0,16.0,11.0,23.0,0.0,26.0,136.0,8.0,11.0,0.0,0.0,8.0,7.0,0.0,2.0,2.0,2.0,7.0,14.0,9.0,3.0,0.0,54.0,2.0,11.0,2.0,60.0,1.0,46.0,11.0,9.0,8.0,3.0,2.0,14.0,2.0,24.0,11.0,89.0,1.0,4.0,2.0,4.0,21.0,0.0,10.0,19.0,2.0,2.0,3.0,1.0,5.0,2.0,6.0,9.0,11.0,49.0,4.0,7.0,0.0,52.0,60.0,0.0,0.0,3.0,6.0,1.0,4.0,0.0,3.0,0.0,1.0,7.0,5.0,0.0,18.0,1.0,7.0,3.0,3.0,4.0,3.0,9.0,2.0,7.0,9.0,5.0,2.0,1.0,5.0,5.0,41.0,2.0,1.0,2.0,7.0,1.0,23.0,30.0,18.0,5.0,16.0,5.0,12.0,1.0,2.0,12.0,18.0,37.0,18.0,3.0,27.0,10.0,6.0,3.0,14.0,0.0,15.0,1.0,18.0,10.0,0.0,2.0,7.0,3.0,8.0,0.0,26.0,0.0,21.0,10.0,0.0,5.0,2.0,11.0,4.0,7.0,6.0,2.0,3.0,0.0,46.0,6.0,22.0,21.0,11.0,26.0,3.0,0.0,2.0,49.0,9.0,3.0,14.0,0.0,11.0,9.0,0.0,0.0,1.0,4.0,33.0,4.0,1.0,19.0,25.0,4.0,7.0,2.0,3.0,19.0,6.0,36.0,18.0,9.0,8.0,3.0,11.0,5.0,0.0,9.0,14.0,54.0,42.0,1.0,20.0,3.0,47.0,24.0,11.0,5.0,4.0,5.0,5.0,22.0,5.0,16.0,39.0,2.0,13.0,24.0,15.0,0.0,6.0,8.0,3.0,31.0,4.0,19.0,4.0,42.0,4.0,10.0,2.0,32.0,6.0,0.0,4.0,22.0,9.0,47.0,21.0,26.0,10.0,7.0,7.0,12.0,2.0,2.0,6.0,4.0,15.0,23.0,32.0,12.0,5.0,32.0,14.0,1.0,0.0,7.0,5.0,4.0,14.0,22.0,1.0,15.0,23.0,0.0,36.0,26.0,3.0,3.0,3.0,4.0,5.0,7.0,5.0,7.0,3.0,3.0,9.0,0.0,0.0,5.0,26.0,8.0,0.0,1.0,3.0,14.0,5.0,21.0,5.0,0.0,0.0,2.0,0.0,2.0,2.0,0.0,5.0,6.0,1.0,9.0,1.0,0.0,14.0,5.0,3.0,1.0,2.0,6.0,1.0,1.0,1.0,4.0,0.0,11.0,5.0,2.0,12.0,0.0,2.0,4.0,1.0,1.0,2.0,5.0,6.0,3.0,3.0,15.0,1.0,0.0,0.0,1.0,0.0,2.0,31.0,2.0,2.0,1.0
1.0,24.0,83.0,71.0,10.0,5.0,9.0,4.0,0.0,10.0,1.0,24.0,10.0,30.0,2.0,51.0,185.0,8.0,18.0,0.0,2.0,9.0,6.0,10.0,5.0,8.0,2.0,12.0,13.0,12.0,3.0,4.0,81.0,10.0,24.0,12.0,91.0,0.0,89.0,4.0,17.0,11.0,4.0,3.0,15.0,5.0,25.0,21.0,111.0,3.0,6.0,4.0,4.0,15.0,4.0,16.0,17.0,7.0,0.0,3.0,0.0,4.0,5.0,7.0,4.0,24.0,60.0,7.0,22.0,2.0,100.0,67.0,3.0,3.0,4.0,15.0,0.0,13.0,1.0,6.0,0.0,4.0,16.0,3.0,0.0,31.0,1.0,3.0,3.0,4.0,6.0,3.0,9.0,3.0,13.0,18.0,2.0,0.0,0.0,7.0,3.0,50.0,3.0,2.0,3.0,20.0,0.0,31.0,46.0,26.0,10.0,27.0,0.0,6.0,0.0,0.0,9.0,24.0,37.0,32.0,3.0,26.0,19.0,11.0,0.0,14.0,0.0,9.0,0.0,40.0,35.0,6.0,3.0,4.0,4.0,7.0,1.0,29.0,1.0,24.0,12.0,5.0,2.0,5.0,10.0,5.0,8.0,6.0,3.0,6.0,3.0,47.0,7.0,25.0,36.0,21.0,32.0,3.0,0.0,9.0,45.0,15.0,8.0,25.0,2.0,16.0,15.0,9.0,2.0,7.0,3.0,48.0,11.0,5.0,36.0,42.0,8.0,11.0,18.0,6.0,23.0,9.0,62.0,37.0,11.0,14.0,2.0,14.0,8.0,1.0,7.0,23.0,42.0,123.0,2.0,40.0,5.0,64.0,34.0,14.0,0.0,13.0,1.0,0.0,22.0,7.0,38.0,56.0,8.0,17.0,52.0,31.0,11.0,10.0,11.0,7.0,76.0,6.0,37.0,6.0,51.0,5.0,7.0,3.0,36.0,11.0,1.0,4.0,38.0,12.0,60.0,31.0,32.0,15.0,9.0,11.0,19.0,0.0,2.0,8.0,6.0,23.0,25.0,34.0,28.0,12.0,34.0,21.0,2.0,4.0,5.0,17.0,0.0,38.0,30.0,2.0,36.0,43.0,2.0,37.0,50.0,19.0,0.0,10.0,9.0,4.0,16.0,5.0,11.0,2.0,7.0,17.0,3.0,1.0,1.0,29.0,3.0,3.0,0.0,4.0,23.0,7.0,25.0,9.0,3.0,4.0,2.0,0.0,3.0,5.0,1.0,1.0,3.0,0.0,6.0,1.0,0.0,22.0,6.0,0.0,1.0,0.0,8.0,0.0,3.0,1.0,4.0,1.0,10.0,3.0,3.0,16.0,2.0,4.0,6.0,0.0,0.0,18.0,13.0,9.0,4.0,7.0,22.0,3.0,11.0,1.0,3.0,2.0,3.0,54.0,3.0,3.0,0.0
0.0,1.0,3.0,3.0,0.0,0.0,2.0,0.0,0.0,0.0,0.0,1.0,1.0,1.0,0.0,0.0,10.0,1.0,0.0,0.0,0.0,1.0,0.0,0.0,0.0,0.0,0.0,0.0,1.0,2.0,1.0,0.0,1.0,0.0,2.0,0.0,4.0,1.0,3.0,0.0,1.0,2.0,0.0,0.0,1.0,0.0,2.0,0.0,4.0,1.0,0.0,0.0,0.0,3.0,0.0,2.0,0.0,0.0,0.0,0.0,0.0,0.0,0.0,0.0,1.0,1.0,5.0,0.0,2.0,0.0,4.0,5.0,0.0,0.0,0.0,0.0,0.0,1.0,0.0,0.0,0.0,1.0,1.0,0.0,0.0,1.0,0.0,0.0,0.0,0.0,0.0,0.0,0.0,0.0,0.0,2.0,0.0,0.0,0.0,0.0,0.0,2.0,0.0,0.0,0.0,1.0,0.0,1.0,3.0,1.0,0.0,0.0,0.0,0.0,0.0,0.0,0.0,1.0,3.0,1.0,0.0,2.0,0.0,1.0,0.0,0.0,0.0,0.0,1.0,2.0,0.0,0.0,0.0,0.0,0.0,0.0,0.0,1.0,0.0,1.0,1.0,0.0,0.0,0.0,0.0,0.0,0.0,0.0,0.0,0.0,0.0,2.0,0.0,4.0,1.0,0.0,0.0,0.0,0.0,0.0,4.0,1.0,0.0,2.0,0.0,0.0,0.0,0.0,0.0,0.0,0.0,1.0,0.0,2.0,0.0,4.0,1.0,0.0,0.0,0.0,0.0,1.0,3.0,2.0,0.0,2.0,0.0,0.0,0.0,0.0,0.0,0.0,1.0,2.0,2.0,0.0,0.0,2.0,1.0,0.0,0.0,1.0,0.0,0.0,2.0,0.0,2.0,1.0,2.0,0.0,0.0,2.0,0.0,0.0,0.0,0.0,3.0,0.0,0.0,0.0,7.0,0.0,0.0,0.0,5.0,0.0,0.0,0.0,2.0,1.0,3.0,1.0,2.0,1.0,1.0,0.0,1.0,0.0,0.0,2.0,0.0,0.0,2.0,3.0,0.0,0.0,2.0,0.0,0.0,0.0,0.0,0.0,0.0,1.0,2.0,0.0,2.0,2.0,1.0,1.0,2.0,0.0,0.0,1.0,1.0,2.0,0.0,0.0,0.0,0.0,0.0,0.0,0.0,0.0,0.0,2.0,0.0,0.0,0.0,0.0,0.0,1.0,2.0,0.0,0.0,0.0,0.0,0.0,0.0,0.0,0.0,0.0,0.0,0.0,1.0,0.0,0.0,0.0,1.0,0.0,0.0,0.0,0.0,1.0,0.0,0.0,1.0,0.0,0.0,0.0,0.0,0.0,0.0,2.0,0.0,1.0,0.0,0.0,0.0,0.0,0.0,0.0,0.0,0.0,0.0,0.0,0.0,0.0,0.0,2.0,0.0,0.0,0.0
0.0,6.0,29.0,41.0,5.0,0.0,7.0,2.0,1.0,3.0,1.0,6.0,6.0,11.0,2.0,10.0,84.0,4.0,10.0,2.0,0.0,1.0,4.0,2.0,0.0,0.0,0.0,2.0,8.0,5.0,2.0,4.0,33.0,2.0,8.0,6.0,39.0,0.0,40.0,1.0,9.0,8.0,4.0,2.0,8.0,2.0,19.0,15.0,59.0,1.0,4.0,2.0,0.0,9.0,2.0,8.0,8.0,4.0,0.0,6.0,0.0,0.0,4.0,4.0,3.0,14.0,26.0,4.0,2.0,2.0,46.0,38.0,1.0,0.0,1.0,8.0,0.0,8.0,0.0,3.0,2.0,0.0,7.0,0.0,2.0,12.0,0.0,0.0,0.0,4.0,5.0,1.0,6.0,0.0,6.0,8.0,5.0,0.0,1.0,2.0,1.0,16.0,2.0,2.0,0.0,7.0,0.0,16.0,27.0,7.0,1.0,9.0,0.0,2.0,0.0,0.0,2.0,10.0,13.0,10.0,2.0,10.0,9.0,1.0,0.0,11.0,2.0,4.0,0.0,9.0,6.0,4.0,2.0,1.0,0.0,4.0,0.0,15.0,1.0,16.0,2.0,0.0,3.0,1.0,8.0,0.0,6.0,3.0,2.0,4.0,0.0,21.0,3.0,13.0,12.0,7.0,23.0,0.0,2.0,3.0,23.0,5.0,4.0,7.0,1.0,7.0,1.0,3.0,0.0,1.0,0.0,13.0,5.0,0.0,13.0,19.0,0.0,4.0,3.0,1.0,19.0,2.0,26.0,12.0,4.0,6.0,0.0,5.0,1.0,0.0,0.0,11.0,20.0,40.0,0.0,40.0,4.0,38.0,14.0,6.0,0.0,8.0,2.0,0.0,15.0,7.0,9.0,29.0,4.0,11.0,21.0,16.0,5.0,11.0,2.0,6.0,32.0,4.0,17.0,8.0,17.0,6.0,5.0,2.0,11.0,0.0,0.0,4.0,17.0,3.0,39.0,15.0,19.0,11.0,1.0,1.0,9.0,1.0,1.0,6.0,0.0,10.0,8.0,19.0,15.0,6.0,8.0,8.0,1.0,2.0,8.0,3.0,2.0,19.0,9.0,0.0,14.0,20.0,0.0,25.0,25.0,3.0,0.0,1.0,1.0,4.0,2.0,4.0,13.0,2.0,10.0,5.0,2.0,0.0,2.0,9.0,0.0,0.0,0.0,4.0,13.0,8.0,7.0,4.0,0.0,2.0,2.0,2.0,4.0,1.0,1.0,0.0,0.0,0.0,0.0,1.0,1.0,16.0,4.0,1.0,0.0,0.0,4.0,0.0,1.0,0.0,4.0,0.0,3.0,2.0,2.0,14.0,1.0,2.0,0.0,0.0,0.0,3.0,7.0,0.0,4.0,2.0,9.0,1.0,3.0,0.0,1.0,0.0,2.0,13.0,2.0,2.0,1.0
0.0,3.0,3.0,4.0,0.0,0.0,2.0,0.0,0.0,0.0,0.0,0.0,0.0,1.0,0.0,0.0,9.0,0.0,1.0,0.0,0.0,0.0,0.0,0.0,0.0,0.0,0.0,1.0,2.0,1.0,0.0,0.0,2.0,0.0,0.0,0.0,7.0,0.0,7.0,0.0,1.0,2.0,1.0,0.0,1.0,0.0,1.0,1.0,8.0,0.0,0.0,0.0,0.0,0.0,0.0,1.0,0.0,0.0,0.0,0.0,0.0,0.0,0.0,1.0,0.0,1.0,1.0,0.0,0.0,0.0,4.0,4.0,0.0,0.0,0.0,0.0,0.0,0.0,1.0,0.0,0.0,0.0,1.0,0.0,0.0,1.0,0.0,0.0,0.0,1.0,0.0,0.0,0.0,0.0,1.0,2.0,0.0,0.0,0.0,0.0,0.0,0.0,0.0,1.0,0.0,0.0,0.0,3.0,4.0,1.0,0.0,0.0,0.0,0.0,0.0,0.0,0.0,0.0,1.0,2.0,0.0,1.0,0.0,0.0,0.0,2.0,0.0,1.0,0.0,1.0,0.0,0.0,0.0,0.0,0.0,1.0,0.0,1.0,0.0,1.0,0.0,0.0,0.0,0.0,0.0,0.0,1.0,0.0,0.0,1.0,0.0,3.0,0.0,2.0,1.0,1.0,2.0,0.0,0.0,0.0,3.0,0.0,0.0,0.0,0.0,1.0,0.0,0.0,0.0,0.0,0.0,1.0,1.0,0.0,2.0,1.0,0.0,0.0,0.0,0.0,4.0,0.0,2.0,1.0,0.0,1.0,0.0,1.0,0.0,0.0,0.0,1.0,3.0,5.0,0.0,4.0,2.0,6.0,0.0,2.0,0.0,1.0,0.0,0.0,2.0,1.0,0.0,3.0,0.0,0.0,3.0,2.0,0.0,1.0,0.0,2.0,3.0,0.0,2.0,1.0,0.0,1.0,1.0,0.0,1.0,0.0,0.0,1.0,2.0,0.0,5.0,2.0,2.0,2.0,0.0,0.0,1.0,0.0,0.0,1.0,0.0,2.0,2.0,3.0,1.0,0.0,0.0,0.0,0.0,0.0,1.0,0.0,0.0,1.0,1.0,0.0,1.0,0.0,0.0,5.0,2.0,0.0,0.0,0.0,0.0,1.0,0.0,0.0,2.0,0.0,1.0,2.0,0.0,0.0,0.0,0.0,0.0,0.0,0.0,1.0,2.0,1.0,1.0,0.0,0.0,0.0,0.0,0.0,0.0,0.0,0.0,0.0,0.0,0.0,0.0,0.0,0.0,1.0,1.0,0.0,0.0,0.0,0.0,0.0,0.0,0.0,1.0,0.0,0.0,0.0,0.0,4.0,0.0,0.0,0.0,0.0,0.0,0.0,1.0,0.0,1.0,0.0,2.0,0.0,0.0,0.0,0.0,0.0,0.0,1.0,0.0,0.0,0.0
1.0,23.0,63.0,80.0,13.0,1.0,18.0,2.0,1.0,1.0,0.0,21.0,13.0,26.0,2.0,24.0,173.0,20.0,25.0,1.0,2.0,4.0,6.0,0.0,6.0,2.0,4.0,7.0,21.0,13.0,4.0,1.0,64.0,5.0,18.0,7.0,83.0,1.0,66.0,10.0,12.0,15.0,5.0,3.0,23.0,1.0,34.0,17.0,108.0,3.0,6.0,3.0,5.0,28.0,0.0,15.0,19.0,4.0,8.0,6.0,2.0,3.0,8.0,6.0,9.0,27.0,73.0,8.0,11.0,3.0,93.0,77.0,3.0,0.0,1.0,6.0,4.0,10.0,1.0,6.0,1.0,2.0,18.0,2.0,1.0,32.0,2.0,3.0,1.0,5.0,7.0,4.0,8.0,1.0,15.0,15.0,5.0,0.0,1.0,2.0,4.0,56.0,3.0,2.0,1.0,24.0,2.0,25.0,48.0,18.0,8.0,17.0,1.0,7.0,4.0,0.0,7.0,27.0,45.0,24.0,3.0,29.0,13.0,16.0,1.0,17.0,1.0,10.0,1.0,27.0,13.0,0.0,5.0,1.0,1.0,6.0,0.0,26.0,0.0,33.0,9.0,1.0,6.0,6.0,10.0,1.0,7.0,6.0,6.0,7.0,1.0,49.0,9.0,37.0,24.0,18.0,45.0,1.0,1.0,2.0,53.0,14.0,8.0,18.0,4.0,13.0,8.0,1.0,1.0,4.0,3.0,40.0,10.0,2.0,29.0,46.0,3.0,8.0,3.0,4.0,23.0,5.0,45.0,21.0,13.0,16.0,1.0,13.0,11.0,0.0,2.0,25.0,47.0,64.0,2.0,38.0,6.0,101.0,27.0,22.0,5.0,11.0,4.0,6.0,33.0,10.0,26.0,50.0,7.0,17.0,34.0,34.0,3.0,12.0,7.0,9.0,82.0,6.0,34.0,9.0,63.0,7.0,9.0,3.0,48.0,2.0,0.0,6.0,36.0,14.0,75.0,28.0,40.0,19.0,8.0,5.0,16.0,7.0,1.0,11.0,3.0,16.0,20.0,38.0,21.0,7.0,39.0,15.0,0.0,0.0,14.0,8.0,3.0,32.0,43.0,1.0,29.0,50.0,1.0,41.0,45.0,12.0,6.0,7.0,7.0,7.0,9.0,2.0,17.0,4.0,7.0,14.0,3.0,0.0,12.0,37.0,2.0,0.0,1.0,5.0,19.0,12.0,22.0,9.0,0.0,0.0,0.0,1.0,4.0,3.0,0.0,3.0,3.0,4.0,13.0,0.0,2.0,25.0,9.0,1.0,2.0,0.0,9.0,1.0,0.0,2.0,6.0,1.0,7.0,3.0,3.0,21.0,4.0,4.0,3.0,1.0,1.0,3.0,7.0,2.0,5.0,5.0,16.0,3.0,0.0,0.0,3.0,2.0,5.0,37.0,3.0,3.0,1.0
4.0,6.0,29.0,44.0,9.0,0.0,5.0,5.0,2.0,1.0,4.0,19.0,8.0,21.0,0.0,23.0,71.0,7.0,9.0,2.0,0.0,3.0,7.0,1.0,3.0,1.0,1.0,6.0,4.0,3.0,1.0,3.0,36.0,1.0,13.0,6.0,26.0,0.0,22.0,2.0,10.0,0.0,0.0,1.0,13.0,3.0,21.0,13.0,56.0,1.0,2.0,1.0,0.0,16.0,1.0,11.0,22.0,4.0,2.0,7.0,0.0,1.0,4.0,2.0,2.0,15.0,38.0,4.0,7.0,3.0,51.0,41.0,2.0,0.0,1.0,3.0,1.0,7.0,0.0,2.0,2.0,3.0,3.0,1.0,2.0,13.0,1.0,4.0,2.0,0.0,5.0,4.0,9.0,1.0,4.0,5.0,5.0,2.0,2.0,2.0,2.0,27.0,1.0,4.0,1.0,12.0,0.0,12.0,16.0,9.0,4.0,14.0,2.0,4.0,1.0,2.0,8.0,17.0,17.0,12.0,6.0,12.0,7.0,7.0,0.0,9.0,2.0,3.0,0.0,12.0,9.0,3.0,1.0,10.0,4.0,4.0,1.0,18.0,2.0,21.0,7.0,0.0,6.0,2.0,13.0,2.0,3.0,5.0,4.0,1.0,1.0,21.0,5.0,15.0,14.0,12.0,23.0,2.0,2.0,6.0,20.0,5.0,7.0,12.0,2.0,4.0,3.0,1.0,0.0,3.0,2.0,30.0,3.0,2.0,11.0,28.0,3.0,5.0,3.0,2.0,8.0,5.0,24.0,13.0,9.0,5.0,4.0,5.0,8.0,1.0,10.0,9.0,24.0,34.0,1.0,14.0,0.0,27.0,43.0,12.0,0.0,3.0,5.0,3.0,12.0,2.0,14.0,31.0,4.0,13.0,20.0,8.0,4.0,10.0,5.0,3.0,30.0,2.0,8.0,3.0,32.0,2.0,5.0,1.0,15.0,3.0,1.0,2.0,10.0,5.0,26.0,16.0,17.0,4.0,4.0,3.0,10.0,4.0,0.0,2.0,5.0,5.0,17.0,15.0,11.0,5.0,18.0,14.0,1.0,1.0,8.0,7.0,4.0,22.0,18.0,2.0,17.0,26.0,1.0,16.0,37.0,5.0,5.0,5.0,3.0,0.0,3.0,1.0,13.0,3.0,4.0,11.0,2.0,1.0,6.0,13.0,2.0,0.0,2.0,0.0,8.0,7.0,15.0,4.0,0.0,1.0,0.0,2.0,3.0,1.0,0.0,3.0,3.0,1.0,9.0,0.0,1.0,12.0,1.0,2.0,0.0,2.0,4.0,0.0,2.0,0.0,0.0,0.0,3.0,6.0,1.0,1.0,2.0,2.0,5.0,0.0,0.0,3.0,6.0,4.0,0.0,3.0,5.0,1.0,1.0,1.0,1.0,1.0,4.0,23.0,1.0,1.0,2.0
2.0,7.0,11.0,20.0,6.0,1.0,8.0,0.0,1.0,1.0,1.0,3.0,5.0,7.0,0.0,11.0,30.0,3.0,10.0,0.0,0.0,0.0,1.0,0.0,2.0,1.0,2.0,3.0,5.0,1.0,1.0,0.0,15.0,2.0,1.0,2.0,20.0,0.0,13.0,2.0,5.0,3.0,1.0,1.0,5.0,0.0,8.0,5.0,29.0,0.0,2.0,1.0,2.0,7.0,0.0,2.0,9.0,2.0,4.0,3.0,0.0,0.0,1.0,1.0,0.0,5.0,23.0,1.0,0.0,0.0,17.0,17.0,2.0,0.0,0.0,1.0,2.0,0.0,1.0,1.0,0.0,1.0,6.0,0.0,0.0,7.0,1.0,2.0,0.0,1.0,2.0,1.0,4.0,0.0,4.0,7.0,1.0,0.0,0.0,0.0,0.0,11.0,1.0,1.0,0.0,8.0,0.0,7.0,13.0,4.0,2.0,7.0,0.0,3.0,2.0,0.0,2.0,8.0,9.0,7.0,0.0,8.0,1.0,5.0,0.0,7.0,0.0,2.0,0.0,4.0,5.0,0.0,1.0,2.0,2.0,1.0,1.0,4.0,0.0,8.0,0.0,1.0,2.0,1.0,4.0,0.0,1.0,1.0,2.0,1.0,2.0,15.0,1.0,7.0,10.0,6.0,11.0,0.0,0.0,1.0,10.0,4.0,2.0,5.0,0.0,1.0,1.0,0.0,1.0,2.0,0.0,13.0,2.0,0.0,8.0,12.0,0.0,3.0,2.0,0.0,6.0,2.0,10.0,4.0,4.0,3.0,1.0,3.0,6.0,1.0,3.0,4.0,11.0,14.0,0.0,6.0,2.0,22.0,12.0,16.0,0.0,2.0,3.0,4.0,6.0,2.0,4.0,6.0,1.0,2.0,9.0,7.0,0.0,3.0,2.0,2.0,18.0,2.0,8.0,1.0,16.0,1.0,2.0,1.0,7.0,0.0,1.0,3.0,7.0,3.0,16.0,4.0,7.0,4.0,1.0,3.0,2.0,4.0,0.0,1.0,2.0,2.0,5.0,8.0,4.0,3.0,7.0,5.0,1.0,0.0,2.0,0.0,2.0,10.0,15.0,1.0,9.0,14.0,0.0,10.0,19.0,7.0,6.0,2.0,2.0,1.0,5.0,0.0,5.0,0.0,1.0,6.0,1.0,1.0,4.0,5.0,0.0,0.0,2.0,1.0,3.0,1.0,11.0,1.0,0.0,0.0,0.0,0.0,1.0,0.0,0.0,3.0,2.0,2.0,9.0,0.0,0.0,4.0,1.0,0.0,0.0,0.0,3.0,0.0,0.0,0.0,1.0,0.0,0.0,0.0,1.0,5.0,0.0,0.0,2.0,0.0,0.0,2.0,2.0,0.0,1.0,3.0,2.0,0.0,0.0,1.0,0.0,0.0,2.0,6.0,1.0,1.0,0.0
0.0,3.0,5.0,4.0,2.0,0.0,0.0,0.0,0.0,0.0,0.0,3.0,2.0,3.0,0.0,0.0,11.0,3.0,0.0,0.0,0.0,1.0,0.0,0.0,0.0,0.0,2.0,0.0,3.0,0.0,0.0,0.0,3.0,0.0,2.0,0.0,9.0,0.0,3.0,4.0,0.0,0.0,0.0,0.0,0.0,0.0,2.0,0.0,6.0,0.0,0.0,0.0,1.0,5.0,0.0,2.0,1.0,0.0,0.0,0.0,2.0,1.0,0.0,0.0,4.0,1.0,4.0,0.0,2.0,0.0,0.0,3.0,0.0,0.0,0.0,0.0,0.0,0.0,0.0,0.0,0.0,0.0,0.0,1.0,0.0,0.0,0.0,1.0,0.0,0.0,0.0,0.0,1.0,0.0,0.0,0.0,1.0,0.0,0.0,1.0,1.0,8.0,0.0,0.0,0.0,2.0,0.0,2.0,3.0,3.0,0.0,2.0,1.0,3.0,0.0,0.0,2.0,0.0,8.0,0.0,2.0,5.0,2.0,1.0,1.0,0.0,0.0,3.0,0.0,5.0,0.0,0.0,0.0,0.0,0.0,0.0,0.0,4.0,0.0,3.0,2.0,0.0,1.0,0.0,1.0,0.0,0.0,0.0,0.0,0.0,0.0,3.0,2.0,1.0,0.0,1.0,1.0,0.0,0.0,0.0,5.0,3.0,0.0,0.0,0.0,0.0,1.0,0.0,0.0,0.0,2.0,4.0,0.0,0.0,3.0,3.0,0.0,0.0,0.0,0.0,3.0,0.0,3.0,0.0,1.0,0.0,0.0,1.0,0.0,0.0,0.0,0.0,5.0,0.0,0.0,0.0,0.0,5.0,0.0,0.0,5.0,0.0,1.0,1.0,2.0,0.0,2.0,2.0,0.0,0.0,3.0,0.0,0.0,0.0,0.0,0.0,3.0,0.0,3.0,0.0,6.0,0.0,1.0,0.0,8.0,0.0,0.0,0.0,0.0,1.0,2.0,2.0,2.0,0.0,1.0,1.0,0.0,0.0,0.0,0.0,0.0,0.0,1.0,2.0,0.0,0.0,6.0,1.0,0.0,0.0,0.0,0.0,1.0,2.0,5.0,0.0,1.0,2.0,0.0,5.0,3.0,0.0,0.0,0.0,0.0,0.0,1.0,1.0,0.0,1.0,0.0,0.0,0.0,0.0,4.0,6.0,2.0,0.0,0.0,0.0,0.0,0.0,1.0,0.0,0.0,0.0,0.0,0.0,0.0,0.0,0.0,1.0,1.0,0.0,1.0,0.0,0.0,2.0,0.0,0.0,0.0,0.0,2.0,0.0,0.0,0.0,0.0,0.0,1.0,0.0,0.0,0.0,0.0,0.0,0.0,0.0,0.0,0.0,0.0,0.0,0.0,0.0,0.0,0.0,0.0,0.0,0.0,0.0,0.0,5.0,0.0,0.0,0.0
0.0,4.0,9.0,9.0,3.0,2.0,3.0,0.0,0.0,3.0,0.0,0.0,1.0,3.0,0.0,5.0,34.0,6.0,1.0,0.0,0.0,0.0,0.0,3.0,0.0,2.0,0.0,0.0,2.0,3.0,1.0,1.0,6.0,2.0,7.0,4.0,13.0,1.0,10.0,0.0,4.0,5.0,1.0,0.0,0.0,1.0,7.0,2.0,18.0,0.0,0.0,0.0,0.0,7.0,1.0,7.0,2.0,1.0,0.0,0.0,0.0,0.0,2.0,1.0,2.0,7.0,9.0,0.0,2.0,0.0,19.0,12.0,2.0,1.0,0.0,1.0,0.0,3.0,0.0,0.0,0.0,0.0,5.0,0.0,0.0,4.0,0.0,0.0,0.0,1.0,0.0,2.0,1.0,0.0,1.0,6.0,0.0,0.0,0.0,1.0,2.0,6.0,0.0,0.0,0.0,2.0,0.0,3.0,6.0,3.0,0.0,4.0,0.0,1.0,0.0,0.0,3.0,1.0,9.0,5.0,0.0,2.0,1.0,0.0,0.0,2.0,0.0,1.0,1.0,5.0,9.0,1.0,0.0,0.0,0.0,1.0,0.0,4.0,0.0,2.0,0.0,2.0,4.0,0.0,1.0,0.0,1.0,2.0,2.0,1.0,1.0,4.0,0.0,6.0,6.0,3.0,5.0,0.0,0.0,1.0,10.0,2.0,0.0,3.0,2.0,1.0,2.0,2.0,1.0,4.0,0.0,4.0,1.0,0.0,3.0,6.0,1.0,0.0,4.0,0.0,3.0,1.0,7.0,5.0,4.0,2.0,0.0,2.0,0.0,0.0,0.0,3.0,4.0,13.0,1.0,8.0,1.0,11.0,3.0,2.0,0.0,9.0,0.0,0.0,6.0,3.0,4.0,10.0,0.0,2.0,9.0,5.0,2.0,1.0,1.0,1.0,13.0,0.0,7.0,3.0,9.0,1.0,3.0,0.0,6.0,1.0,0.0,1.0,5.0,1.0,16.0,5.0,8.0,3.0,0.0,3.0,2.0,2.0,0.0,1.0,1.0,2.0,4.0,7.0,4.0,1.0,3.0,2.0,0.0,1.0,7.0,6.0,0.0,4.0,2.0,0.0,6.0,5.0,0.0,5.0,6.0,4.0,0.0,0.0,1.0,3.0,2.0,1.0,1.0,0.0,1.0,0.0,1.0,0.0,0.0,5.0,1.0,1.0,0.0,1.0,2.0,5.0,6.0,2.0,1.0,1.0,0.0,0.0,0.0,0.0,0.0,0.0,0.0,0.0,0.0,0.0,2.0,6.0,2.0,0.0,0.0,0.0,0.0,1.0,0.0,0.0,2.0,0.0,1.0,0.0,0.0,3.0,2.0,0.0,1.0,1.0,0.0,4.0,2.0,1.0,1.0,1.0,2.0,0.0,3.0,0.0,0.0,0.0,0.0,6.0,0.0,0.0,0.0
1.0,2.0,3.0,8.0,3.0,0.0,3.0,0.0,0.0,0.0,0.0,5.0,6.0,4.0,0.0,3.0,18.0,3.0,1.0,1.0,0.0,1.0,0.0,0.0,0.0,0.0,2.0,1.0,1.0,0.0,0.0,1.0,6.0,0.0,1.0,1.0,5.0,0.0,3.0,2.0,3.0,0.0,0.0,0.0,1.0,0.0,1.0,3.0,12.0,0.0,0.0,0.0,1.0,4.0,0.0,2.0,5.0,2.0,0.0,3.0,0.0,1.0,0.0,0.0,2.0,3.0,6.0,0.0,0.0,1.0,5.0,8.0,1.0,0.0,0.0,0.0,0.0,4.0,0.0,0.0,1.0,0.0,0.0,1.0,1.0,1.0,1.0,2.0,0.0,0.0,1.0,0.0,5.0,0.0,1.0,3.0,4.0,0.0,0.0,1.0,1.0,7.0,0.0,0.0,0.0,5.0,0.0,2.0,3.0,3.0,0.0,8.0,1.0,7.0,0.0,0.0,2.0,1.0,6.0,1.0,0.0,5.0,1.0,2.0,1.0,2.0,1.0,3.0,0.0,1.0,1.0,0.0,0.0,0.0,1.0,0.0,1.0,5.0,0.0,4.0,2.0,0.0,2.0,1.0,6.0,0.0,0.0,0.0,1.0,0.0,1.0,6.0,2.0,5.0,1.0,2.0,3.0,0.0,1.0,0.0,7.0,1.0,1.0,0.0,0.0,0.0,1.0,0.0,0.0,0.0,0.0,1.0,0.0,0.0,1.0,8.0,1.0,0.0,1.0,0.0,4.0,1.0,7.0,0.0,2.0,1.0,0.0,1.0,1.0,1.0,1.0,1.0,5.0,1.0,0.0,2.0,0.0,4.0,5.0,3.0,1.0,0.0,5.0,2.0,2.0,0.0,0.0,5.0,1.0,0.0,4.0,0.0,1.0,2.0,0.0,1.0,5.0,0.0,1.0,0.0,9.0,2.0,1.0,0.0,2.0,0.0,1.0,1.0,1.0,3.0,3.0,4.0,4.0,0.0,2.0,2.0,1.0,1.0,0.0,0.0,1.0,0.0,1.0,2.0,1.0,0.0,6.0,5.0,1.0,0.0,1.0,0.0,3.0,6.0,4.0,0.0,6.0,4.0,0.0,5.0,8.0,2.0,2.0,2.0,1.0,0.0,2.0,1.0,5.0,2.0,1.0,1.0,1.0,1.0,2.0,5.0,2.0,0.0,1.0,0.0,0.0,1.0,8.0,0.0,0.0,0.0,0.0,1.0,1.0,0.0,0.0,4.0,2.0,0.0,4.0,0.0,0.0,4.0,1.0,0.0,0.0,0.0,0.0,0.0,0.0,0.0,0.0,0.0,3.0,0.0,0.0,0.0,0.0,0.0,1.0,0.0,1.0,1.0,0.0,0.0,0.0,0.0,0.0,0.0,0.0,1.0,0.0,0.0,1.0,1.0,0.0,0.0,0.0
1.0,1.0,1.0,8.0,4.0,0.0,3.0,0.0,0.0,0.0,0.0,1.0,3.0,2.0,0.0,2.0,10.0,2.0,3.0,0.0,0.0,1.0,0.0,0.0,1.0,0.0,0.0,0.0,1.0,0.0,0.0,0.0,3.0,0.0,0.0,1.0,5.0,0.0,1.0,3.0,1.0,0.0,0.0,0.0,1.0,0.0,2.0,1.0,12.0,0.0,0.0,0.0,1.0,3.0,0.0,0.0,3.0,0.0,2.0,1.0,0.0,1.0,0.0,0.0,2.0,2.0,5.0,0.0,0.0,0.0,2.0,5.0,0.0,0.0,0.0,0.0,1.0,0.0,0.0,0.0,0.0,0.0,2.0,1.0,0.0,1.0,0.0,2.0,0.0,0.0,0.0,0.0,2.0,0.0,1.0,2.0,1.0,0.0,0.0,1.0,1.0,6.0,0.0,0.0,0.0,3.0,0.0,1.0,3.0,1.0,1.0,3.0,1.0,4.0,1.0,0.0,2.0,1.0,4.0,0.0,0.0,4.0,0.0,3.0,1.0,2.0,0.0,3.0,0.0,1.0,1.0,0.0,0.0,0.0,0.0,0.0,0.0,3.0,0.0,2.0,2.0,0.0,2.0,0.0,2.0,0.0,0.0,0.0,1.0,0.0,0.0,6.0,0.0,2.0,1.0,2.0,3.0,0.0,0.0,0.0,5.0,3.0,1.0,0.0,0.0,0.0,1.0,0.0,0.0,0.0,0.0,2.0,0.0,0.0,1.0,1.0,0.0,0.0,0.0,0.0,1.0,0.0,4.0,0.0,1.0,0.0,0.0,1.0,2.0,0.0,0.0,1.0,5.0,0.0,0.0,0.0,0.0,6.0,3.0,4.0,1.0,0.0,2.0,3.0,1.0,0.0,1.0,2.0,0.0,0.0,1.0,1.0,0.0,1.0,1.0,0.0,4.0,0.0,1.0,0.0,8.0,0.0,1.0,0.0,4.0,0.0,0.0,1.0,1.0,1.0,2.0,2.0,1.0,0.0,1.0,1.0,0.0,2.0,0.0,0.0,1.0,0.0,1.0,3.0,0.0,0.0,5.0,2.0,0.0,0.0,0.0,0.0,2.0,1.0,6.0,0.0,3.0,1.0,0.0,3.0,5.0,1.0,3.0,0.0,0.0,0.0,1.0,1.0,1.0,1.0,0.0,1.0,0.0,0.0,1.0,4.0,2.0,0.0,1.0,0.0,0.0,0.0,5.0,0.0,0.0,0.0,0.0,0.0,0.0,0.0,0.0,2.0,2.0,1.0,5.0,0.0,0.0,2.0,0.0,0.0,0.0,0.0,0.0,0.0,0.0,0.0,0.0,0.0,1.0,0.0,0.0,0.0,0.0,0.0,1.0,0.0,0.0,0.0,0.0,0.0,0.0,0.0,0.0,0.0,0.0,0.0,0.0,0.0,1.0,2.0,0.0,0.0,0.0
4.0,11.0,29.0,38.0,4.0,0.0,13.0,1.0,1.0,0.0,1.0,9.0,4.0,7.0,2.0,10.0,103.0,6.0,8.0,0.0,4.0,0.0,2.0,0.0,2.0,0.0,2.0,1.0,11.0,10.0,4.0,0.0,32.0,3.0,7.0,2.0,37.0,2.0,29.0,3.0,7.0,10.0,2.0,2.0,13.0,2.0,22.0,9.0,41.0,1.0,4.0,3.0,3.0,18.0,0.0,11.0,10.0,2.0,0.0,3.0,1.0,0.0,6.0,2.0,3.0,10.0,39.0,4.0,3.0,1.0,34.0,35.0,2.0,0.0,0.0,2.0,0.0,6.0,0.0,2.0,0.0,0.0,6.0,0.0,0.0,10.0,1.0,1.0,0.0,2.0,5.0,1.0,6.0,0.0,2.0,14.0,1.0,2.0,0.0,0.0,1.0,30.0,2.0,1.0,0.0,6.0,1.0,12.0,24.0,11.0,0.0,7.0,2.0,3.0,0.0,2.0,2.0,13.0,31.0,7.0,7.0,14.0,6.0,3.0,0.0,8.0,0.0,2.0,2.0,14.0,6.0,1.0,3.0,3.0,0.0,4.0,0.0,14.0,1.0,13.0,2.0,0.0,5.0,1.0,5.0,0.0,4.0,5.0,2.0,3.0,0.0,18.0,2.0,20.0,15.0,5.0,20.0,0.0,0.0,1.0,34.0,6.0,1.0,14.0,2.0,4.0,3.0,2.0,0.0,1.0,1.0,14.0,5.0,1.0,13.0,21.0,1.0,4.0,2.0,0.0,8.0,4.0,21.0,11.0,5.0,6.0,2.0,5.0,1.0,0.0,2.0,7.0,22.0,22.0,2.0,15.0,2.0,33.0,12.0,6.0,2.0,6.0,2.0,1.0,32.0,5.0,15.0,15.0,3.0,10.0,20.0,14.0,0.0,4.0,2.0,3.0,39.0,4.0,12.0,4.0,25.0,4.0,3.0,2.0,21.0,0.0,0.0,3.0,17.0,6.0,50.0,12.0,31.0,9.0,1.0,1.0,10.0,2.0,1.0,5.0,5.0,4.0,10.0,16.0,9.0,4.0,21.0,6.0,0.0,0.0,8.0,3.0,1.0,10.0,19.0,0.0,11.0,20.0,0.0,22.0,15.0,5.0,2.0,1.0,2.0,6.0,5.0,1.0,5.0,1.0,3.0,6.0,2.0,0.0,3.0,15.0,2.0,0.0,1.0,2.0,8.0,6.0,16.0,3.0,0.0,0.0,0.0,0.0,2.0,0.0,0.0,2.0,1.0,0.0,2.0,0.0,1.0,12.0,6.0,3.0,2.0,2.0,5.0,2.0,1.0,2.0,4.0,2.0,3.0,0.0,2.0,9.0,2.0,2.0,5.0,2.0,1.0,2.0,3.0,2.0,2.0,2.0,4.0,0.0,0.0,0.0,0.0,1.0,1.0,16.0,2.0,2.0,0.0
0.0,1.0,7.0,8.0,2.0,0.0,1.0,0.0,0.0,0.0,0.0,0.0,1.0,2.0,0.0,2.0,21.0,3.0,3.0,0.0,0.0,0.0,1.0,0.0,0.0,0.0,0.0,0.0,3.0,1.0,1.0,0.0,10.0,1.0,2.0,1.0,9.0,0.0,8.0,0.0,2.0,2.0,1.0,1.0,1.0,0.0,5.0,3.0,11.0,0.0,2.0,1.0,0.0,4.0,0.0,2.0,2.0,1.0,0.0,1.0,0.0,0.0,2.0,1.0,1.0,3.0,9.0,1.0,0.0,0.0,11.0,8.0,1.0,0.0,0.0,1.0,0.0,0.0,0.0,1.0,0.0,0.0,1.0,0.0,0.0,4.0,0.0,0.0,0.0,1.0,1.0,1.0,1.0,0.0,1.0,1.0,0.0,0.0,0.0,0.0,1.0,3.0,1.0,0.0,0.0,0.0,0.0,4.0,7.0,1.0,0.0,1.0,0.0,0.0,0.0,0.0,1.0,3.0,3.0,2.0,0.0,2.0,1.0,0.0,0.0,3.0,0.0,1.0,0.0,2.0,1.0,0.0,1.0,0.0,0.0,1.0,0.0,2.0,0.0,3.0,0.0,0.0,2.0,0.0,0.0,0.0,1.0,2.0,1.0,1.0,0.0,6.0,0.0,3.0,3.0,2.0,6.0,0.0,0.0,0.0,6.0,0.0,0.0,3.0,1.0,1.0,0.0,0.0,0.0,1.0,0.0,4.0,1.0,0.0,3.0,4.0,0.0,2.0,0.0,0.0,3.0,1.0,5.0,3.0,3.0,1.0,0.0,3.0,0.0,0.0,0.0,2.0,5.0,7.0,0.0,7.0,1.0,10.0,2.0,2.0,0.0,3.0,0.0,0.0,5.0,3.0,2.0,6.0,0.0,3.0,5.0,5.0,0.0,1.0,0.0,1.0,8.0,2.0,6.0,2.0,2.0,1.0,2.0,1.0,1.0,0.0,0.0,1.0,4.0,1.0,12.0,3.0,5.0,3.0,0.0,0.0,1.0,1.0,0.0,1.0,0.0,2.0,1.0,4.0,4.0,2.0,0.0,1.0,0.0,0.0,4.0,2.0,0.0,3.0,1.0,0.0,1.0,7.0,0.0,6.0,4.0,1.0,0.0,0.0,0.0,1.0,1.0,0.0,1.0,0.0,1.0,1.0,0.0,0.0,0.0,1.0,0.0,0.0,0.0,1.0,2.0,3.0,1.0,2.0,0.0,0.0,0.0,0.0,1.0,0.0,0.0,0.0,0.0,0.0,0.0,0.0,1.0,5.0,1.0,0.0,0.0,0.0,2.0,0.0,0.0,0.0,1.0,0.0,0.0,0.0,1.0,4.0,1.0,0.0,0.0,0.0,0.0,0.0,1.0,0.0,1.0,1.0,2.0,0.0,0.0,0.0,0.0,0.0,0.0,2.0,1.0,1.0,0.0
2.0,9.0,38.0,30.0,5.0,3.0,5.0,1.0,1.0,4.0,0.0,10.0,5.0,10.0,2.0,25.0,83.0,5.0,7.0,0.0,4.0,4.0,2.0,7.0,2.0,4.0,1.0,0.0,5.0,6.0,2.0,1.0,28.0,5.0,7.0,4.0,34.0,0.0,21.0,4.0,6.0,0.0,0.0,2.0,13.0,3.0,12.0,7.0,34.0,2.0,4.0,2.0,2.0,11.0,1.0,2.0,7.0,5.0,2.0,2.0,1.0,1.0,2.0,0.0,3.0,11.0,29.0,4.0,14.0,1.0,31.0,16.0,0.0,3.0,1.0,6.0,1.0,5.0,0.0,4.0,0.0,2.0,6.0,1.0,0.0,12.0,0.0,0.0,0.0,0.0,5.0,1.0,5.0,1.0,6.0,8.0,0.0,2.0,0.0,2.0,1.0,36.0,2.0,0.0,1.0,12.0,0.0,9.0,23.0,9.0,3.0,11.0,2.0,1.0,1.0,2.0,1.0,13.0,24.0,10.0,5.0,12.0,7.0,9.0,0.0,2.0,0.0,1.0,0.0,20.0,20.0,1.0,2.0,2.0,1.0,2.0,0.0,7.0,0.0,14.0,2.0,3.0,0.0,2.0,4.0,1.0,3.0,5.0,2.0,1.0,0.0,17.0,3.0,8.0,13.0,9.0,19.0,0.0,0.0,1.0,18.0,4.0,4.0,11.0,1.0,6.0,7.0,6.0,0.0,3.0,1.0,23.0,3.0,4.0,12.0,12.0,5.0,5.0,10.0,3.0,3.0,2.0,18.0,11.0,3.0,4.0,2.0,6.0,3.0,0.0,3.0,11.0,16.0,38.0,2.0,9.0,0.0,26.0,14.0,4.0,2.0,4.0,0.0,1.0,15.0,2.0,36.0,15.0,7.0,8.0,17.0,15.0,4.0,2.0,7.0,1.0,45.0,4.0,13.0,0.0,28.0,0.0,0.0,2.0,27.0,5.0,0.0,0.0,12.0,5.0,24.0,10.0,20.0,3.0,5.0,4.0,4.0,1.0,2.0,6.0,6.0,5.0,4.0,6.0,9.0,5.0,26.0,6.0,0.0,1.0,2.0,8.0,0.0,16.0,22.0,0.0,13.0,19.0,2.0,11.0,14.0,12.0,1.0,5.0,3.0,0.0,8.0,2.0,2.0,1.0,0.0,5.0,2.0,0.0,3.0,20.0,5.0,3.0,0.0,0.0,4.0,2.0,10.0,5.0,3.0,1.0,0.0,0.0,2.0,3.0,0.0,0.0,1.0,1.0,5.0,0.0,0.0,10.0,1.0,3.0,0.0,2.0,5.0,0.0,1.0,0.0,0.0,2.0,4.0,0.0,2.0,2.0,1.0,6.0,6.0,0.0,0.0,10.0,1.0,7.0,0.0,2.0,5.0,2.0,7.0,0.0,2.0,1.0,1.0,27.0,2.0,2.0,0.0
0.0,17.0,39.0,75.0,10.0,1.0,7.0,4.0,1.0,1.0,0.0,22.0,12.0,35.0,1.0,24.0,130.0,12.0,7.0,3.0,0.0,7.0,8.0,2.0,1.0,3.0,0.0,10.0,11.0,10.0,2.0,3.0,59.0,2.0,27.0,6.0,51.0,1.0,50.0,7.0,8.0,6.0,2.0,1.0,13.0,0.0,30.0,14.0,105.0,1.0,2.0,3.0,2.0,19.0,0.0,19.0,20.0,5.0,0.0,7.0,0.0,4.0,6.0,5.0,9.0,27.0,48.0,5.0,10.0,3.0,93.0,79.0,5.0,1.0,3.0,7.0,0.0,12.0,1.0,4.0,3.0,2.0,8.0,4.0,3.0,20.0,1.0,5.0,3.0,2.0,7.0,5.0,6.0,2.0,9.0,7.0,10.0,0.0,2.0,4.0,7.0,31.0,1.0,3.0,2.0,13.0,1.0,16.0,21.0,17.0,6.0,16.0,2.0,6.0,0.0,0.0,12.0,19.0,29.0,19.0,0.0,21.0,10.0,6.0,2.0,10.0,3.0,12.0,1.0,20.0,17.0,0.0,1.0,3.0,2.0,5.0,0.0,31.0,0.0,26.0,12.0,1.0,8.0,4.0,12.0,4.0,5.0,6.0,6.0,2.0,0.0,37.0,9.0,27.0,17.0,16.0,34.0,3.0,3.0,7.0,38.0,10.0,8.0,12.0,3.0,13.0,10.0,1.0,0.0,6.0,3.0,31.0,5.0,0.0,23.0,40.0,4.0,6.0,4.0,5.0,20.0,6.0,44.0,27.0,15.0,11.0,2.0,12.0,7.0,0.0,5.0,20.0,39.0,56.0,1.0,29.0,3.0,50.0,31.0,6.0,2.0,10.0,5.0,2.0,15.0,6.0,15.0,73.0,3.0,16.0,25.0,15.0,6.0,10.0,7.0,6.0,43.0,2.0,21.0,10.0,39.0,7.0,10.0,1.0,27.0,7.0,0.0,2.0,25.0,8.0,46.0,34.0,28.0,8.0,8.0,7.0,16.0,3.0,2.0,5.0,1.0,15.0,23.0,41.0,24.0,4.0,23.0,15.0,1.0,0.0,14.0,14.0,5.0,21.0,17.0,2.0,20.0,37.0,0.0,26.0,37.0,3.0,0.0,5.0,4.0,4.0,6.0,4.0,18.0,5.0,6.0,12.0,3.0,0.0,3.0,23.0,5.0,1.0,0.0,2.0,18.0,10.0,16.0,9.0,1.0,0.0,2.0,3.0,4.0,4.0,0.0,2.0,4.0,0.0,4.0,1.0,3.0,27.0,3.0,1.0,0.0,0.0,4.0,1.0,1.0,3.0,3.0,0.0,7.0,7.0,1.0,9.0,3.0,2.0,1.0,1.0,0.0,4.0,9.0,5.0,2.0,3.0,15.0,3.0,2.0,0.0,3.0,0.0,4.0,34.0,1.0,1.0,2.0
0.0,2.0,12.0,9.0,0.0,0.0,1.0,0.0,2.0,0.0,0.0,5.0,2.0,1.0,1.0,3.0,19.0,4.0,1.0,0.0,0.0,2.0,0.0,0.0,1.0,0.0,1.0,2.0,0.0,0.0,0.0,0.0,6.0,0.0,2.0,0.0,9.0,0.0,7.0,2.0,4.0,0.0,0.0,0.0,4.0,0.0,3.0,1.0,16.0,2.0,0.0,0.0,0.0,2.0,0.0,1.0,2.0,1.0,0.0,0.0,0.0,0.0,0.0,0.0,2.0,2.0,9.0,0.0,7.0,1.0,13.0,7.0,1.0,0.0,0.0,0.0,0.0,2.0,0.0,0.0,0.0,2.0,0.0,0.0,0.0,5.0,1.0,0.0,0.0,0.0,2.0,0.0,1.0,0.0,1.0,1.0,1.0,0.0,0.0,0.0,0.0,6.0,0.0,0.0,0.0,3.0,0.0,3.0,10.0,4.0,0.0,3.0,0.0,1.0,0.0,0.0,0.0,4.0,4.0,2.0,0.0,7.0,3.0,4.0,0.0,0.0,0.0,0.0,0.0,7.0,1.0,0.0,0.0,0.0,1.0,0.0,1.0,1.0,0.0,8.0,2.0,0.0,0.0,1.0,2.0,0.0,1.0,0.0,0.0,1.0,1.0,4.0,0.0,5.0,3.0,1.0,3.0,0.0,0.0,0.0,2.0,0.0,0.0,2.0,1.0,2.0,0.0,0.0,0.0,0.0,0.0,5.0,1.0,4.0,4.0,8.0,2.0,0.0,1.0,0.0,4.0,1.0,9.0,2.0,1.0,3.0,0.0,0.0,0.0,1.0,1.0,2.0,2.0,8.0,2.0,4.0,0.0,7.0,4.0,1.0,0.0,0.0,1.0,0.0,3.0,0.0,7.0,3.0,11.0,3.0,4.0,7.0,0.0,0.0,0.0,1.0,14.0,0.0,0.0,1.0,11.0,0.0,0.0,0.0,7.0,0.0,1.0,0.0,4.0,2.0,3.0,3.0,3.0,1.0,3.0,3.0,1.0,0.0,2.0,8.0,1.0,0.0,2.0,3.0,1.0,0.0,6.0,4.0,1.0,0.0,1.0,1.0,0.0,6.0,6.0,0.0,6.0,5.0,2.0,5.0,5.0,3.0,0.0,4.0,3.0,0.0,1.0,2.0,1.0,1.0,1.0,1.0,0.0,1.0,1.0,6.0,0.0,0.0,0.0,0.0,1.0,2.0,1.0,0.0,0.0,0.0,0.0,0.0,0.0,0.0,0.0,1.0,0.0,0.0,3.0,0.0,0.0,2.0,1.0,2.0,0.0,0.0,0.0,0.0,0.0,0.0,0.0,0.0,2.0,0.0,0.0,0.0,1.0,8.0,1.0,0.0,0.0,1.0,0.0,0.0,0.0,0.0,0.0,0.0,0.0,1.0,0.0,1.0,0.0,7.0,0.0,0.0,0.0
1.0,2.0,22.0,31.0,3.0,0.0,1.0,2.0,1.0,1.0,0.0,7.0,2.0,9.0,0.0,14.0,57.0,5.0,7.0,0.0,0.0,1.0,7.0,0.0,2.0,0.0,0.0,3.0,5.0,1.0,2.0,0.0,31.0,2.0,9.0,1.0,17.0,0.0,16.0,1.0,5.0,1.0,0.0,2.0,12.0,1.0,13.0,8.0,27.0,2.0,4.0,2.0,0.0,13.0,0.0,7.0,11.0,2.0,0.0,2.0,0.0,0.0,4.0,1.0,4.0,6.0,21.0,2.0,4.0,1.0,27.0,20.0,1.0,0.0,1.0,5.0,0.0,1.0,0.0,2.0,0.0,0.0,1.0,0.0,0.0,9.0,0.0,1.0,1.0,0.0,3.0,1.0,3.0,0.0,0.0,0.0,1.0,1.0,2.0,0.0,1.0,12.0,2.0,2.0,0.0,2.0,0.0,7.0,12.0,5.0,1.0,4.0,1.0,0.0,0.0,1.0,2.0,13.0,8.0,2.0,1.0,6.0,7.0,2.0,0.0,5.0,0.0,0.0,0.0,8.0,6.0,1.0,3.0,2.0,0.0,2.0,0.0,13.0,0.0,16.0,6.0,0.0,2.0,0.0,1.0,1.0,1.0,4.0,1.0,1.0,0.0,15.0,1.0,5.0,7.0,4.0,16.0,1.0,0.0,3.0,11.0,4.0,1.0,12.0,2.0,2.0,1.0,1.0,0.0,1.0,1.0,13.0,2.0,0.0,10.0,11.0,1.0,4.0,1.0,0.0,7.0,4.0,12.0,7.0,5.0,1.0,1.0,5.0,0.0,0.0,2.0,3.0,13.0,17.0,0.0,11.0,0.0,17.0,13.0,2.0,0.0,2.0,0.0,0.0,10.0,3.0,8.0,16.0,3.0,18.0,11.0,10.0,1.0,1.0,4.0,1.0,25.0,4.0,8.0,3.0,13.0,0.0,2.0,2.0,8.0,1.0,0.0,0.0,9.0,3.0,23.0,8.0,11.0,5.0,0.0,2.0,5.0,1.0,1.0,2.0,2.0,2.0,6.0,12.0,8.0,4.0,6.0,8.0,1.0,0.0,6.0,6.0,0.0,7.0,6.0,0.0,4.0,15.0,0.0,8.0,14.0,4.0,0.0,1.0,2.0,0.0,2.0,2.0,0.0,1.0,1.0,6.0,0.0,0.0,1.0,5.0,1.0,0.0,0.0,0.0,6.0,4.0,2.0,3.0,0.0,0.0,2.0,0.0,2.0,0.0,1.0,0.0,0.0,0.0,0.0,1.0,1.0,7.0,1.0,2.0,1.0,1.0,4.0,0.0,0.0,0.0,0.0,0.0,1.0,5.0,2.0,2.0,2.0,2.0,2.0,0.0,0.0,1.0,3.0,1.0,0.0,2.0,1.0,0.0,1.0,0.0,0.0,1.0,1.0,17.0,2.0,2.0,2.0
1.0,16.0,47.0,38.0,6.0,3.0,6.0,3.0,0.0,6.0,2.0,15.0,6.0,16.0,1.0,31.0,116.0,10.0,10.0,0.0,2.0,3.0,2.0,5.0,4.0,4.0,5.0,7.0,8.0,6.0,1.0,1.0,44.0,4.0,11.0,3.0,59.0,0.0,47.0,4.0,13.0,7.0,3.0,1.0,7.0,2.0,17.0,10.0,58.0,0.0,2.0,2.0,4.0,11.0,1.0,11.0,12.0,5.0,0.0,1.0,1.0,2.0,5.0,4.0,4.0,14.0,34.0,3.0,9.0,2.0,58.0,39.0,5.0,2.0,1.0,4.0,0.0,8.0,0.0,1.0,0.0,1.0,8.0,2.0,0.0,13.0,2.0,2.0,1.0,3.0,3.0,2.0,7.0,1.0,5.0,10.0,3.0,1.0,0.0,3.0,3.0,27.0,1.0,2.0,1.0,10.0,0.0,21.0,20.0,18.0,2.0,18.0,2.0,8.0,0.0,1.0,8.0,11.0,28.0,17.0,7.0,16.0,8.0,8.0,1.0,8.0,0.0,8.0,0.0,24.0,21.0,5.0,1.0,4.0,3.0,5.0,2.0,22.0,2.0,16.0,5.0,3.0,5.0,2.0,7.0,1.0,5.0,4.0,1.0,5.0,3.0,20.0,4.0,15.0,20.0,7.0,21.0,1.0,0.0,5.0,33.0,6.0,4.0,15.0,3.0,4.0,7.0,6.0,1.0,5.0,2.0,21.0,7.0,0.0,18.0,24.0,4.0,4.0,12.0,1.0,20.0,6.0,38.0,15.0,9.0,6.0,2.0,6.0,2.0,2.0,5.0,8.0,24.0,52.0,0.0,21.0,3.0,34.0,20.0,9.0,3.0,9.0,4.0,1.0,20.0,5.0,17.0,25.0,4.0,11.0,47.0,17.0,3.0,10.0,4.0,5.0,51.0,2.0,18.0,5.0,28.0,5.0,6.0,1.0,18.0,4.0,2.0,3.0,18.0,8.0,42.0,18.0,22.0,10.0,4.0,8.0,12.0,1.0,0.0,3.0,5.0,11.0,14.0,17.0,13.0,4.0,21.0,13.0,2.0,1.0,9.0,14.0,1.0,25.0,16.0,1.0,24.0,22.0,0.0,36.0,26.0,16.0,0.0,5.0,4.0,3.0,11.0,2.0,8.0,3.0,7.0,7.0,2.0,2.0,4.0,18.0,5.0,2.0,0.0,3.0,12.0,8.0,16.0,3.0,2.0,1.0,0.0,0.0,1.0,0.0,2.0,4.0,2.0,0.0,4.0,0.0,1.0,16.0,6.0,1.0,0.0,1.0,4.0,0.0,2.0,1.0,3.0,1.0,6.0,1.0,1.0,10.0,3.0,0.0,5.0,0.0,1.0,12.0,8.0,5.0,3.0,3.0,9.0,0.0,7.0,2.0,0.0,2.0,2.0,29.0,1.0,1.0,0.0
1.0,7.0,33.0,27.0,5.0,1.0,3.0,1.0,1.0,2.0,0.0,6.0,5.0,8.0,0.0,14.0,77.0,7.0,11.0,0.0,0.0,4.0,2.0,2.0,2.0,2.0,1.0,2.0,8.0,2.0,2.0,0.0,28.0,4.0,8.0,1.0,40.0,0.0,30.0,4.0,8.0,6.0,2.0,2.0,9.0,0.0,11.0,7.0,40.0,3.0,4.0,2.0,3.0,10.0,0.0,5.0,8.0,3.0,2.0,2.0,0.0,1.0,4.0,2.0,4.0,12.0,32.0,3.0,10.0,1.0,39.0,23.0,2.0,1.0,1.0,3.0,1.0,2.0,0.0,2.0,0.0,2.0,7.0,1.0,0.0,14.0,1.0,0.0,0.0,2.0,3.0,2.0,2.0,1.0,3.0,3.0,1.0,0.0,0.0,1.0,2.0,17.0,2.0,0.0,1.0,7.0,1.0,13.0,24.0,7.0,4.0,6.0,0.0,0.0,1.0,0.0,2.0,10.0,13.0,9.0,0.0,13.0,5.0,5.0,0.0,6.0,0.0,3.0,0.0,16.0,9.0,1.0,3.0,0.0,1.0,2.0,0.0,7.0,0.0,13.0,5.0,1.0,2.0,1.0,2.0,0.0,3.0,4.0,1.0,3.0,0.0,19.0,1.0,16.0,11.0,4.0,18.0,0.0,0.0,0.0,18.0,5.0,1.0,9.0,2.0,3.0,4.0,2.0,0.0,2.0,0.0,15.0,4.0,4.0,13.0,17.0,3.0,5.0,4.0,1.0,9.0,2.0,24.0,12.0,6.0,7.0,0.0,7.0,1.0,0.0,1.0,7.0,15.0,31.0,2.0,16.0,2.0,34.0,8.0,7.0,0.0,5.0,0.0,1.0,14.0,5.0,15.0,15.0,7.0,10.0,17.0,24.0,2.0,5.0,3.0,3.0,38.0,4.0,15.0,3.0,24.0,2.0,3.0,2.0,13.0,2.0,0.0,2.0,16.0,4.0,35.0,12.0,15.0,8.0,4.0,2.0,4.0,2.0,1.0,9.0,2.0,7.0,5.0,11.0,10.0,4.0,12.0,5.0,0.0,0.0,6.0,7.0,0.0,14.0,14.0,0.0,12.0,20.0,2.0,19.0,16.0,7.0,1.0,4.0,5.0,2.0,7.0,1.0,6.0,1.0,3.0,4.0,0.0,0.0,2.0,13.0,1.0,1.0,0.0,2.0,6.0,6.0,3.0,4.0,1.0,0.0,0.0,0.0,2.0,0.0,1.0,0.0,1.0,1.0,5.0,0.0,1.0,10.0,3.0,1.0,1.0,0.0,4.0,0.0,0.0,1.0,2.0,0.0,3.0,0.0,2.0,9.0,2.0,6.0,2.0,0.0,0.0,4.0,2.0,3.0,2.0,2.0,6.0,0.0,3.0,0.0,0.0,1.0,1.0,19.0,2.0,2.0,0.0
0.0,1.0,5.0,3.0,1.0,1.0,0.0,0.0,0.0,2.0,0.0,2.0,2.0,2.0,0.0,5.0,14.0,0.0,1.0,1.0,0.0,0.0,0.0,3.0,0.0,1.0,0.0,0.0,0.0,0.0,0.0,2.0,3.0,1.0,5.0,2.0,4.0,0.0,6.0,0.0,1.0,0.0,0.0,0.0,0.0,1.0,0.0,3.0,5.0,0.0,0.0,0.0,0.0,0.0,1.0,2.0,1.0,2.0,0.0,2.0,0.0,0.0,0.0,0.0,0.0,5.0,1.0,0.0,4.0,1.0,6.0,4.0,0.0,1.0,0.0,1.0,0.0,5.0,0.0,0.0,1.0,0.0,3.0,0.0,1.0,2.0,0.0,0.0,0.0,0.0,1.0,0.0,2.0,0.0,0.0,2.0,2.0,0.0,0.0,1.0,0.0,5.0,0.0,0.0,0.0,4.0,0.0,0.0,2.0,2.0,2.0,4.0,0.0,1.0,0.0,0.0,0.0,0.0,2.0,1.0,0.0,1.0,2.0,0.0,0.0,0.0,1.0,0.0,0.0,3.0,6.0,1.0,0.0,0.0,0.0,0.0,0.0,2.0,0.0,1.0,2.0,1.0,0.0,0.0,3.0,0.0,0.0,0.0,0.0,0.0,0.0,1.0,1.0,1.0,2.0,1.0,4.0,0.0,1.0,1.0,1.0,3.0,1.0,0.0,0.0,0.0,2.0,2.0,0.0,1.0,0.0,3.0,1.0,0.0,2.0,3.0,1.0,0.0,3.0,0.0,1.0,0.0,3.0,1.0,0.0,1.0,0.0,0.0,0.0,0.0,0.0,1.0,0.0,11.0,0.0,5.0,0.0,3.0,4.0,0.0,0.0,2.0,1.0,0.0,0.0,0.0,4.0,6.0,0.0,1.0,3.0,2.0,5.0,2.0,2.0,1.0,7.0,0.0,4.0,0.0,4.0,1.0,0.0,0.0,1.0,1.0,0.0,0.0,2.0,1.0,3.0,4.0,3.0,0.0,0.0,1.0,1.0,0.0,0.0,0.0,1.0,0.0,1.0,1.0,3.0,1.0,4.0,2.0,0.0,1.0,0.0,2.0,1.0,5.0,3.0,0.0,5.0,2.0,0.0,0.0,7.0,2.0,0.0,0.0,0.0,0.0,1.0,1.0,4.0,1.0,1.0,0.0,1.0,0.0,1.0,4.0,1.0,1.0,0.0,0.0,1.0,0.0,2.0,0.0,1.0,1.0,0.0,1.0,1.0,0.0,0.0,0.0,0.0,0.0,0.0,0.0,0.0,4.0,0.0,0.0,0.0,0.0,0.0,0.0,0.0,0.0,0.0,0.0,1.0,0.0,0.0,0.0,0.0,0.0,1.0,0.0,0.0,3.0,1.0,1.0,0.0,0.0,0.0,0.0,3.0,0.0,0.0,0.0,1.0,5.0,0.0,0.0,0.0
0.0,2.0,6.0,9.0,2.0,0.0,2.0,3.0,0.0,1.0,2.0,5.0,4.0,9.0,0.0,6.0,24.0,1.0,4.0,2.0,0.0,2.0,0.0,0.0,1.0,1.0,0.0,0.0,1.0,1.0,0.0,2.0,6.0,0.0,3.0,0.0,13.0,0.0,9.0,2.0,3.0,2.0,1.0,0.0,1.0,0.0,7.0,5.0,17.0,0.0,0.0,0.0,0.0,1.0,0.0,3.0,4.0,2.0,2.0,4.0,0.0,1.0,2.0,1.0,0.0,6.0,9.0,2.0,1.0,2.0,21.0,14.0,0.0,0.0,1.0,1.0,1.0,4.0,0.0,0.0,2.0,0.0,3.0,1.0,2.0,3.0,0.0,0.0,0.0,1.0,2.0,1.0,2.0,1.0,2.0,1.0,4.0,0.0,0.0,1.0,1.0,9.0,0.0,2.0,1.0,7.0,0.0,6.0,3.0,2.0,3.0,4.0,0.0,0.0,1.0,0.0,3.0,1.0,5.0,4.0,4.0,4.0,3.0,2.0,0.0,2.0,2.0,2.0,0.0,2.0,3.0,3.0,0.0,2.0,1.0,1.0,0.0,7.0,2.0,5.0,0.0,0.0,2.0,0.0,5.0,0.0,2.0,1.0,0.0,1.0,0.0,5.0,2.0,4.0,5.0,0.0,8.0,0.0,2.0,0.0,10.0,2.0,5.0,1.0,0.0,1.0,2.0,1.0,0.0,0.0,0.0,4.0,1.0,0.0,1.0,7.0,0.0,1.0,2.0,1.0,7.0,0.0,10.0,4.0,1.0,1.0,0.0,2.0,1.0,0.0,1.0,3.0,6.0,10.0,0.0,11.0,1.0,12.0,10.0,3.0,0.0,1.0,2.0,1.0,4.0,1.0,2.0,10.0,0.0,1.0,10.0,5.0,2.0,12.0,1.0,3.0,12.0,0.0,3.0,1.0,13.0,3.0,1.0,0.0,4.0,1.0,0.0,1.0,4.0,0.0,12.0,8.0,6.0,2.0,1.0,0.0,3.0,1.0,0.0,1.0,0.0,5.0,3.0,3.0,3.0,0.0,9.0,3.0,0.0,0.0,1.0,2.0,2.0,12.0,8.0,0.0,8.0,6.0,0.0,9.0,11.0,2.0,1.0,1.0,1.0,1.0,1.0,0.0,13.0,2.0,6.0,2.0,2.0,0.0,3.0,9.0,0.0,0.0,0.0,1.0,2.0,3.0,1.0,1.0,0.0,0.0,0.0,2.0,2.0,0.0,1.0,0.0,1.0,1.0,3.0,0.0,0.0,5.0,1.0,0.0,0.0,0.0,0.0,0.0,2.0,0.0,1.0,0.0,2.0,0.0,0.0,3.0,0.0,0.0,0.0,0.0,0.0,2.0,1.0,2.0,1.0,0.0,4.0,0.0,1.0,0.0,0.0,0.0,3.0,3.0,0.0,0.0,0.0
1.0,2.0,7.0,11.0,1.0,1.0,2.0,0.0,0.0,1.0,0.0,2.0,2.0,4.0,0.0,14.0,26.0,2.0,3.0,0.0,0.0,1.0,1.0,2.0,1.0,1.0,0.0,2.0,0.0,1.0,0.0,0.0,6.0,1.0,5.0,0.0,8.0,0.0,8.0,1.0,2.0,0.0,0.0,0.0,6.0,1.0,3.0,1.0,9.0,1.0,0.0,0.0,0.0,2.0,0.0,1.0,2.0,1.0,2.0,0.0,0.0,0.0,1.0,1.0,2.0,3.0,7.0,0.0,4.0,0.0,8.0,9.0,0.0,1.0,1.0,3.0,1.0,1.0,0.0,0.0,0.0,0.0,4.0,0.0,0.0,3.0,0.0,1.0,1.0,0.0,0.0,1.0,1.0,0.0,2.0,1.0,1.0,1.0,0.0,0.0,0.0,8.0,0.0,0.0,0.0,5.0,0.0,3.0,1.0,5.0,2.0,2.0,1.0,0.0,1.0,1.0,1.0,2.0,5.0,2.0,1.0,2.0,2.0,2.0,0.0,1.0,0.0,0.0,0.0,3.0,11.0,0.0,0.0,2.0,0.0,2.0,0.0,6.0,0.0,5.0,2.0,1.0,0.0,0.0,1.0,2.0,1.0,1.0,0.0,0.0,0.0,6.0,1.0,2.0,4.0,1.0,5.0,1.0,0.0,0.0,5.0,5.0,2.0,2.0,0.0,2.0,2.0,1.0,0.0,1.0,1.0,7.0,1.0,0.0,3.0,2.0,2.0,0.0,2.0,0.0,2.0,1.0,1.0,2.0,0.0,1.0,1.0,0.0,1.0,0.0,2.0,4.0,8.0,11.0,0.0,2.0,0.0,7.0,5.0,2.0,0.0,1.0,0.0,1.0,2.0,0.0,7.0,7.0,0.0,4.0,4.0,3.0,2.0,1.0,8.0,0.0,7.0,0.0,2.0,0.0,8.0,0.0,1.0,0.0,10.0,3.0,0.0,0.0,3.0,0.0,7.0,3.0,4.0,0.0,0.0,2.0,3.0,1.0,1.0,0.0,2.0,2.0,4.0,6.0,3.0,0.0,7.0,1.0,1.0,0.0,1.0,3.0,0.0,2.0,6.0,0.0,4.0,3.0,0.0,2.0,5.0,3.0,1.0,0.0,1.0,0.0,1.0,1.0,1.0,0.0,0.0,1.0,0.0,0.0,1.0,5.0,2.0,1.0,0.0,0.0,4.0,0.0,3.0,0.0,1.0,0.0,2.0,0.0,0.0,1.0,0.0,0.0,0.0,1.0,2.0,1.0,0.0,1.0,0.0,1.0,0.0,1.0,0.0,0.0,1.0,0.0,0.0,0.0,0.0,1.0,0.0,0.0,0.0,0.0,2.0,0.0,0.0,2.0,0.0,2.0,0.0,0.0,2.0,0.0,2.0,0.0,0.0,0.0,1.0,12.0,0.0,0.0,0.0
0.0,3.0,6.0,5.0,0.0,0.0,2.0,0.0,0.0,0.0,0.0,1.0,2.0,3.0,0.0,0.0,18.0,1.0,2.0,1.0,0.0,0.0,0.0,0.0,1.0,0.0,0.0,1.0,2.0,1.0,0.0,1.0,4.0,0.0,1.0,0.0,8.0,0.0,8.0,0.0,1.0,2.0,1.0,0.0,1.0,0.0,1.0,4.0,9.0,0.0,0.0,0.0,0.0,0.0,0.0,2.0,2.0,1.0,0.0,2.0,0.0,0.0,0.0,1.0,0.0,3.0,3.0,0.0,1.0,2.0,8.0,7.0,0.0,0.0,0.0,0.0,0.0,3.0,1.0,0.0,1.0,0.0,1.0,0.0,1.0,2.0,0.0,0.0,0.0,1.0,1.0,0.0,1.0,0.0,1.0,2.0,2.0,0.0,0.0,0.0,0.0,1.0,0.0,1.0,0.0,2.0,0.0,3.0,4.0,2.0,0.0,1.0,0.0,0.0,0.0,0.0,0.0,1.0,1.0,3.0,0.0,3.0,2.0,1.0,0.0,2.0,1.0,1.0,0.0,2.0,0.0,0.0,0.0,0.0,0.0,1.0,0.0,2.0,0.0,3.0,0.0,0.0,0.0,0.0,2.0,0.0,1.0,0.0,0.0,2.0,0.0,3.0,1.0,3.0,1.0,2.0,5.0,0.0,1.0,0.0,3.0,0.0,1.0,2.0,1.0,1.0,0.0,0.0,0.0,0.0,0.0,1.0,2.0,0.0,3.0,5.0,0.0,0.0,0.0,0.0,5.0,0.0,2.0,1.0,0.0,1.0,0.0,1.0,0.0,0.0,0.0,1.0,3.0,7.0,0.0,6.0,2.0,9.0,3.0,2.0,0.0,1.0,1.0,0.0,3.0,1.0,1.0,6.0,1.0,1.0,5.0,3.0,1.0,3.0,0.0,4.0,10.0,0.0,2.0,1.0,4.0,2.0,1.0,0.0,2.0,0.0,0.0,1.0,2.0,1.0,7.0,5.0,5.0,3.0,0.0,0.0,1.0,0.0,0.0,1.0,1.0,2.0,3.0,3.0,2.0,0.0,1.0,2.0,0.0,0.0,1.0,1.0,1.0,5.0,3.0,0.0,4.0,3.0,0.0,6.0,4.0,1.0,0.0,0.0,0.0,1.0,0.0,0.0,6.0,2.0,2.0,3.0,1.0,0.0,1.0,1.0,0.0,0.0,0.0,1.0,2.0,1.0,1.0,0.0,0.0,0.0,0.0,1.0,1.0,0.0,0.0,0.0,0.0,0.0,0.0,0.0,0.0,4.0,2.0,0.0,0.0,0.0,0.0,0.0,0.0,0.0,1.0,0.0,0.0,0.0,0.0,4.0,1.0,0.0,1.0,0.0,0.0,0.0,1.0,0.0,1.0,0.0,2.0,0.0,0.0,0.0,0.0,1.0,1.0,2.0,0.0,0.0,0.0
0.0,31.0,79.0,89.0,13.0,5.0,19.0,2.0,1.0,8.0,0.0,30.0,14.0,29.0,6.0,46.0,204.0,21.0,25.0,2.0,10.0,5.0,6.0,7.0,10.0,6.0,3.0,6.0,19.0,15.0,5.0,3.0,73.0,9.0,21.0,5.0,85.0,1.0,59.0,8.0,17.0,11.0,2.0,4.0,26.0,1.0,31.0,23.0,97.0,5.0,8.0,5.0,7.0,27.0,1.0,20.0,25.0,11.0,6.0,8.0,1.0,2.0,10.0,2.0,10.0,27.0,82.0,6.0,19.0,7.0,95.0,75.0,5.0,3.0,1.0,8.0,3.0,17.0,1.0,5.0,2.0,3.0,18.0,2.0,2.0,30.0,3.0,1.0,0.0,2.0,13.0,3.0,10.0,1.0,9.0,23.0,8.0,0.0,1.0,3.0,4.0,63.0,4.0,2.0,1.0,28.0,1.0,20.0,44.0,24.0,6.0,30.0,1.0,6.0,3.0,0.0,7.0,35.0,47.0,21.0,6.0,29.0,18.0,23.0,1.0,9.0,2.0,7.0,1.0,42.0,34.0,3.0,7.0,0.0,3.0,2.0,2.0,34.0,0.0,38.0,10.0,5.0,6.0,4.0,11.0,0.0,4.0,7.0,3.0,7.0,4.0,41.0,4.0,31.0,31.0,17.0,47.0,0.0,2.0,5.0,49.0,13.0,7.0,30.0,7.0,6.0,14.0,11.0,2.0,8.0,1.0,37.0,14.0,5.0,34.0,50.0,5.0,10.0,19.0,2.0,21.0,8.0,50.0,22.0,17.0,12.0,1.0,14.0,6.0,2.0,3.0,17.0,31.0,76.0,3.0,32.0,3.0,82.0,30.0,18.0,3.0,13.0,5.0,4.0,39.0,8.0,45.0,43.0,14.0,25.0,51.0,38.0,7.0,12.0,7.0,10.0,138.0,8.0,30.0,7.0,70.0,5.0,5.0,4.0,45.0,4.0,2.0,2.0,34.0,15.0,79.0,31.0,49.0,15.0,8.0,11.0,12.0,5.0,1.0,9.0,9.0,9.0,19.0,29.0,23.0,10.0,50.0,21.0,2.0,1.0,12.0,19.0,3.0,45.0,54.0,1.0,38.0,56.0,2.0,36.0,48.0,33.0,3.0,11.0,11.0,4.0,18.0,3.0,18.0,8.0,7.0,14.0,9.0,2.0,13.0,42.0,5.0,3.0,0.0,2.0,13.0,9.0,24.0,8.0,3.0,1.0,0.0,2.0,6.0,1.0,2.0,3.0,2.0,3.0,12.0,0.0,2.0,36.0,8.0,1.0,4.0,0.0,10.0,1.0,0.0,2.0,3.0,5.0,6.0,2.0,4.0,12.0,7.0,6.0,9.0,1.0,0.0,19.0,7.0,5.0,2.0,7.0,7.0,1.0,9.0,2.0,1.0,5.0,7.0,51.0,4.0,4.0,1.0
0.0,0.0,8.0,8.0,2.0,0.0,0.0,0.0,0.0,0.0,0.0,0.0,2.0,2.0,0.0,4.0,18.0,0.0,4.0,0.0,0.0,0.0,2.0,0.0,0.0,0.0,0.0,0.0,4.0,0.0,2.0,0.0,16.0,2.0,0.0,0.0,6.0,0.0,4.0,0.0,0.0,0.0,0.0,2.0,2.0,0.0,4.0,4.0,4.0,0.0,4.0,2.0,0.0,4.0,0.0,0.0,2.0,2.0,0.0,2.0,0.0,0.0,2.0,0.0,0.0,0.0,12.0,2.0,0.0,0.0,4.0,6.0,0.0,0.0,0.0,2.0,0.0,0.0,0.0,2.0,0.0,0.0,0.0,0.0,0.0,4.0,0.0,0.0,0.0,0.0,2.0,0.0,2.0,0.0,0.0,0.0,0.0,0.0,0.0,0.0,0.0,4.0,2.0,0.0,0.0,0.0,0.0,2.0,8.0,0.0,0.0,2.0,0.0,0.0,0.0,0.0,0.0,6.0,2.0,0.0,0.0,2.0,2.0,0.0,0.0,2.0,0.0,0.0,0.0,2.0,0.0,0.0,2.0,0.0,0.0,0.0,0.0,0.0,0.0,4.0,0.0,0.0,0.0,0.0,0.0,0.0,0.0,2.0,0.0,0.0,0.0,8.0,0.0,0.0,4.0,2.0,6.0,0.0,0.0,0.0,4.0,0.0,0.0,6.0,0.0,0.0,0.0,0.0,0.0,0.0,0.0,6.0,0.0,0.0,4.0,4.0,0.0,4.0,0.0,0.0,0.0,2.0,4.0,2.0,2.0,0.0,0.0,4.0,0.0,0.0,0.0,0.0,4.0,6.0,0.0,4.0,0.0,6.0,2.0,2.0,0.0,0.0,0.0,0.0,4.0,2.0,4.0,2.0,0.0,4.0,2.0,4.0,0.0,0.0,0.0,0.0,8.0,4.0,6.0,0.0,2.0,0.0,0.0,2.0,0.0,0.0,0.0,0.0,4.0,2.0,8.0,2.0,4.0,2.0,0.0,0.0,0.0,0.0,0.0,0.0,0.0,0.0,0.0,2.0,4.0,4.0,0.0,2.0,0.0,0.0,0.0,0.0,0.0,4.0,2.0,0.0,0.0,10.0,0.0,2.0,4.0,2.0,0.0,0.0,0.0,0.0,2.0,0.0,0.0,0.0,0.0,2.0,0.0,0.0,0.0,0.0,0.0,0.0,0.0,0.0,0.0,0.0,0.0,2.0,0.0,0.0,0.0,0.0,2.0,0.0,0.0,0.0,0.0,0.0,0.0,0.0,0.0,4.0,0.0,0.0,0.0,0.0,4.0,0.0,0.0,0.0,0.0,0.0,0.0,0.0,2.0,2.0,0.0,0.0,0.0,0.0,0.0,0.0,0.0,0.0,0.0,2.0,0.0,0.0,0.0,0.0,0.0,0.0,0.0,2.0,2.0,2.0,0.0
0.0,9.0,32.0,27.0,7.0,3.0,2.0,1.0,0.0,3.0,0.0,6.0,8.0,10.0,0.0,14.0,82.0,5.0,9.0,0.0,0.0,3.0,3.0,2.0,0.0,4.0,2.0,1.0,10.0,3.0,3.0,0.0,40.0,6.0,12.0,2.0,37.0,0.0,33.0,4.0,4.0,6.0,2.0,3.0,4.0,0.0,13.0,8.0,39.0,0.0,6.0,3.0,3.0,14.0,0.0,3.0,8.0,4.0,0.0,3.0,1.0,2.0,4.0,2.0,4.0,11.0,30.0,4.0,7.0,0.0,37.0,23.0,2.0,1.0,1.0,4.0,0.0,3.0,0.0,4.0,0.0,0.0,6.0,2.0,0.0,16.0,0.0,1.0,0.0,2.0,3.0,2.0,4.0,1.0,4.0,5.0,1.0,0.0,0.0,2.0,3.0,20.0,3.0,0.0,1.0,7.0,0.0,12.0,23.0,9.0,5.0,10.0,1.0,3.0,0.0,0.0,6.0,10.0,17.0,12.0,1.0,13.0,5.0,2.0,1.0,7.0,0.0,6.0,0.0,13.0,11.0,0.0,3.0,0.0,1.0,2.0,0.0,8.0,0.0,11.0,5.0,3.0,3.0,1.0,2.0,0.0,3.0,5.0,2.0,2.0,2.0,25.0,3.0,8.0,15.0,7.0,20.0,0.0,0.0,0.0,20.0,5.0,1.0,12.0,1.0,4.0,8.0,1.0,2.0,4.0,1.0,18.0,3.0,0.0,16.0,15.0,1.0,7.0,5.0,2.0,9.0,3.0,22.0,11.0,7.0,4.0,0.0,10.0,1.0,0.0,1.0,8.0,19.0,37.0,0.0,17.0,2.0,34.0,8.0,8.0,3.0,7.0,1.0,1.0,12.0,6.0,13.0,21.0,0.0,8.0,18.0,15.0,4.0,3.0,2.0,2.0,30.0,6.0,29.0,3.0,16.0,2.0,4.0,3.0,14.0,2.0,0.0,2.0,15.0,8.0,32.0,12.0,16.0,8.0,3.0,6.0,4.0,1.0,0.0,2.0,1.0,7.0,4.0,12.0,12.0,6.0,11.0,7.0,0.0,0.0,5.0,5.0,1.0,14.0,12.0,0.0,8.0,21.0,0.0,19.0,17.0,9.0,0.0,2.0,3.0,2.0,10.0,1.0,3.0,1.0,2.0,5.0,2.0,0.0,2.0,12.0,3.0,1.0,0.0,2.0,6.0,4.0,7.0,6.0,1.0,0.0,0.0,0.0,3.0,1.0,0.0,1.0,2.0,0.0,2.0,0.0,1.0,15.0,2.0,0.0,0.0,0.0,7.0,0.0,0.0,0.0,2.0,0.0,3.0,0.0,3.0,9.0,1.0,0.0,1.0,0.0,0.0,5.0,2.0,3.0,2.0,5.0,7.0,1.0,2.0,0.0,1.0,0.0,0.0,15.0,3.0,3.0,0.0
0.0,2.0,4.0,14.0,1.0,0.0,2.0,1.0,0.0,0.0,0.0,2.0,0.0,3.0,1.0,0.0,17.0,3.0,1.0,0.0,0.0,0.0,2.0,0.0,0.0,0.0,0.0,1.0,1.0,1.0,0.0,0.0,6.0,0.0,4.0,1.0,7.0,0.0,9.0,0.0,2.0,2.0,1.0,0.0,3.0,0.0,8.0,2.0,18.0,0.0,0.0,1.0,0.0,4.0,0.0,3.0,3.0,0.0,0.0,0.0,0.0,0.0,2.0,1.0,1.0,6.0,5.0,0.0,0.0,0.0,17.0,10.0,2.0,0.0,0.0,0.0,0.0,2.0,0.0,0.0,0.0,0.0,2.0,0.0,0.0,2.0,0.0,0.0,0.0,1.0,0.0,1.0,0.0,0.0,1.0,2.0,0.0,0.0,1.0,0.0,1.0,1.0,0.0,1.0,0.0,0.0,0.0,3.0,4.0,3.0,0.0,1.0,0.0,0.0,0.0,0.0,1.0,2.0,3.0,2.0,0.0,1.0,0.0,0.0,0.0,3.0,0.0,1.0,0.0,2.0,2.0,0.0,0.0,0.0,0.0,1.0,0.0,3.0,0.0,4.0,1.0,0.0,2.0,0.0,1.0,0.0,2.0,1.0,1.0,1.0,0.0,3.0,0.0,5.0,2.0,1.0,7.0,0.0,0.0,2.0,6.0,1.0,0.0,0.0,1.0,1.0,0.0,0.0,0.0,1.0,0.0,1.0,1.0,0.0,3.0,6.0,0.0,0.0,0.0,0.0,4.0,0.0,7.0,5.0,2.0,1.0,0.0,1.0,0.0,0.0,0.0,3.0,4.0,6.0,0.0,8.0,1.0,9.0,3.0,1.0,0.0,3.0,0.0,0.0,4.0,2.0,0.0,10.0,1.0,3.0,5.0,3.0,0.0,1.0,0.0,1.0,7.0,0.0,3.0,5.0,3.0,2.0,2.0,0.0,1.0,0.0,0.0,1.0,5.0,0.0,10.0,2.0,4.0,3.0,0.0,0.0,3.0,1.0,0.0,1.0,0.0,2.0,3.0,6.0,4.0,0.0,0.0,1.0,0.0,0.0,5.0,2.0,0.0,1.0,1.0,0.0,3.0,3.0,0.0,8.0,5.0,0.0,0.0,0.0,0.0,1.0,0.0,0.0,1.0,0.0,2.0,1.0,0.0,0.0,0.0,1.0,0.0,0.0,0.0,1.0,4.0,4.0,1.0,1.0,0.0,0.0,0.0,0.0,0.0,0.0,0.0,0.0,0.0,0.0,0.0,0.0,1.0,5.0,1.0,0.0,0.0,0.0,0.0,0.0,0.0,1.0,1.0,0.0,0.0,2.0,0.0,3.0,1.0,0.0,0.0,0.0,0.0,0.0,3.0,0.0,1.0,0.0,2.0,0.0,0.0,0.0,0.0,0.0,0.0,4.0,0.0,0.0,1.0
3.0,19.0,49.0,69.0,17.0,2.0,23.0,4.0,2.0,5.0,1.0,24.0,19.0,37.0,2.0,33.0,168.0,24.0,17.0,2.0,2.0,12.0,5.0,3.0,7.0,5.0,6.0,6.0,10.0,13.0,5.0,3.0,52.0,5.0,23.0,7.0,69.0,4.0,46.0,15.0,13.0,10.0,0.0,1.0,14.0,2.0,31.0,13.0,95.0,4.0,2.0,1.0,7.0,37.0,1.0,25.0,24.0,4.0,8.0,7.0,2.0,7.0,2.0,2.0,12.0,23.0,71.0,2.0,18.0,4.0,78.0,70.0,2.0,1.0,4.0,7.0,4.0,20.0,0.0,2.0,2.0,3.0,15.0,5.0,2.0,24.0,0.0,6.0,2.0,0.0,5.0,5.0,12.0,3.0,6.0,22.0,7.0,0.0,1.0,6.0,6.0,73.0,1.0,1.0,3.0,33.0,0.0,19.0,29.0,20.0,10.0,25.0,2.0,16.0,4.0,0.0,12.0,22.0,61.0,21.0,3.0,38.0,19.0,17.0,2.0,8.0,2.0,9.0,4.0,27.0,21.0,3.0,1.0,4.0,4.0,2.0,0.0,32.0,0.0,28.0,11.0,2.0,7.0,3.0,18.0,2.0,4.0,5.0,4.0,2.0,1.0,45.0,11.0,35.0,24.0,13.0,26.0,2.0,2.0,2.0,64.0,21.0,7.0,20.0,3.0,6.0,12.0,5.0,1.0,3.0,4.0,37.0,3.0,7.0,19.0,51.0,9.0,5.0,10.0,4.0,15.0,7.0,49.0,25.0,8.0,8.0,0.0,12.0,8.0,0.0,7.0,13.0,42.0,51.0,7.0,17.0,0.0,63.0,32.0,16.0,6.0,9.0,9.0,8.0,25.0,2.0,28.0,39.0,11.0,13.0,28.0,24.0,4.0,13.0,8.0,4.0,70.0,2.0,16.0,3.0,108.0,5.0,6.0,1.0,55.0,6.0,0.0,2.0,26.0,15.0,53.0,25.0,34.0,10.0,9.0,8.0,11.0,7.0,1.0,8.0,6.0,11.0,26.0,32.0,11.0,3.0,60.0,22.0,1.0,1.0,4.0,13.0,6.0,32.0,53.0,0.0,39.0,39.0,3.0,22.0,48.0,14.0,8.0,7.0,8.0,8.0,12.0,5.0,16.0,6.0,5.0,11.0,4.0,0.0,12.0,55.0,5.0,1.0,2.0,0.0,5.0,9.0,34.0,6.0,1.0,1.0,2.0,2.0,3.0,1.0,2.0,7.0,7.0,4.0,20.0,1.0,1.0,17.0,9.0,1.0,1.0,0.0,4.0,4.0,0.0,0.0,4.0,1.0,17.0,4.0,1.0,1.0,3.0,8.0,6.0,4.0,3.0,10.0,2.0,7.0,0.0,2.0,9.0,1.0,5.0,0.0,1.0,2.0,7.0,39.0,1.0,1.0,1.0
0.0,1.0,5.0,6.0,0.0,0.0,2.0,0.0,0.0,0.0,0.0,1.0,3.0,3.0,0.0,0.0,21.0,1.0,1.0,1.0,0.0,0.0,0.0,0.0,0.0,0.0,1.0,0.0,1.0,1.0,0.0,1.0,5.0,0.0,2.0,0.0,7.0,0.0,9.0,0.0,1.0,2.0,1.0,0.0,1.0,0.0,3.0,3.0,10.0,0.0,0.0,1.0,0.0,1.0,0.0,1.0,1.0,1.0,0.0,2.0,0.0,0.0,1.0,1.0,0.0,5.0,4.0,0.0,0.0,1.0,11.0,7.0,1.0,0.0,0.0,0.0,0.0,5.0,0.0,0.0,1.0,0.0,2.0,0.0,1.0,2.0,0.0,0.0,0.0,1.0,1.0,0.0,2.0,0.0,1.0,2.0,2.0,0.0,0.0,0.0,0.0,3.0,0.0,0.0,0.0,3.0,0.0,3.0,4.0,2.0,0.0,2.0,0.0,2.0,0.0,0.0,0.0,0.0,5.0,2.0,0.0,2.0,1.0,0.0,0.0,2.0,1.0,1.0,0.0,2.0,1.0,0.0,0.0,0.0,0.0,1.0,0.0,2.0,0.0,1.0,0.0,0.0,0.0,0.0,3.0,0.0,1.0,0.0,0.0,1.0,0.0,3.0,2.0,5.0,2.0,0.0,6.0,0.0,1.0,1.0,7.0,1.0,1.0,0.0,0.0,1.0,0.0,0.0,0.0,0.0,0.0,0.0,1.0,0.0,2.0,7.0,1.0,0.0,0.0,0.0,4.0,0.0,6.0,3.0,0.0,1.0,0.0,0.0,0.0,0.0,0.0,1.0,4.0,5.0,0.0,6.0,1.0,7.0,2.0,1.0,0.0,1.0,2.0,0.0,4.0,1.0,0.0,7.0,0.0,0.0,5.0,2.0,1.0,3.0,0.0,2.0,5.0,0.0,2.0,2.0,5.0,4.0,1.0,0.0,1.0,0.0,0.0,1.0,6.0,1.0,8.0,3.0,6.0,2.0,0.0,0.0,3.0,0.0,0.0,1.0,0.0,2.0,1.0,3.0,3.0,0.0,3.0,2.0,0.0,0.0,1.0,0.0,1.0,4.0,1.0,0.0,5.0,3.0,0.0,7.0,4.0,0.0,0.0,0.0,0.0,1.0,0.0,0.0,5.0,1.0,2.0,0.0,1.0,0.0,1.0,3.0,0.0,0.0,0.0,1.0,3.0,2.0,3.0,0.0,0.0,0.0,0.0,1.0,1.0,0.0,0.0,1.0,0.0,0.0,0.0,0.0,0.0,4.0,2.0,0.0,0.0,0.0,0.0,0.0,0.0,1.0,1.0,0.0,2.0,0.0,0.0,3.0,0.0,0.0,0.0,0.0,1.0,0.0,2.0,0.0,1.0,0.0,2.0,0.0,0.0,0.0,0.0,0.0,1.0,2.0,0.0,0.0,0.0
0.0,3.0,6.0,10.0,4.0,0.0,1.0,0.0,1.0,0.0,1.0,3.0,2.0,4.0,0.0,3.0,23.0,4.0,1.0,0.0,0.0,1.0,1.0,0.0,0.0,0.0,0.0,2.0,2.0,2.0,0.0,0.0,8.0,0.0,3.0,1.0,11.0,0.0,9.0,2.0,2.0,2.0,1.0,0.0,0.0,0.0,3.0,1.0,18.0,0.0,0.0,0.0,1.0,3.0,0.0,3.0,3.0,0.0,0.0,0.0,0.0,1.0,1.0,2.0,3.0,4.0,6.0,0.0,1.0,0.0,11.0,14.0,1.0,0.0,0.0,0.0,0.0,0.0,0.0,0.0,0.0,0.0,1.0,1.0,0.0,3.0,0.0,2.0,1.0,1.0,0.0,2.0,1.0,0.0,1.0,1.0,1.0,0.0,0.0,1.0,2.0,4.0,0.0,0.0,0.0,0.0,0.0,4.0,4.0,3.0,0.0,2.0,1.0,3.0,0.0,0.0,5.0,1.0,4.0,5.0,0.0,6.0,0.0,1.0,1.0,3.0,0.0,4.0,0.0,3.0,2.0,0.0,0.0,3.0,1.0,2.0,0.0,7.0,0.0,3.0,3.0,0.0,3.0,0.0,2.0,1.0,1.0,1.0,1.0,1.0,0.0,7.0,1.0,6.0,2.0,3.0,4.0,1.0,0.0,0.0,8.0,1.0,0.0,0.0,1.0,2.0,1.0,0.0,0.0,1.0,1.0,4.0,1.0,0.0,4.0,4.0,1.0,0.0,0.0,0.0,4.0,1.0,7.0,2.0,3.0,1.0,0.0,2.0,0.0,0.0,3.0,2.0,10.0,7.0,0.0,5.0,1.0,9.0,5.0,2.0,1.0,3.0,1.0,1.0,3.0,2.0,0.0,10.0,0.0,2.0,6.0,3.0,0.0,1.0,1.0,1.0,5.0,0.0,4.0,2.0,6.0,1.0,5.0,0.0,3.0,1.0,0.0,1.0,3.0,1.0,9.0,5.0,4.0,2.0,1.0,2.0,2.0,1.0,0.0,1.0,0.0,3.0,7.0,7.0,3.0,0.0,3.0,2.0,0.0,0.0,4.0,3.0,1.0,2.0,2.0,0.0,2.0,2.0,0.0,9.0,5.0,0.0,0.0,0.0,0.0,1.0,1.0,1.0,1.0,1.0,1.0,1.0,0.0,0.0,1.0,3.0,2.0,0.0,0.0,1.0,3.0,3.0,4.0,1.0,0.0,0.0,0.0,0.0,0.0,0.0,0.0,1.0,1.0,0.0,1.0,0.0,1.0,5.0,1.0,0.0,0.0,0.0,0.0,0.0,0.0,0.0,1.0,0.0,1.0,1.0,0.0,3.0,1.0,0.0,0.0,0.0,0.0,0.0,1.0,0.0,1.0,0.0,3.0,0.0,0.0,0.0,0.0,0.0,0.0,5.0,0.0,0.0,0.0
0.0,0.0,4.0,4.0,1.0,0.0,0.0,0.0,0.0,0.0,0.0,0.0,1.0,1.0,0.0,2.0,9.0,0.0,2.0,0.0,0.0,0.0,1.0,0.0,0.0,0.0,0.0,0.0,2.0,0.0,1.0,0.0,8.0,1.0,0.0,0.0,3.0,0.0,2.0,0.0,0.0,0.0,0.0,1.0,1.0,0.0,2.0,2.0,2.0,0.0,2.0,1.0,0.0,2.0,0.0,0.0,1.0,1.0,0.0,1.0,0.0,0.0,1.0,0.0,0.0,0.0,6.0,1.0,0.0,0.0,2.0,3.0,0.0,0.0,0.0,1.0,0.0,0.0,0.0,1.0,0.0,0.0,0.0,0.0,0.0,2.0,0.0,0.0,0.0,0.0,1.0,0.0,1.0,0.0,0.0,0.0,0.0,0.0,0.0,0.0,0.0,2.0,1.0,0.0,0.0,0.0,0.0,1.0,4.0,0.0,0.0,1.0,0.0,0.0,0.0,0.0,0.0,3.0,1.0,0.0,0.0,1.0,1.0,0.0,0.0,1.0,0.0,0.0,0.0,1.0,0.0,0.0,1.0,0.0,0.0,0.0,0.0,0.0,0.0,2.0,0.0,0.0,0.0,0.0,0.0,0.0,0.0,1.0,0.0,0.0,0.0,4.0,0.0,0.0,2.0,1.0,3.0,0.0,0.0,0.0,2.0,0.0,0.0,3.0,0.0,0.0,0.0,0.0,0.0,0.0,0.0,3.0,0.0,0.0,2.0,2.0,0.0,2.0,0.0,0.0,0.0,1.0,2.0,1.0,1.0,0.0,0.0,2.0,0.0,0.0,0.0,0.0,2.0,3.0,0.0,2.0,0.0,3.0,1.0,1.0,0.0,0.0,0.0,0.0,2.0,1.0,2.0,1.0,0.0,2.0,1.0,2.0,0.0,0.0,0.0,0.0,4.0,2.0,3.0,0.0,1.0,0.0,0.0,1.0,0.0,0.0,0.0,0.0,2.0,1.0,4.0,1.0,2.0,1.0,0.0,0.0,0.0,0.0,0.0,0.0,0.0,0.0,0.0,1.0,2.0,2.0,0.0,1.0,0.0,0.0,0.0,0.0,0.0,2.0,1.0,0.0,0.0,5.0,0.0,1.0,2.0,1.0,0.0,0.0,0.0,0.0,1.0,0.0,0.0,0.0,0.0,1.0,0.0,0.0,0.0,0.0,0.0,0.0,0.0,0.0,0.0,0.0,0.0,1.0,0.0,0.0,0.0,0.0,1.0,0.0,0.0,0.0,0.0,0.0,0.0,0.0,0.0,2.0,0.0,0.0,0.0,0.0,2.0,0.0,0.0,0.0,0.0,0.0,0.0,0.0,1.0,1.0,0.0,0.0,0.0,0.0,0.0,0.0,0.0,0.0,0.0,1.0,0.0,0.0,0.0,0.0,0.0,0.0,0.0,1.0,1.0,1.0,0.0
2.0,16.0,40.0,54.0,7.0,2.0,14.0,1.0,1.0,2.0,0.0,15.0,9.0,21.0,1.0,21.0,131.0,15.0,8.0,0.0,2.0,9.0,0.0,2.0,4.0,3.0,3.0,0.0,11.0,12.0,3.0,0.0,29.0,3.0,17.0,4.0,54.0,3.0,40.0,11.0,10.0,10.0,1.0,0.0,23.0,3.0,24.0,3.0,66.0,6.0,0.0,0.0,3.0,25.0,0.0,12.0,13.0,1.0,4.0,0.0,3.0,4.0,3.0,1.0,16.0,15.0,53.0,3.0,12.0,1.0,46.0,42.0,0.0,1.0,4.0,9.0,2.0,5.0,0.0,3.0,0.0,3.0,10.0,3.0,0.0,13.0,0.0,2.0,0.0,1.0,3.0,3.0,5.0,1.0,9.0,12.0,5.0,2.0,0.0,3.0,3.0,48.0,0.0,0.0,1.0,22.0,0.0,15.0,24.0,19.0,4.0,12.0,4.0,7.0,2.0,2.0,6.0,13.0,47.0,16.0,6.0,23.0,15.0,13.0,2.0,2.0,0.0,9.0,3.0,22.0,17.0,0.0,1.0,2.0,1.0,3.0,0.0,24.0,0.0,23.0,7.0,2.0,3.0,4.0,6.0,0.0,4.0,3.0,3.0,2.0,1.0,26.0,6.0,22.0,16.0,11.0,20.0,0.0,0.0,1.0,38.0,18.0,5.0,16.0,1.0,9.0,10.0,2.0,1.0,3.0,3.0,25.0,4.0,5.0,16.0,35.0,3.0,2.0,5.0,4.0,16.0,3.0,27.0,17.0,6.0,10.0,3.0,5.0,8.0,0.0,3.0,16.0,32.0,36.0,5.0,11.0,1.0,48.0,15.0,7.0,8.0,6.0,2.0,4.0,21.0,1.0,27.0,27.0,7.0,8.0,18.0,13.0,1.0,4.0,10.0,2.0,45.0,0.0,14.0,1.0,55.0,1.0,3.0,0.0,68.0,2.0,0.0,1.0,16.0,9.0,38.0,16.0,26.0,7.0,8.0,6.0,11.0,2.0,1.0,7.0,5.0,7.0,14.0,29.0,6.0,1.0,37.0,7.0,3.0,0.0,3.0,4.0,2.0,17.0,33.0,1.0,20.0,30.0,2.0,22.0,27.0,8.0,2.0,7.0,8.0,7.0,6.0,6.0,4.0,3.0,1.0,5.0,2.0,0.0,9.0,33.0,7.0,1.0,0.0,1.0,12.0,3.0,16.0,4.0,1.0,0.0,6.0,0.0,0.0,3.0,0.0,2.0,3.0,2.0,9.0,3.0,0.0,9.0,5.0,3.0,2.0,2.0,4.0,3.0,0.0,0.0,4.0,1.0,5.0,0.0,0.0,3.0,1.0,6.0,5.0,3.0,0.0,5.0,2.0,5.0,1.0,2.0,7.0,3.0,2.0,0.0,3.0,1.0,3.0,32.0,0.0,0.0,0.0
0.0,3.0,6.0,4.0,1.0,1.0,0.0,1.0,0.0,1.0,0.0,3.0,1.0,5.0,0.0,9.0,15.0,0.0,0.0,0.0,0.0,2.0,1.0,2.0,0.0,2.0,0.0,2.0,0.0,1.0,0.0,0.0,5.0,1.0,3.0,0.0,7.0,0.0,4.0,1.0,1.0,0.0,0.0,0.0,0.0,0.0,1.0,1.0,9.0,0.0,0.0,0.0,0.0,1.0,0.0,1.0,2.0,1.0,0.0,0.0,0.0,1.0,0.0,1.0,0.0,1.0,1.0,0.0,4.0,0.0,9.0,6.0,0.0,1.0,1.0,1.0,0.0,1.0,0.0,0.0,0.0,0.0,1.0,1.0,0.0,2.0,0.0,1.0,1.0,0.0,0.0,1.0,0.0,1.0,1.0,1.0,0.0,0.0,0.0,1.0,1.0,6.0,0.0,0.0,1.0,1.0,0.0,3.0,0.0,4.0,2.0,3.0,0.0,0.0,0.0,0.0,2.0,1.0,3.0,4.0,0.0,3.0,1.0,0.0,0.0,1.0,0.0,1.0,0.0,4.0,7.0,0.0,0.0,1.0,1.0,1.0,0.0,3.0,0.0,1.0,1.0,1.0,0.0,0.0,1.0,2.0,1.0,1.0,0.0,0.0,0.0,5.0,1.0,1.0,3.0,1.0,1.0,1.0,0.0,0.0,5.0,0.0,1.0,1.0,0.0,2.0,3.0,1.0,0.0,1.0,1.0,5.0,0.0,0.0,2.0,0.0,2.0,1.0,3.0,1.0,1.0,1.0,4.0,4.0,1.0,0.0,0.0,2.0,0.0,0.0,2.0,2.0,6.0,11.0,0.0,0.0,0.0,2.0,3.0,0.0,0.0,1.0,0.0,0.0,0.0,0.0,5.0,7.0,0.0,1.0,4.0,2.0,1.0,1.0,3.0,0.0,4.0,0.0,2.0,0.0,6.0,0.0,1.0,0.0,2.0,4.0,0.0,0.0,2.0,0.0,3.0,3.0,2.0,0.0,1.0,2.0,1.0,0.0,1.0,0.0,1.0,4.0,4.0,2.0,2.0,0.0,6.0,2.0,0.0,0.0,0.0,4.0,0.0,2.0,3.0,0.0,2.0,0.0,0.0,1.0,1.0,2.0,0.0,1.0,1.0,0.0,2.0,0.0,1.0,0.0,0.0,1.0,0.0,0.0,0.0,5.0,1.0,1.0,0.0,0.0,1.0,0.0,3.0,1.0,1.0,0.0,0.0,0.0,0.0,1.0,0.0,0.0,1.0,0.0,1.0,0.0,0.0,1.0,0.0,0.0,0.0,0.0,0.0,0.0,1.0,0.0,0.0,0.0,2.0,1.0,0.0,0.0,0.0,0.0,1.0,0.0,0.0,3.0,0.0,3.0,0.0,0.0,4.0,0.0,2.0,0.0,0.0,0.0,0.0,8.0,0.0,0.0,0.0
0.0,1.0,1.0,1.0,0.0,0.0,0.0,0.0,0.0,0.0,0.0,3.0,0.0,1.0,0.0,3.0,1.0,1.0,0.0,0.0,0.0,0.0,0.0,0.0,0.0,0.0,1.0,1.0,0.0,0.0,0.0,0.0,1.0,0.0,0.0,0.0,2.0,0.0,1.0,0.0,2.0,0.0,0.0,0.0,1.0,0.0,0.0,0.0,1.0,0.0,0.0,0.0,0.0,0.0,0.0,1.0,1.0,1.0,0.0,0.0,0.0,0.0,0.0,0.0,0.0,0.0,2.0,0.0,0.0,0.0,2.0,2.0,1.0,0.0,0.0,0.0,0.0,0.0,0.0,0.0,0.0,0.0,0.0,0.0,0.0,0.0,1.0,0.0,0.0,0.0,0.0,0.0,1.0,0.0,1.0,0.0,1.0,0.0,0.0,0.0,0.0,0.0,0.0,0.0,0.0,1.0,0.0,1.0,0.0,2.0,0.0,3.0,0.0,1.0,0.0,0.0,0.0,1.0,0.0,1.0,0.0,0.0,0.0,1.0,0.0,0.0,0.0,0.0,0.0,0.0,1.0,0.0,0.0,0.0,1.0,0.0,1.0,1.0,0.0,2.0,0.0,0.0,0.0,1.0,1.0,0.0,0.0,0.0,0.0,0.0,1.0,0.0,0.0,1.0,1.0,0.0,0.0,0.0,0.0,0.0,0.0,0.0,0.0,0.0,0.0,0.0,0.0,0.0,0.0,0.0,0.0,1.0,0.0,0.0,0.0,3.0,0.0,0.0,1.0,0.0,2.0,1.0,2.0,0.0,1.0,1.0,0.0,0.0,0.0,1.0,1.0,1.0,0.0,1.0,0.0,0.0,0.0,0.0,1.0,1.0,0.0,0.0,1.0,0.0,0.0,0.0,0.0,0.0,1.0,0.0,2.0,0.0,0.0,0.0,0.0,0.0,2.0,0.0,0.0,0.0,0.0,0.0,0.0,0.0,0.0,0.0,1.0,0.0,0.0,1.0,0.0,0.0,0.0,0.0,1.0,1.0,0.0,0.0,0.0,0.0,0.0,0.0,0.0,0.0,0.0,0.0,0.0,1.0,1.0,0.0,1.0,0.0,0.0,3.0,0.0,0.0,2.0,2.0,0.0,2.0,3.0,2.0,0.0,2.0,1.0,0.0,1.0,0.0,1.0,0.0,0.0,0.0,0.0,1.0,1.0,0.0,0.0,0.0,0.0,0.0,0.0,0.0,1.0,0.0,0.0,0.0,0.0,0.0,0.0,0.0,0.0,1.0,0.0,0.0,1.0,0.0,0.0,0.0,0.0,0.0,0.0,0.0,0.0,0.0,0.0,0.0,0.0,0.0,0.0,0.0,0.0,0.0,0.0,0.0,0.0,0.0,0.0,1.0,0.0,0.0,0.0,0.0,0.0,0.0,0.0,1.0,0.0,0.0,0.0,0.0,0.0,0.0,0.0
1.0,1.0,3.0,4.0,1.0,0.0,3.0,0.0,0.0,0.0,0.0,0.0,1.0,0.0,0.0,0.0,11.0,0.0,2.0,0.0,0.0,0.0,0.0,0.0,0.0,0.0,0.0,0.0,1.0,1.0,0.0,0.0,1.0,0.0,0.0,1.0,6.0,0.0,6.0,0.0,2.0,2.0,1.0,0.0,0.0,0.0,2.0,2.0,10.0,0.0,0.0,0.0,0.0,2.0,0.0,0.0,2.0,0.0,0.0,1.0,0.0,0.0,0.0,1.0,0.0,1.0,1.0,0.0,0.0,0.0,4.0,3.0,0.0,0.0,0.0,0.0,0.0,0.0,0.0,0.0,0.0,0.0,1.0,0.0,0.0,1.0,0.0,1.0,0.0,1.0,0.0,0.0,1.0,0.0,1.0,3.0,0.0,0.0,0.0,0.0,0.0,2.0,0.0,0.0,0.0,1.0,0.0,4.0,5.0,1.0,0.0,1.0,0.0,1.0,0.0,0.0,0.0,0.0,2.0,2.0,0.0,2.0,0.0,0.0,0.0,4.0,0.0,1.0,0.0,1.0,0.0,0.0,0.0,0.0,0.0,1.0,0.0,2.0,0.0,0.0,0.0,0.0,1.0,0.0,1.0,0.0,1.0,0.0,1.0,1.0,0.0,4.0,0.0,3.0,1.0,1.0,2.0,0.0,0.0,0.0,4.0,0.0,0.0,0.0,0.0,1.0,0.0,0.0,0.0,0.0,0.0,0.0,1.0,0.0,1.0,1.0,0.0,0.0,0.0,0.0,3.0,0.0,3.0,1.0,0.0,1.0,0.0,0.0,1.0,0.0,0.0,1.0,4.0,4.0,0.0,4.0,1.0,6.0,2.0,3.0,0.0,1.0,1.0,1.0,3.0,1.0,0.0,2.0,0.0,0.0,3.0,2.0,0.0,1.0,0.0,1.0,2.0,0.0,2.0,1.0,2.0,1.0,1.0,0.0,1.0,0.0,0.0,2.0,2.0,0.0,6.0,1.0,3.0,2.0,0.0,0.0,1.0,1.0,0.0,1.0,1.0,2.0,1.0,2.0,1.0,0.0,1.0,1.0,0.0,0.0,1.0,0.0,1.0,1.0,2.0,0.0,1.0,0.0,0.0,5.0,3.0,0.0,2.0,0.0,0.0,1.0,0.0,0.0,1.0,0.0,1.0,1.0,0.0,0.0,0.0,0.0,0.0,0.0,1.0,1.0,2.0,1.0,5.0,0.0,0.0,0.0,0.0,0.0,0.0,0.0,0.0,1.0,1.0,0.0,2.0,0.0,0.0,1.0,1.0,0.0,0.0,0.0,0.0,0.0,0.0,0.0,1.0,0.0,0.0,0.0,0.0,3.0,0.0,0.0,1.0,0.0,0.0,0.0,1.0,0.0,1.0,0.0,2.0,0.0,0.0,0.0,0.0,0.0,0.0,1.0,0.0,0.0,0.0
0.0,8.0,38.0,42.0,5.0,1.0,6.0,1.0,1.0,2.0,0.0,7.0,5.0,13.0,0.0,15.0,96.0,4.0,9.0,0.0,0.0,3.0,3.0,1.0,2.0,2.0,1.0,4.0,9.0,6.0,3.0,1.0,41.0,3.0,11.0,3.0,42.0,1.0,38.0,3.0,6.0,8.0,2.0,2.0,12.0,1.0,19.0,8.0,57.0,2.0,4.0,5.0,1.0,11.0,1.0,6.0,5.0,2.0,2.0,2.0,0.0,1.0,6.0,3.0,2.0,13.0,33.0,4.0,6.0,0.0,52.0,37.0,3.0,0.0,1.0,4.0,1.0,8.0,0.0,3.0,0.0,1.0,12.0,1.0,0.0,16.0,1.0,1.0,1.0,2.0,3.0,1.0,4.0,1.0,5.0,7.0,1.0,0.0,0.0,2.0,1.0,23.0,2.0,0.0,1.0,6.0,1.0,13.0,29.0,9.0,4.0,9.0,0.0,3.0,1.0,0.0,3.0,12.0,22.0,11.0,0.0,10.0,7.0,5.0,0.0,7.0,0.0,3.0,1.0,18.0,10.0,1.0,3.0,1.0,1.0,3.0,0.0,10.0,0.0,11.0,5.0,1.0,0.0,2.0,4.0,1.0,3.0,3.0,1.0,2.0,1.0,26.0,3.0,18.0,18.0,5.0,21.0,1.0,0.0,5.0,29.0,9.0,3.0,12.0,0.0,6.0,4.0,1.0,1.0,1.0,1.0,19.0,3.0,2.0,16.0,21.0,3.0,5.0,3.0,2.0,9.0,5.0,33.0,18.0,4.0,8.0,0.0,6.0,2.0,0.0,2.0,9.0,22.0,38.0,2.0,17.0,2.0,36.0,10.0,7.0,0.0,5.0,1.0,1.0,17.0,4.0,12.0,25.0,4.0,9.0,18.0,16.0,2.0,4.0,3.0,2.0,34.0,4.0,15.0,5.0,26.0,6.0,3.0,2.0,16.0,2.0,0.0,2.0,32.0,6.0,35.0,12.0,20.0,7.0,4.0,4.0,12.0,1.0,1.0,7.0,0.0,8.0,8.0,20.0,13.0,5.0,17.0,9.0,0.0,1.0,3.0,3.0,0.0,14.0,12.0,0.0,17.0,20.0,1.0,21.0,20.0,5.0,1.0,4.0,5.0,4.0,4.0,2.0,5.0,0.0,2.0,4.0,1.0,0.0,3.0,16.0,0.0,0.0,0.0,2.0,12.0,4.0,11.0,4.0,0.0,1.0,0.0,0.0,2.0,1.0,0.0,1.0,1.0,1.0,4.0,0.0,0.0,9.0,4.0,1.0,1.0,0.0,4.0,1.0,0.0,4.0,3.0,0.0,7.0,1.0,2.0,9.0,0.0,4.0,0.0,1.0,1.0,3.0,7.0,2.0,2.0,3.0,8.0,1.0,1.0,0.0,1.0,0.0,2.0,22.0,2.0,2.0,0.0
0.0,4.0,12.0,15.0,3.0,0.0,3.0,0.0,0.0,0.0,0.0,6.0,5.0,5.0,0.0,5.0,41.0,5.0,3.0,0.0,0.0,1.0,1.0,0.0,1.0,0.0,3.0,2.0,4.0,3.0,2.0,0.0,21.0,1.0,3.0,1.0,14.0,1.0,12.0,2.0,2.0,2.0,0.0,1.0,3.0,0.0,6.0,3.0,15.0,0.0,2.0,1.0,4.0,6.0,0.0,3.0,5.0,2.0,0.0,1.0,0.0,1.0,1.0,0.0,2.0,5.0,18.0,2.0,2.0,1.0,14.0,14.0,2.0,0.0,0.0,2.0,0.0,6.0,0.0,2.0,0.0,0.0,1.0,1.0,0.0,7.0,1.0,1.0,0.0,0.0,1.0,0.0,4.0,0.0,3.0,3.0,2.0,0.0,0.0,1.0,1.0,13.0,1.0,0.0,0.0,4.0,0.0,2.0,7.0,7.0,1.0,7.0,1.0,6.0,0.0,0.0,2.0,8.0,11.0,6.0,0.0,9.0,3.0,4.0,1.0,1.0,0.0,3.0,1.0,3.0,1.0,0.0,1.0,0.0,1.0,0.0,1.0,5.0,0.0,8.0,3.0,0.0,1.0,2.0,3.0,0.0,0.0,1.0,1.0,1.0,1.0,12.0,3.0,7.0,6.0,5.0,8.0,0.0,0.0,0.0,14.0,3.0,1.0,7.0,1.0,2.0,2.0,0.0,0.0,0.0,0.0,8.0,1.0,0.0,6.0,12.0,1.0,2.0,1.0,1.0,3.0,3.0,13.0,4.0,3.0,3.0,0.0,3.0,1.0,1.0,1.0,4.0,9.0,12.0,1.0,3.0,0.0,14.0,5.0,3.0,1.0,1.0,3.0,1.0,6.0,1.0,5.0,8.0,2.0,3.0,8.0,4.0,1.0,0.0,0.0,1.0,15.0,2.0,8.0,0.0,15.0,1.0,1.0,1.0,9.0,0.0,1.0,0.0,6.0,10.0,10.0,6.0,7.0,4.0,3.0,2.0,3.0,0.0,0.0,0.0,1.0,1.0,4.0,7.0,3.0,2.0,10.0,5.0,1.0,0.0,1.0,1.0,1.0,7.0,9.0,0.0,7.0,12.0,0.0,8.0,9.0,4.0,0.0,3.0,1.0,2.0,5.0,1.0,1.0,2.0,0.0,4.0,0.0,1.0,2.0,10.0,2.0,0.0,0.0,0.0,1.0,1.0,7.0,2.0,0.0,0.0,0.0,0.0,1.0,1.0,0.0,3.0,1.0,0.0,2.0,0.0,0.0,6.0,3.0,0.0,0.0,0.0,2.0,1.0,0.0,0.0,1.0,0.0,4.0,0.0,1.0,1.0,1.0,0.0,1.0,1.0,1.0,1.0,0.0,0.0,0.0,1.0,1.0,1.0,0.0,1.0,1.0,1.0,0.0,3.0,1.0,1.0,0.0
5.0,23.0,60.0,80.0,10.0,2.0,20.0,3.0,1.0,3.0,1.0,18.0,10.0,23.0,2.0,30.0,205.0,14.0,20.0,1.0,4.0,3.0,7.0,2.0,4.0,3.0,3.0,5.0,22.0,16.0,7.0,1.0,68.0,8.0,22.0,4.0,84.0,3.0,69.0,6.0,16.0,21.0,5.0,4.0,23.0,2.0,42.0,20.0,97.0,3.0,8.0,5.0,6.0,34.0,0.0,25.0,24.0,6.0,2.0,7.0,1.0,1.0,11.0,6.0,8.0,26.0,83.0,7.0,8.0,2.0,88.0,80.0,5.0,1.0,2.0,7.0,1.0,10.0,0.0,4.0,1.0,1.0,16.0,1.0,1.0,25.0,2.0,2.0,1.0,5.0,9.0,4.0,9.0,1.0,6.0,22.0,5.0,2.0,1.0,1.0,4.0,48.0,4.0,2.0,1.0,15.0,2.0,28.0,44.0,22.0,4.0,16.0,2.0,3.0,1.0,2.0,7.0,27.0,51.0,20.0,7.0,27.0,13.0,5.0,0.0,18.0,1.0,7.0,3.0,28.0,20.0,2.0,6.0,4.0,1.0,8.0,0.0,32.0,1.0,29.0,7.0,2.0,10.0,2.0,9.0,1.0,8.0,10.0,4.0,6.0,1.0,43.0,5.0,40.0,33.0,10.0,44.0,1.0,1.0,3.0,62.0,14.0,3.0,26.0,4.0,9.0,9.0,4.0,1.0,6.0,2.0,33.0,10.0,2.0,29.0,48.0,3.0,10.0,7.0,1.0,23.0,8.0,46.0,28.0,15.0,14.0,3.0,13.0,4.0,0.0,4.0,17.0,47.0,60.0,3.0,39.0,5.0,75.0,26.0,16.0,2.0,16.0,3.0,2.0,50.0,12.0,24.0,46.0,3.0,23.0,42.0,35.0,3.0,12.0,7.0,7.0,79.0,8.0,32.0,10.0,53.0,8.0,9.0,4.0,38.0,3.0,0.0,6.0,35.0,10.0,102.0,29.0,54.0,20.0,3.0,5.0,18.0,5.0,1.0,9.0,7.0,14.0,23.0,39.0,24.0,9.0,33.0,13.0,1.0,0.0,19.0,12.0,2.0,26.0,33.0,1.0,25.0,48.0,0.0,44.0,39.0,13.0,3.0,3.0,7.0,11.0,13.0,2.0,16.0,2.0,8.0,12.0,4.0,0.0,6.0,28.0,3.0,1.0,1.0,5.0,19.0,14.0,25.0,8.0,1.0,0.0,2.0,1.0,5.0,0.0,1.0,2.0,2.0,1.0,5.0,1.0,3.0,27.0,10.0,3.0,4.0,2.0,10.0,3.0,1.0,3.0,8.0,2.0,5.0,3.0,4.0,21.0,4.0,2.0,7.0,3.0,1.0,7.0,8.0,5.0,5.0,6.0,13.0,0.0,3.0,0.0,0.0,1.0,4.0,38.0,4.0,4.0,1.0
1.0,11.0,26.0,36.0,7.0,1.0,4.0,2.0,1.0,1.0,1.0,11.0,9.0,17.0,0.0,13.0,85.0,6.0,6.0,2.0,0.0,4.0,2.0,2.0,2.0,2.0,0.0,5.0,9.0,5.0,2.0,2.0,36.0,3.0,11.0,2.0,35.0,1.0,27.0,7.0,3.0,5.0,1.0,1.0,4.0,0.0,13.0,9.0,54.0,0.0,2.0,1.0,3.0,9.0,0.0,11.0,10.0,4.0,0.0,5.0,0.0,3.0,3.0,2.0,5.0,12.0,33.0,4.0,7.0,3.0,44.0,46.0,1.0,1.0,1.0,2.0,0.0,7.0,1.0,2.0,2.0,1.0,5.0,3.0,2.0,11.0,1.0,3.0,1.0,1.0,5.0,2.0,5.0,1.0,3.0,5.0,7.0,0.0,0.0,3.0,4.0,19.0,1.0,2.0,1.0,8.0,1.0,8.0,14.0,8.0,3.0,11.0,2.0,6.0,0.0,0.0,8.0,11.0,19.0,10.0,2.0,16.0,7.0,5.0,2.0,4.0,2.0,9.0,1.0,15.0,8.0,1.0,1.0,2.0,1.0,2.0,0.0,16.0,1.0,14.0,8.0,1.0,5.0,2.0,8.0,1.0,2.0,3.0,2.0,2.0,0.0,22.0,4.0,16.0,11.0,9.0,17.0,1.0,2.0,2.0,24.0,7.0,5.0,11.0,2.0,5.0,6.0,1.0,0.0,3.0,1.0,15.0,4.0,0.0,16.0,23.0,2.0,4.0,3.0,2.0,11.0,4.0,24.0,11.0,8.0,7.0,1.0,8.0,3.0,0.0,2.0,8.0,21.0,31.0,1.0,15.0,2.0,28.0,16.0,4.0,2.0,5.0,4.0,2.0,12.0,3.0,10.0,34.0,3.0,8.0,18.0,12.0,4.0,8.0,3.0,5.0,31.0,2.0,12.0,2.0,25.0,3.0,5.0,1.0,16.0,3.0,0.0,1.0,12.0,6.0,29.0,26.0,18.0,5.0,5.0,5.0,8.0,1.0,1.0,4.0,2.0,6.0,14.0,22.0,13.0,3.0,15.0,10.0,0.0,0.0,5.0,8.0,4.0,16.0,13.0,1.0,15.0,21.0,0.0,16.0,21.0,4.0,0.0,2.0,2.0,3.0,6.0,3.0,14.0,5.0,4.0,8.0,2.0,0.0,2.0,15.0,5.0,1.0,0.0,1.0,7.0,4.0,9.0,4.0,1.0,0.0,0.0,2.0,3.0,1.0,0.0,2.0,3.0,0.0,3.0,0.0,1.0,16.0,3.0,1.0,0.0,0.0,3.0,1.0,1.0,1.0,2.0,0.0,5.0,1.0,1.0,6.0,2.0,2.0,2.0,1.0,0.0,3.0,3.0,3.0,1.0,2.0,6.0,1.0,2.0,0.0,1.0,1.0,3.0,19.0,1.0,1.0,0.0
4.0,14.0,37.0,44.0,4.0,2.0,13.0,0.0,1.0,2.0,0.0,13.0,9.0,13.0,2.0,17.0,125.0,6.0,8.0,2.0,4.0,0.0,3.0,2.0,2.0,2.0,2.0,3.0,11.0,12.0,4.0,2.0,37.0,5.0,12.0,3.0,43.0,2.0,35.0,3.0,7.0,11.0,2.0,2.0,14.0,2.0,21.0,13.0,49.0,1.0,4.0,3.0,3.0,19.0,0.0,14.0,12.0,5.0,0.0,7.0,1.0,0.0,5.0,3.0,3.0,16.0,42.0,4.0,6.0,3.0,45.0,46.0,2.0,1.0,0.0,3.0,0.0,11.0,0.0,3.0,2.0,0.0,8.0,0.0,2.0,13.0,1.0,2.0,1.0,2.0,7.0,1.0,8.0,0.0,4.0,16.0,5.0,2.0,0.0,0.0,1.0,34.0,2.0,0.0,0.0,13.0,1.0,13.0,26.0,13.0,0.0,11.0,2.0,3.0,0.0,2.0,3.0,15.0,34.0,12.0,5.0,17.0,8.0,4.0,0.0,9.0,2.0,2.0,2.0,18.0,13.0,0.0,3.0,3.0,0.0,5.0,0.0,19.0,0.0,16.0,3.0,2.0,4.0,2.0,9.0,1.0,4.0,5.0,3.0,3.0,1.0,22.0,6.0,24.0,18.0,7.0,26.0,1.0,2.0,1.0,34.0,6.0,3.0,15.0,2.0,7.0,5.0,3.0,1.0,3.0,2.0,18.0,5.0,1.0,17.0,29.0,3.0,4.0,5.0,1.0,10.0,5.0,23.0,12.0,5.0,7.0,2.0,5.0,2.0,0.0,3.0,10.0,26.0,32.0,2.0,19.0,2.0,40.0,17.0,7.0,2.0,8.0,4.0,1.0,31.0,5.0,20.0,28.0,3.0,11.0,22.0,15.0,3.0,6.0,4.0,5.0,49.0,4.0,16.0,4.0,34.0,6.0,4.0,2.0,26.0,2.0,0.0,3.0,20.0,7.0,54.0,18.0,39.0,9.0,2.0,5.0,11.0,2.0,1.0,5.0,6.0,6.0,13.0,19.0,14.0,4.0,24.0,10.0,0.0,0.0,8.0,6.0,3.0,18.0,21.0,0.0,17.0,26.0,0.0,21.0,19.0,9.0,2.0,2.0,3.0,6.0,7.0,1.0,12.0,3.0,4.0,7.0,5.0,0.0,5.0,17.0,3.0,1.0,1.0,2.0,10.0,5.0,21.0,4.0,1.0,0.0,0.0,2.0,4.0,1.0,0.0,2.0,1.0,0.0,2.0,0.0,1.0,17.0,6.0,3.0,2.0,2.0,5.0,2.0,0.0,2.0,4.0,2.0,3.0,1.0,2.0,9.0,2.0,2.0,6.0,2.0,1.0,5.0,3.0,3.0,2.0,3.0,6.0,1.0,2.0,0.0,1.0,1.0,3.0,23.0,2.0,2.0,0.0
0.0,4.0,14.0,13.0,1.0,0.0,4.0,1.0,0.0,0.0,0.0,2.0,2.0,3.0,0.0,2.0,42.0,2.0,6.0,0.0,0.0,0.0,3.0,0.0,1.0,0.0,1.0,1.0,5.0,4.0,2.0,0.0,15.0,2.0,3.0,1.0,20.0,1.0,17.0,0.0,2.0,6.0,2.0,1.0,3.0,1.0,8.0,6.0,19.0,0.0,2.0,1.0,2.0,6.0,0.0,3.0,5.0,1.0,0.0,1.0,0.0,0.0,1.0,2.0,0.0,6.0,14.0,1.0,1.0,1.0,18.0,15.0,1.0,0.0,0.0,1.0,0.0,2.0,0.0,1.0,0.0,0.0,3.0,0.0,0.0,5.0,0.0,0.0,0.0,2.0,1.0,0.0,2.0,0.0,2.0,4.0,0.0,0.0,1.0,0.0,0.0,8.0,1.0,1.0,0.0,1.0,0.0,7.0,11.0,5.0,0.0,3.0,0.0,1.0,0.0,0.0,0.0,7.0,7.0,7.0,0.0,9.0,3.0,1.0,0.0,6.0,0.0,2.0,1.0,4.0,0.0,0.0,1.0,0.0,0.0,2.0,0.0,4.0,0.0,6.0,1.0,0.0,0.0,0.0,1.0,0.0,2.0,1.0,0.0,3.0,0.0,10.0,1.0,8.0,6.0,3.0,11.0,0.0,0.0,1.0,15.0,1.0,0.0,7.0,1.0,2.0,0.0,0.0,0.0,0.0,0.0,4.0,3.0,0.0,6.0,11.0,0.0,2.0,0.0,0.0,7.0,2.0,8.0,6.0,1.0,3.0,0.0,3.0,1.0,0.0,0.0,2.0,10.0,15.0,1.0,11.0,2.0,19.0,4.0,4.0,0.0,3.0,0.0,0.0,9.0,3.0,3.0,8.0,1.0,5.0,10.0,8.0,0.0,2.0,0.0,3.0,15.0,2.0,8.0,3.0,10.0,2.0,2.0,1.0,7.0,0.0,0.0,2.0,7.0,4.0,20.0,5.0,9.0,11.0,0.0,0.0,3.0,0.0,0.0,2.0,1.0,4.0,6.0,9.0,4.0,2.0,4.0,4.0,0.0,0.0,3.0,1.0,0.0,6.0,7.0,0.0,6.0,8.0,0.0,14.0,9.0,2.0,0.0,0.0,0.0,4.0,3.0,0.0,2.0,1.0,2.0,4.0,0.0,0.0,0.0,4.0,0.0,0.0,0.0,2.0,4.0,3.0,4.0,1.0,0.0,0.0,0.0,0.0,1.0,0.0,0.0,0.0,0.0,0.0,0.0,0.0,0.0,5.0,4.0,0.0,0.0,0.0,2.0,1.0,0.0,0.0,3.0,0.0,0.0,2.0,1.0,7.0,1.0,0.0,1.0,1.0,0.0,0.0,3.0,0.0,2.0,1.0,4.0,0.0,0.0,0.0,0.0,1.0,0.0,6.0,1.0,1.0,1.0
0.0,4.0,10.0,11.0,3.0,0.0,0.0,1.0,0.0,0.0,0.0,8.0,3.0,6.0,0.0,5.0,20.0,3.0,0.0,0.0,0.0,4.0,0.0,0.0,0.0,1.0,1.0,2.0,2.0,1.0,0.0,0.0,9.0,0.0,3.0,1.0,13.0,0.0,8.0,3.0,4.0,0.0,0.0,0.0,4.0,0.0,2.0,0.0,20.0,1.0,0.0,0.0,1.0,3.0,0.0,2.0,4.0,1.0,0.0,0.0,0.0,2.0,0.0,0.0,3.0,3.0,10.0,2.0,3.0,0.0,15.0,11.0,1.0,0.0,1.0,1.0,0.0,0.0,0.0,1.0,0.0,1.0,1.0,2.0,0.0,3.0,2.0,1.0,0.0,0.0,0.0,1.0,2.0,1.0,3.0,0.0,3.0,0.0,0.0,2.0,2.0,7.0,0.0,0.0,1.0,3.0,1.0,4.0,6.0,4.0,2.0,8.0,1.0,4.0,0.0,0.0,3.0,2.0,5.0,5.0,0.0,5.0,1.0,4.0,1.0,0.0,0.0,4.0,0.0,5.0,2.0,0.0,0.0,0.0,2.0,0.0,1.0,4.0,0.0,6.0,3.0,0.0,1.0,3.0,4.0,0.0,1.0,1.0,1.0,0.0,1.0,7.0,1.0,8.0,2.0,3.0,2.0,0.0,0.0,0.0,6.0,1.0,1.0,1.0,0.0,2.0,4.0,0.0,0.0,0.0,0.0,5.0,0.0,2.0,2.0,9.0,1.0,1.0,2.0,2.0,4.0,1.0,13.0,5.0,3.0,5.0,0.0,3.0,1.0,1.0,2.0,6.0,7.0,9.0,1.0,1.0,0.0,8.0,4.0,1.0,1.0,0.0,2.0,1.0,1.0,0.0,5.0,8.0,3.0,0.0,4.0,4.0,0.0,1.0,0.0,0.0,8.0,0.0,3.0,0.0,9.0,0.0,1.0,0.0,8.0,1.0,1.0,0.0,4.0,3.0,3.0,5.0,2.0,0.0,6.0,2.0,1.0,0.0,0.0,3.0,0.0,3.0,2.0,4.0,1.0,0.0,6.0,3.0,1.0,0.0,2.0,1.0,1.0,7.0,3.0,0.0,6.0,7.0,1.0,8.0,7.0,2.0,0.0,5.0,4.0,0.0,3.0,1.0,3.0,1.0,0.0,1.0,0.0,1.0,1.0,6.0,2.0,0.0,0.0,0.0,1.0,1.0,3.0,2.0,0.0,0.0,0.0,0.0,0.0,1.0,0.0,2.0,2.0,0.0,4.0,0.0,0.0,2.0,0.0,0.0,0.0,0.0,0.0,0.0,0.0,1.0,0.0,0.0,3.0,0.0,0.0,1.0,0.0,2.0,0.0,0.0,0.0,2.0,0.0,2.0,0.0,0.0,3.0,1.0,0.0,1.0,1.0,0.0,0.0,5.0,0.0,0.0,0.0
0.0,6.0,11.0,8.0,2.0,3.0,0.0,0.0,1.0,3.0,0.0,6.0,4.0,3.0,0.0,11.0,29.0,2.0,0.0,0.0,0.0,1.0,1.0,2.0,0.0,3.0,1.0,3.0,1.0,1.0,0.0,0.0,10.0,3.0,4.0,0.0,12.0,0.0,7.0,3.0,2.0,2.0,0.0,0.0,1.0,0.0,1.0,0.0,15.0,0.0,0.0,0.0,1.0,3.0,0.0,2.0,2.0,2.0,0.0,0.0,0.0,1.0,0.0,1.0,2.0,2.0,7.0,0.0,4.0,0.0,11.0,11.0,1.0,1.0,0.0,0.0,0.0,1.0,0.0,0.0,0.0,0.0,3.0,1.0,0.0,4.0,1.0,2.0,1.0,0.0,1.0,0.0,2.0,0.0,1.0,3.0,2.0,0.0,0.0,1.0,1.0,6.0,0.0,0.0,0.0,4.0,0.0,2.0,5.0,5.0,0.0,8.0,1.0,4.0,0.0,0.0,5.0,3.0,7.0,5.0,0.0,6.0,1.0,2.0,1.0,1.0,0.0,3.0,0.0,7.0,10.0,0.0,0.0,1.0,1.0,1.0,1.0,6.0,0.0,5.0,3.0,3.0,1.0,1.0,2.0,1.0,0.0,0.0,0.0,0.0,3.0,8.0,1.0,3.0,8.0,1.0,3.0,1.0,0.0,0.0,5.0,1.0,0.0,2.0,0.0,2.0,4.0,1.0,2.0,3.0,1.0,5.0,0.0,0.0,6.0,6.0,2.0,0.0,5.0,0.0,4.0,2.0,7.0,0.0,2.0,1.0,0.0,1.0,0.0,1.0,2.0,1.0,7.0,11.0,0.0,1.0,0.0,5.0,3.0,3.0,1.0,3.0,2.0,1.0,1.0,0.0,4.0,7.0,3.0,2.0,8.0,2.0,1.0,0.0,2.0,0.0,11.0,0.0,6.0,0.0,8.0,0.0,2.0,0.0,6.0,2.0,1.0,0.0,4.0,2.0,5.0,5.0,5.0,0.0,2.0,9.0,1.0,0.0,1.0,2.0,1.0,1.0,5.0,5.0,2.0,0.0,6.0,6.0,1.0,0.0,1.0,3.0,1.0,6.0,3.0,0.0,6.0,2.0,0.0,5.0,4.0,8.0,0.0,2.0,3.0,0.0,5.0,2.0,1.0,1.0,0.0,1.0,2.0,1.0,1.0,5.0,3.0,1.0,0.0,0.0,1.0,0.0,7.0,0.0,1.0,0.0,0.0,0.0,0.0,0.0,0.0,2.0,1.0,0.0,2.0,0.0,0.0,3.0,0.0,1.0,0.0,0.0,0.0,0.0,0.0,0.0,0.0,0.0,2.0,1.0,0.0,0.0,0.0,2.0,1.0,0.0,0.0,5.0,0.0,1.0,0.0,2.0,1.0,0.0,2.0,1.0,0.0,0.0,0.0,10.0,0.0,0.0,0.0
1.0,6.0,17.0,26.0,0.0,0.0,5.0,1.0,0.0,0.0,1.0,5.0,1.0,6.0,1.0,8.0,48.0,1.0,3.0,0.0,0.0,0.0,1.0,0.0,1.0,0.0,1.0,4.0,4.0,5.0,1.0,0.0,19.0,0.0,5.0,1.0,17.0,1.0,21.0,0.0,3.0,5.0,1.0,0.0,9.0,1.0,11.0,2.0,28.0,1.0,0.0,1.0,0.0,5.0,0.0,4.0,3.0,0.0,0.0,0.0,0.0,0.0,3.0,2.0,1.0,6.0,14.0,2.0,2.0,0.0,27.0,25.0,1.0,0.0,0.0,1.0,0.0,5.0,0.0,1.0,0.0,1.0,4.0,0.0,0.0,6.0,0.0,1.0,1.0,1.0,1.0,0.0,2.0,0.0,3.0,5.0,0.0,1.0,0.0,0.0,0.0,9.0,0.0,1.0,0.0,2.0,0.0,6.0,7.0,7.0,1.0,1.0,1.0,2.0,0.0,1.0,2.0,5.0,13.0,6.0,3.0,3.0,1.0,2.0,0.0,3.0,0.0,2.0,1.0,7.0,4.0,1.0,1.0,3.0,0.0,3.0,0.0,10.0,1.0,6.0,4.0,0.0,1.0,1.0,3.0,1.0,3.0,1.0,1.0,1.0,0.0,9.0,3.0,9.0,7.0,3.0,9.0,1.0,0.0,3.0,15.0,4.0,3.0,6.0,0.0,4.0,0.0,0.0,0.0,1.0,1.0,9.0,3.0,0.0,9.0,10.0,2.0,1.0,0.0,1.0,4.0,3.0,15.0,7.0,3.0,5.0,2.0,0.0,3.0,0.0,2.0,7.0,12.0,19.0,1.0,9.0,1.0,16.0,10.0,2.0,0.0,2.0,1.0,0.0,10.0,1.0,4.0,16.0,1.0,5.0,12.0,4.0,1.0,3.0,3.0,1.0,12.0,0.0,4.0,3.0,11.0,3.0,2.0,0.0,11.0,1.0,0.0,1.0,12.0,3.0,18.0,8.0,11.0,3.0,1.0,1.0,13.0,0.0,0.0,1.0,1.0,4.0,9.0,14.0,8.0,1.0,7.0,3.0,0.0,0.0,2.0,2.0,0.0,4.0,4.0,1.0,8.0,8.0,0.0,10.0,10.0,0.0,0.0,2.0,1.0,3.0,0.0,0.0,2.0,0.0,3.0,3.0,0.0,0.0,1.0,5.0,1.0,0.0,0.0,1.0,11.0,3.0,8.0,1.0,0.0,0.0,0.0,0.0,0.0,1.0,0.0,1.0,0.0,0.0,0.0,0.0,0.0,4.0,3.0,1.0,1.0,1.0,1.0,1.0,1.0,1.0,2.0,0.0,2.0,1.0,0.0,3.0,0.0,0.0,1.0,1.0,1.0,0.0,4.0,1.0,1.0,1.0,4.0,1.0,0.0,0.0,1.0,0.0,1.0,11.0,0.0,0.0,0.0
1.0,0.0,0.0,6.0,3.0,0.0,3.0,0.0,0.0,0.0,0.0,0.0,1.0,2.0,0.0,2.0,6.0,4.0,3.0,0.0,0.0,0.0,0.0,0.0,1.0,0.0,0.0,0.0,0.0,0.0,0.0,0.0,1.0,0.0,2.0,2.0,2.0,0.0,0.0,1.0,2.0,0.0,0.0,0.0,1.0,0.0,4.0,1.0,9.0,0.0,0.0,0.0,0.0,4.0,0.0,2.0,3.0,0.0,2.0,1.0,0.0,0.0,1.0,0.0,1.0,3.0,5.0,0.0,0.0,0.0,7.0,4.0,1.0,0.0,0.0,0.0,1.0,0.0,0.0,0.0,0.0,0.0,2.0,0.0,0.0,2.0,0.0,1.0,0.0,0.0,0.0,1.0,1.0,0.0,1.0,2.0,0.0,0.0,0.0,0.0,1.0,5.0,0.0,0.0,0.0,3.0,0.0,1.0,2.0,0.0,1.0,1.0,0.0,1.0,1.0,0.0,1.0,1.0,3.0,0.0,0.0,1.0,0.0,2.0,0.0,2.0,0.0,0.0,0.0,0.0,2.0,0.0,0.0,0.0,0.0,0.0,0.0,2.0,0.0,2.0,0.0,0.0,3.0,0.0,1.0,0.0,0.0,1.0,2.0,0.0,0.0,3.0,0.0,2.0,1.0,2.0,3.0,0.0,0.0,0.0,3.0,2.0,1.0,0.0,1.0,0.0,0.0,0.0,0.0,1.0,0.0,3.0,0.0,0.0,0.0,1.0,0.0,0.0,0.0,0.0,0.0,0.0,2.0,1.0,2.0,0.0,0.0,1.0,2.0,0.0,0.0,2.0,2.0,0.0,0.0,1.0,0.0,7.0,4.0,4.0,0.0,2.0,1.0,2.0,2.0,1.0,1.0,3.0,0.0,1.0,1.0,2.0,0.0,1.0,1.0,0.0,5.0,0.0,1.0,1.0,7.0,0.0,1.0,0.0,2.0,0.0,0.0,1.0,1.0,0.0,5.0,1.0,2.0,0.0,0.0,0.0,0.0,3.0,0.0,0.0,1.0,0.0,0.0,2.0,1.0,0.0,3.0,1.0,0.0,0.0,3.0,2.0,1.0,1.0,5.0,0.0,2.0,3.0,0.0,0.0,5.0,1.0,3.0,0.0,0.0,0.0,0.0,0.0,1.0,0.0,0.0,1.0,0.0,0.0,1.0,3.0,0.0,0.0,1.0,0.0,0.0,2.0,4.0,1.0,0.0,0.0,0.0,0.0,0.0,0.0,0.0,1.0,1.0,1.0,4.0,0.0,1.0,2.0,0.0,0.0,0.0,0.0,0.0,0.0,0.0,0.0,0.0,0.0,0.0,0.0,0.0,0.0,1.0,0.0,1.0,0.0,0.0,0.0,0.0,0.0,0.0,0.0,0.0,0.0,0.0,0.0,0.0,0.0,1.0,1.0,0.0,0.0,0.0
0.0,0.0,1.0,1.0,0.0,0.0,0.0,0.0,1.0,0.0,0.0,0.0,1.0,1.0,0.0,1.0,4.0,0.0,0.0,0.0,0.0,0.0,0.0,0.0,0.0,0.0,0.0,0.0,0.0,0.0,0.0,0.0,1.0,0.0,0.0,0.0,1.0,0.0,0.0,1.0,0.0,0.0,0.0,0.0,0.0,0.0,1.0,1.0,5.0,0.0,0.0,0.0,0.0,0.0,0.0,0.0,0.0,0.0,0.0,0.0,0.0,0.0,0.0,0.0,0.0,0.0,1.0,0.0,1.0,0.0,3.0,1.0,0.0,0.0,0.0,1.0,0.0,0.0,0.0,0.0,0.0,0.0,0.0,0.0,0.0,1.0,0.0,0.0,0.0,0.0,1.0,0.0,0.0,0.0,1.0,0.0,0.0,0.0,0.0,0.0,0.0,3.0,0.0,0.0,0.0,0.0,0.0,0.0,2.0,1.0,0.0,0.0,0.0,0.0,0.0,0.0,0.0,1.0,2.0,0.0,0.0,3.0,1.0,0.0,0.0,0.0,0.0,0.0,0.0,1.0,1.0,0.0,0.0,0.0,0.0,0.0,0.0,0.0,0.0,1.0,0.0,0.0,0.0,0.0,0.0,1.0,0.0,0.0,0.0,0.0,0.0,2.0,0.0,0.0,1.0,1.0,1.0,0.0,0.0,0.0,2.0,0.0,1.0,0.0,0.0,2.0,0.0,0.0,0.0,0.0,0.0,1.0,0.0,0.0,1.0,0.0,0.0,0.0,0.0,0.0,1.0,0.0,1.0,1.0,0.0,0.0,0.0,0.0,0.0,0.0,0.0,1.0,2.0,2.0,0.0,1.0,0.0,1.0,0.0,0.0,0.0,0.0,0.0,0.0,1.0,0.0,2.0,2.0,2.0,1.0,0.0,1.0,0.0,0.0,1.0,0.0,1.0,0.0,0.0,0.0,1.0,0.0,0.0,0.0,1.0,1.0,0.0,0.0,1.0,0.0,1.0,1.0,1.0,0.0,0.0,1.0,0.0,0.0,2.0,2.0,0.0,1.0,0.0,1.0,0.0,0.0,3.0,1.0,0.0,0.0,0.0,0.0,0.0,0.0,2.0,0.0,0.0,0.0,0.0,0.0,0.0,0.0,0.0,0.0,0.0,0.0,0.0,1.0,0.0,0.0,0.0,0.0,0.0,0.0,0.0,3.0,0.0,0.0,0.0,0.0,0.0,0.0,0.0,0.0,0.0,0.0,0.0,0.0,0.0,1.0,0.0,0.0,0.0,0.0,0.0,0.0,0.0,0.0,0.0,1.0,0.0,0.0,0.0,0.0,1.0,0.0,0.0,0.0,1.0,0.0,0.0,0.0,0.0,2.0,0.0,0.0,0.0,0.0,0.0,0.0,0.0,0.0,1.0,0.0,0.0,0.0,0.0,0.0,0.0,2.0,0.0,0.0,0.0
0.0,2.0,12.0,7.0,0.0,0.0,1.0,0.0,2.0,0.0,0.0,3.0,2.0,0.0,0.0,0.0,23.0,2.0,1.0,0.0,0.0,2.0,0.0,0.0,0.0,0.0,0.0,1.0,2.0,1.0,0.0,0.0,4.0,0.0,3.0,0.0,14.0,0.0,11.0,2.0,3.0,2.0,1.0,0.0,3.0,0.0,3.0,1.0,20.0,2.0,0.0,0.0,0.0,2.0,0.0,1.0,0.0,0.0,0.0,0.0,0.0,0.0,0.0,1.0,2.0,3.0,9.0,1.0,6.0,0.0,14.0,9.0,0.0,0.0,0.0,0.0,0.0,0.0,0.0,0.0,0.0,2.0,2.0,0.0,0.0,5.0,1.0,0.0,0.0,1.0,2.0,0.0,0.0,0.0,1.0,1.0,1.0,0.0,0.0,0.0,0.0,6.0,0.0,0.0,0.0,2.0,1.0,5.0,14.0,1.0,0.0,1.0,0.0,0.0,0.0,0.0,0.0,2.0,5.0,2.0,0.0,7.0,2.0,2.0,0.0,2.0,0.0,1.0,0.0,8.0,0.0,0.0,0.0,0.0,0.0,1.0,0.0,1.0,0.0,5.0,2.0,0.0,0.0,1.0,1.0,0.0,1.0,0.0,0.0,1.0,0.0,6.0,0.0,9.0,3.0,0.0,4.0,0.0,0.0,0.0,5.0,0.0,0.0,0.0,0.0,3.0,1.0,0.0,0.0,0.0,0.0,4.0,1.0,4.0,3.0,7.0,2.0,0.0,0.0,0.0,5.0,0.0,9.0,3.0,0.0,5.0,0.0,0.0,0.0,0.0,0.0,2.0,6.0,8.0,2.0,6.0,1.0,11.0,2.0,1.0,0.0,1.0,0.0,0.0,5.0,1.0,6.0,5.0,8.0,2.0,3.0,9.0,0.0,1.0,0.0,1.0,9.0,0.0,2.0,1.0,8.0,1.0,1.0,0.0,7.0,0.0,0.0,1.0,7.0,0.0,9.0,4.0,5.0,2.0,3.0,2.0,1.0,0.0,2.0,10.0,0.0,2.0,2.0,5.0,1.0,0.0,6.0,2.0,0.0,0.0,2.0,0.0,0.0,4.0,4.0,0.0,4.0,4.0,2.0,8.0,3.0,0.0,0.0,2.0,3.0,1.0,0.0,2.0,2.0,0.0,1.0,0.0,0.0,0.0,0.0,6.0,0.0,0.0,0.0,1.0,2.0,3.0,1.0,0.0,0.0,0.0,0.0,0.0,0.0,0.0,0.0,0.0,0.0,0.0,2.0,0.0,0.0,1.0,1.0,2.0,0.0,0.0,0.0,0.0,0.0,1.0,1.0,0.0,2.0,0.0,0.0,4.0,0.0,8.0,0.0,0.0,0.0,0.0,1.0,0.0,1.0,0.0,2.0,0.0,0.0,0.0,0.0,0.0,0.0,8.0,0.0,0.0,0.0
2.0,1.0,7.0,5.0,1.0,1.0,2.0,0.0,0.0,1.0,0.0,0.0,1.0,0.0,0.0,5.0,23.0,1.0,2.0,0.0,0.0,0.0,0.0,2.0,2.0,1.0,0.0,0.0,0.0,0.0,0.0,0.0,3.0,1.0,1.0,1.0,4.0,0.0,5.0,0.0,2.0,0.0,0.0,0.0,3.0,1.0,3.0,3.0,5.0,0.0,0.0,0.0,0.0,3.0,0.0,2.0,5.0,1.0,0.0,1.0,0.0,0.0,0.0,0.0,0.0,2.0,4.0,0.0,3.0,1.0,3.0,0.0,0.0,1.0,0.0,0.0,0.0,2.0,0.0,0.0,0.0,0.0,1.0,0.0,0.0,1.0,0.0,1.0,0.0,0.0,0.0,0.0,2.0,0.0,0.0,4.0,0.0,1.0,0.0,0.0,0.0,5.0,0.0,0.0,0.0,2.0,0.0,2.0,3.0,4.0,0.0,2.0,1.0,1.0,0.0,1.0,0.0,1.0,5.0,2.0,1.0,3.0,2.0,1.0,0.0,2.0,0.0,0.0,0.0,3.0,5.0,0.0,0.0,1.0,0.0,1.0,0.0,2.0,0.0,2.0,0.0,1.0,2.0,0.0,2.0,0.0,1.0,1.0,1.0,1.0,0.0,2.0,0.0,1.0,4.0,2.0,4.0,0.0,0.0,0.0,2.0,0.0,0.0,3.0,1.0,1.0,1.0,1.0,0.0,1.0,0.0,2.0,1.0,1.0,3.0,2.0,1.0,0.0,2.0,0.0,0.0,0.0,1.0,1.0,0.0,0.0,1.0,0.0,1.0,0.0,1.0,2.0,4.0,6.0,0.0,0.0,0.0,3.0,5.0,2.0,0.0,1.0,1.0,1.0,5.0,0.0,6.0,1.0,1.0,2.0,5.0,2.0,1.0,0.0,2.0,1.0,9.0,0.0,1.0,0.0,6.0,0.0,0.0,0.0,5.0,1.0,0.0,1.0,0.0,1.0,7.0,2.0,6.0,1.0,0.0,1.0,1.0,1.0,0.0,0.0,5.0,0.0,3.0,0.0,1.0,0.0,3.0,2.0,0.0,0.0,1.0,3.0,1.0,2.0,5.0,0.0,3.0,2.0,0.0,3.0,2.0,3.0,2.0,0.0,0.0,0.0,1.0,0.0,0.0,1.0,0.0,3.0,0.0,0.0,0.0,1.0,2.0,1.0,1.0,0.0,1.0,0.0,5.0,0.0,1.0,0.0,0.0,0.0,0.0,0.0,0.0,1.0,1.0,0.0,2.0,0.0,0.0,2.0,1.0,1.0,1.0,1.0,0.0,0.0,0.0,0.0,0.0,0.0,0.0,0.0,0.0,0.0,1.0,0.0,5.0,0.0,0.0,2.0,0.0,2.0,0.0,0.0,0.0,0.0,2.0,0.0,0.0,1.0,1.0,5.0,0.0,0.0,0.0
0.0,5.0,15.0,13.0,2.0,0.0,2.0,2.0,0.0,1.0,0.0,5.0,1.0,10.0,0.0,10.0,36.0,0.0,3.0,0.0,0.0,4.0,1.0,0.0,0.0,2.0,0.0,2.0,2.0,4.0,0.0,0.0,12.0,0.0,3.0,1.0,23.0,0.0,20.0,2.0,5.0,4.0,2.0,0.0,1.0,0.0,5.0,3.0,31.0,0.0,0.0,0.0,0.0,2.0,0.0,2.0,4.0,0.0,0.0,0.0,0.0,2.0,0.0,3.0,0.0,3.0,5.0,1.0,3.0,0.0,27.0,14.0,0.0,0.0,2.0,3.0,0.0,0.0,0.0,1.0,0.0,0.0,2.0,2.0,0.0,6.0,0.0,1.0,1.0,2.0,0.0,2.0,0.0,2.0,5.0,2.0,0.0,0.0,0.0,2.0,2.0,9.0,0.0,0.0,2.0,2.0,0.0,12.0,7.0,6.0,4.0,4.0,0.0,0.0,0.0,0.0,3.0,2.0,8.0,11.0,0.0,6.0,2.0,1.0,0.0,5.0,0.0,4.0,0.0,5.0,5.0,1.0,0.0,1.0,2.0,3.0,0.0,8.0,0.0,2.0,1.0,0.0,0.0,1.0,2.0,2.0,4.0,2.0,1.0,2.0,0.0,12.0,2.0,6.0,5.0,3.0,5.0,1.0,0.0,0.0,15.0,0.0,2.0,2.0,0.0,6.0,4.0,1.0,0.0,0.0,1.0,8.0,2.0,0.0,4.0,3.0,1.0,2.0,3.0,3.0,9.0,1.0,16.0,10.0,2.0,3.0,0.0,4.0,1.0,0.0,3.0,8.0,15.0,23.0,0.0,10.0,2.0,16.0,5.0,2.0,0.0,2.0,0.0,0.0,4.0,2.0,5.0,15.0,0.0,2.0,11.0,7.0,0.0,5.0,2.0,2.0,9.0,0.0,7.0,2.0,11.0,2.0,3.0,0.0,7.0,4.0,0.0,2.0,8.0,1.0,14.0,6.0,6.0,4.0,3.0,1.0,4.0,0.0,1.0,2.0,0.0,12.0,5.0,7.0,4.0,0.0,8.0,3.0,0.0,0.0,2.0,4.0,0.0,6.0,3.0,0.0,4.0,3.0,0.0,13.0,6.0,1.0,0.0,3.0,2.0,2.0,2.0,0.0,4.0,0.0,3.0,2.0,0.0,0.0,0.0,7.0,0.0,0.0,0.0,2.0,6.0,2.0,5.0,3.0,0.0,0.0,0.0,0.0,0.0,2.0,1.0,0.0,2.0,0.0,2.0,0.0,0.0,2.0,2.0,0.0,0.0,0.0,0.0,0.0,1.0,0.0,2.0,0.0,4.0,1.0,0.0,6.0,0.0,0.0,0.0,0.0,0.0,3.0,2.0,4.0,2.0,0.0,11.0,1.0,1.0,0.0,1.0,0.0,0.0,8.0,0.0,0.0,0.0
0.0,13.0,17.0,29.0,4.0,1.0,7.0,2.0,2.0,1.0,3.0,12.0,2.0,12.0,1.0,13.0,63.0,3.0,3.0,0.0,0.0,1.0,5.0,2.0,2.0,1.0,0.0,9.0,7.0,8.0,2.0,0.0,24.0,1.0,8.0,0.0,26.0,2.0,24.0,2.0,1.0,6.0,1.0,0.0,4.0,0.0,12.0,4.0,38.0,0.0,0.0,0.0,1.0,8.0,0.0,13.0,8.0,1.0,0.0,0.0,0.0,2.0,1.0,4.0,2.0,4.0,24.0,2.0,6.0,1.0,29.0,47.0,0.0,1.0,0.0,0.0,0.0,5.0,1.0,0.0,0.0,1.0,5.0,1.0,0.0,6.0,1.0,4.0,3.0,1.0,1.0,2.0,1.0,0.0,1.0,9.0,2.0,0.0,1.0,1.0,1.0,11.0,0.0,3.0,0.0,2.0,1.0,6.0,6.0,11.0,0.0,5.0,1.0,3.0,0.0,0.0,8.0,10.0,14.0,13.0,2.0,14.0,3.0,2.0,1.0,6.0,0.0,5.0,2.0,10.0,7.0,1.0,0.0,8.0,2.0,4.0,0.0,17.0,1.0,11.0,6.0,1.0,3.0,2.0,5.0,3.0,2.0,0.0,0.0,2.0,0.0,16.0,3.0,17.0,11.0,6.0,8.0,3.0,0.0,2.0,20.0,3.0,1.0,7.0,1.0,5.0,3.0,1.0,0.0,2.0,3.0,13.0,3.0,1.0,13.0,21.0,4.0,1.0,2.0,0.0,6.0,5.0,14.0,6.0,3.0,6.0,1.0,2.0,2.0,0.0,7.0,4.0,23.0,25.0,2.0,8.0,2.0,20.0,17.0,5.0,1.0,4.0,1.0,1.0,10.0,1.0,4.0,23.0,2.0,6.0,14.0,5.0,1.0,3.0,4.0,3.0,19.0,0.0,4.0,3.0,26.0,1.0,7.0,0.0,14.0,4.0,0.0,1.0,8.0,4.0,23.0,14.0,13.0,6.0,2.0,5.0,9.0,0.0,0.0,2.0,3.0,5.0,29.0,22.0,7.0,1.0,10.0,6.0,0.0,0.0,3.0,6.0,1.0,8.0,12.0,1.0,9.0,13.0,0.0,14.0,15.0,3.0,0.0,0.0,1.0,5.0,2.0,1.0,4.0,2.0,3.0,9.0,0.0,0.0,2.0,7.0,3.0,1.0,0.0,1.0,7.0,3.0,13.0,0.0,1.0,0.0,0.0,0.0,0.0,0.0,0.0,1.0,1.0,0.0,1.0,0.0,0.0,7.0,4.0,0.0,1.0,0.0,1.0,2.0,1.0,1.0,3.0,0.0,1.0,5.0,0.0,5.0,1.0,0.0,3.0,2.0,0.0,2.0,3.0,1.0,1.0,1.0,5.0,0.0,2.0,0.0,0.0,1.0,1.0,19.0,0.0,0.0,1.0
0.0,15.0,26.0,61.0,7.0,0.0,13.0,1.0,1.0,0.0,0.0,10.0,5.0,19.0,1.0,16.0,104.0,8.0,9.0,0.0,0.0,4.0,5.0,0.0,2.0,0.0,0.0,8.0,13.0,11.0,4.0,0.0,45.0,1.0,16.0,2.0,45.0,3.0,41.0,6.0,5.0,10.0,2.0,1.0,12.0,0.0,24.0,6.0,77.0,2.0,2.0,2.0,2.0,16.0,0.0,14.0,10.0,1.0,2.0,1.0,0.0,2.0,3.0,4.0,9.0,11.0,46.0,3.0,4.0,0.0,53.0,68.0,2.0,0.0,2.0,6.0,1.0,5.0,1.0,2.0,0.0,2.0,10.0,2.0,0.0,13.0,1.0,4.0,2.0,2.0,4.0,1.0,3.0,0.0,5.0,10.0,5.0,0.0,1.0,2.0,3.0,19.0,1.0,2.0,0.0,6.0,1.0,12.0,18.0,13.0,2.0,7.0,2.0,6.0,1.0,0.0,7.0,17.0,26.0,11.0,0.0,16.0,7.0,6.0,2.0,8.0,0.0,10.0,3.0,14.0,8.0,0.0,1.0,2.0,0.0,4.0,0.0,24.0,0.0,19.0,9.0,0.0,4.0,2.0,4.0,2.0,3.0,2.0,2.0,2.0,0.0,31.0,3.0,21.0,15.0,9.0,20.0,2.0,0.0,5.0,35.0,14.0,3.0,15.0,1.0,7.0,5.0,0.0,0.0,3.0,2.0,21.0,5.0,0.0,18.0,28.0,2.0,4.0,0.0,1.0,16.0,7.0,29.0,16.0,9.0,11.0,2.0,6.0,6.0,0.0,2.0,10.0,32.0,34.0,3.0,19.0,3.0,38.0,15.0,8.0,2.0,7.0,2.0,3.0,16.0,4.0,6.0,41.0,3.0,12.0,17.0,11.0,1.0,3.0,6.0,3.0,29.0,2.0,12.0,6.0,32.0,3.0,7.0,1.0,29.0,2.0,0.0,2.0,20.0,7.0,39.0,22.0,19.0,9.0,4.0,5.0,14.0,2.0,1.0,5.0,0.0,7.0,22.0,42.0,14.0,4.0,15.0,8.0,2.0,0.0,7.0,5.0,2.0,8.0,15.0,2.0,14.0,26.0,0.0,21.0,26.0,2.0,1.0,1.0,3.0,8.0,3.0,5.0,5.0,2.0,3.0,8.0,0.0,0.0,1.0,14.0,4.0,0.0,0.0,2.0,15.0,5.0,15.0,3.0,0.0,0.0,4.0,0.0,1.0,1.0,0.0,2.0,2.0,1.0,4.0,2.0,1.0,14.0,5.0,1.0,0.0,0.0,4.0,3.0,0.0,2.0,5.0,0.0,3.0,4.0,1.0,9.0,1.0,2.0,0.0,3.0,0.0,0.0,7.0,0.0,2.0,3.0,7.0,1.0,0.0,0.0,1.0,0.0,2.0,24.0,1.0,1.0,1.0
1.0,5.0,22.0,29.0,3.0,1.0,2.0,0.0,0.0,1.0,0.0,5.0,4.0,10.0,1.0,13.0,57.0,3.0,7.0,1.0,0.0,0.0,3.0,2.0,1.0,1.0,0.0,4.0,6.0,3.0,2.0,1.0,31.0,4.0,8.0,2.0,23.0,0.0,24.0,1.0,2.0,3.0,1.0,2.0,5.0,0.0,12.0,8.0,32.0,0.0,4.0,3.0,1.0,6.0,0.0,6.0,5.0,4.0,0.0,4.0,0.0,0.0,4.0,2.0,1.0,10.0,26.0,3.0,4.0,1.0,34.0,30.0,2.0,1.0,0.0,3.0,0.0,5.0,0.0,3.0,1.0,1.0,4.0,0.0,1.0,10.0,0.0,1.0,1.0,1.0,4.0,1.0,3.0,0.0,3.0,3.0,2.0,0.0,0.0,0.0,1.0,9.0,2.0,0.0,0.0,5.0,0.0,7.0,13.0,5.0,1.0,4.0,0.0,0.0,0.0,0.0,2.0,11.0,10.0,6.0,0.0,5.0,4.0,2.0,0.0,5.0,1.0,2.0,0.0,11.0,8.0,0.0,2.0,1.0,0.0,2.0,0.0,9.0,0.0,9.0,4.0,1.0,2.0,1.0,3.0,1.0,2.0,3.0,2.0,1.0,0.0,15.0,3.0,9.0,9.0,6.0,16.0,1.0,1.0,3.0,12.0,5.0,3.0,9.0,1.0,4.0,1.0,1.0,0.0,3.0,1.0,14.0,3.0,0.0,14.0,17.0,2.0,5.0,2.0,1.0,5.0,4.0,17.0,10.0,6.0,4.0,1.0,5.0,3.0,0.0,1.0,7.0,12.0,28.0,0.0,15.0,1.0,21.0,11.0,4.0,0.0,4.0,1.0,0.0,9.0,4.0,9.0,24.0,1.0,8.0,13.0,10.0,3.0,3.0,3.0,2.0,23.0,4.0,12.0,4.0,11.0,3.0,3.0,2.0,6.0,2.0,0.0,1.0,13.0,3.0,24.0,13.0,14.0,4.0,1.0,2.0,8.0,1.0,0.0,1.0,1.0,4.0,7.0,14.0,16.0,5.0,3.0,5.0,0.0,0.0,4.0,6.0,1.0,11.0,5.0,1.0,9.0,21.0,0.0,9.0,16.0,4.0,0.0,1.0,0.0,1.0,4.0,0.0,6.0,1.0,3.0,4.0,1.0,0.0,1.0,3.0,1.0,1.0,0.0,1.0,9.0,3.0,5.0,4.0,1.0,0.0,0.0,1.0,3.0,1.0,0.0,0.0,0.0,0.0,0.0,0.0,1.0,13.0,1.0,0.0,0.0,0.0,5.0,0.0,0.0,1.0,1.0,0.0,0.0,1.0,2.0,5.0,1.0,0.0,1.0,0.0,0.0,2.0,4.0,1.0,1.0,3.0,4.0,1.0,2.0,0.0,1.0,0.0,2.0,15.0,2.0,2.0,0.0
0.0,1.0,11.0,12.0,3.0,0.0,0.0,0.0,0.0,1.0,0.0,0.0,2.0,3.0,0.0,6.0,21.0,0.0,5.0,0.0,0.0,0.0,2.0,1.0,0.0,0.0,0.0,0.0,5.0,0.0,2.0,1.0,19.0,2.0,0.0,2.0,9.0,0.0,6.0,0.0,1.0,0.0,0.0,2.0,2.0,1.0,5.0,5.0,11.0,0.0,4.0,2.0,0.0,4.0,1.0,1.0,3.0,2.0,0.0,2.0,0.0,0.0,2.0,0.0,0.0,1.0,17.0,2.0,0.0,0.0,7.0,9.0,0.0,0.0,0.0,3.0,0.0,1.0,0.0,2.0,0.0,1.0,1.0,0.0,0.0,5.0,0.0,0.0,0.0,0.0,3.0,0.0,3.0,0.0,0.0,1.0,0.0,0.0,0.0,1.0,0.0,6.0,2.0,0.0,0.0,0.0,0.0,2.0,10.0,0.0,0.0,4.0,0.0,1.0,0.0,0.0,0.0,8.0,5.0,0.0,0.0,2.0,3.0,0.0,0.0,2.0,0.0,1.0,0.0,4.0,1.0,1.0,2.0,0.0,0.0,0.0,0.0,0.0,0.0,4.0,0.0,0.0,0.0,0.0,1.0,0.0,0.0,2.0,0.0,0.0,0.0,9.0,0.0,0.0,6.0,4.0,7.0,0.0,0.0,2.0,6.0,1.0,0.0,7.0,0.0,0.0,0.0,1.0,0.0,1.0,0.0,11.0,1.0,0.0,5.0,7.0,0.0,5.0,1.0,0.0,0.0,2.0,7.0,4.0,4.0,1.0,1.0,4.0,2.0,0.0,0.0,0.0,5.0,12.0,0.0,6.0,0.0,7.0,5.0,3.0,0.0,1.0,0.0,0.0,4.0,2.0,5.0,4.0,0.0,4.0,4.0,4.0,1.0,0.0,0.0,0.0,10.0,4.0,6.0,0.0,3.0,0.0,0.0,2.0,1.0,0.0,0.0,0.0,5.0,2.0,9.0,3.0,4.0,2.0,0.0,0.0,1.0,0.0,0.0,0.0,0.0,0.0,1.0,4.0,5.0,6.0,1.0,3.0,0.0,1.0,0.0,0.0,0.0,5.0,2.0,1.0,2.0,14.0,0.0,2.0,8.0,2.0,0.0,0.0,0.0,0.0,2.0,1.0,0.0,0.0,0.0,2.0,0.0,0.0,0.0,1.0,0.0,0.0,0.0,0.0,1.0,0.0,1.0,2.0,0.0,1.0,0.0,0.0,2.0,0.0,0.0,0.0,0.0,0.0,0.0,0.0,0.0,5.0,0.0,0.0,0.0,0.0,5.0,0.0,0.0,0.0,0.0,0.0,1.0,0.0,2.0,2.0,0.0,0.0,0.0,0.0,0.0,1.0,2.0,0.0,0.0,3.0,0.0,0.0,1.0,0.0,0.0,0.0,0.0,4.0,2.0,2.0,0.0
2.0,20.0,30.0,52.0,11.0,1.0,17.0,4.0,2.0,2.0,1.0,23.0,12.0,22.0,4.0,25.0,109.0,15.0,6.0,1.0,8.0,10.0,1.0,3.0,2.0,4.0,5.0,3.0,6.0,11.0,1.0,2.0,28.0,2.0,15.0,4.0,46.0,1.0,23.0,13.0,9.0,3.0,0.0,0.0,12.0,3.0,19.0,5.0,68.0,3.0,0.0,0.0,11.0,20.0,1.0,8.0,15.0,2.0,4.0,3.0,2.0,6.0,2.0,1.0,10.0,15.0,38.0,1.0,13.0,1.0,40.0,39.0,1.0,1.0,4.0,4.0,2.0,13.0,0.0,0.0,1.0,1.0,7.0,5.0,1.0,15.0,0.0,4.0,1.0,0.0,7.0,3.0,9.0,3.0,3.0,16.0,5.0,1.0,0.0,6.0,5.0,79.0,0.0,1.0,3.0,21.0,0.0,13.0,21.0,16.0,9.0,22.0,3.0,13.0,2.0,1.0,9.0,13.0,49.0,10.0,9.0,30.0,16.0,11.0,2.0,3.0,1.0,9.0,1.0,22.0,18.0,2.0,1.0,3.0,3.0,2.0,0.0,24.0,1.0,17.0,8.0,1.0,4.0,1.0,13.0,2.0,4.0,4.0,1.0,0.0,0.0,32.0,7.0,18.0,17.0,6.0,16.0,1.0,1.0,1.0,53.0,13.0,5.0,7.0,0.0,4.0,15.0,6.0,0.0,1.0,3.0,29.0,4.0,2.0,10.0,20.0,5.0,3.0,10.0,3.0,12.0,2.0,30.0,15.0,6.0,2.0,1.0,9.0,4.0,0.0,5.0,7.0,32.0,34.0,2.0,8.0,0.0,39.0,18.0,7.0,6.0,3.0,6.0,5.0,21.0,0.0,26.0,23.0,6.0,6.0,21.0,12.0,4.0,9.0,7.0,1.0,50.0,0.0,11.0,0.0,60.0,3.0,3.0,0.0,37.0,6.0,0.0,1.0,17.0,10.0,33.0,15.0,24.0,4.0,6.0,6.0,7.0,3.0,3.0,6.0,3.0,8.0,10.0,15.0,3.0,1.0,71.0,14.0,1.0,1.0,1.0,6.0,4.0,16.0,51.0,0.0,22.0,13.0,1.0,16.0,25.0,8.0,4.0,5.0,6.0,2.0,12.0,6.0,10.0,3.0,2.0,4.0,5.0,0.0,11.0,60.0,6.0,1.0,1.0,0.0,4.0,4.0,24.0,3.0,1.0,1.0,2.0,1.0,1.0,1.0,0.0,5.0,6.0,2.0,12.0,1.0,0.0,12.0,3.0,3.0,1.0,1.0,2.0,1.0,2.0,0.0,1.0,4.0,18.0,1.0,0.0,0.0,0.0,6.0,3.0,1.0,2.0,10.0,1.0,8.0,0.0,0.0,8.0,0.0,3.0,0.0,0.0,0.0,3.0,30.0,0.0,0.0,0.0
1.0,5.0,21.0,22.0,6.0,1.0,3.0,2.0,1.0,2.0,0.0,10.0,8.0,11.0,0.0,13.0,54.0,5.0,5.0,1.0,0.0,3.0,4.0,1.0,2.0,2.0,2.0,4.0,3.0,1.0,1.0,2.0,27.0,3.0,6.0,4.0,20.0,0.0,13.0,4.0,5.0,1.0,0.0,1.0,4.0,2.0,7.0,9.0,35.0,0.0,2.0,1.0,1.0,10.0,1.0,6.0,11.0,3.0,0.0,4.0,0.0,2.0,1.0,1.0,2.0,6.0,17.0,1.0,4.0,2.0,25.0,21.0,1.0,0.0,1.0,2.0,0.0,6.0,0.0,1.0,1.0,0.0,2.0,2.0,1.0,8.0,1.0,3.0,1.0,0.0,3.0,1.0,8.0,1.0,1.0,5.0,4.0,0.0,1.0,3.0,2.0,20.0,1.0,1.0,1.0,7.0,0.0,7.0,13.0,6.0,2.0,16.0,1.0,9.0,0.0,0.0,5.0,9.0,14.0,6.0,0.0,12.0,8.0,4.0,1.0,5.0,1.0,4.0,0.0,10.0,6.0,1.0,1.0,1.0,2.0,1.0,1.0,10.0,0.0,11.0,5.0,1.0,2.0,1.0,9.0,1.0,1.0,2.0,1.0,1.0,2.0,17.0,3.0,7.0,9.0,6.0,10.0,1.0,1.0,3.0,17.0,3.0,2.0,9.0,1.0,2.0,4.0,1.0,1.0,1.0,1.0,12.0,1.0,0.0,8.0,15.0,2.0,3.0,4.0,1.0,8.0,4.0,17.0,7.0,4.0,1.0,0.0,6.0,2.0,1.0,3.0,2.0,14.0,21.0,0.0,8.0,0.0,15.0,14.0,5.0,1.0,2.0,5.0,2.0,6.0,1.0,6.0,15.0,4.0,8.0,13.0,5.0,2.0,3.0,1.0,2.0,21.0,2.0,7.0,1.0,22.0,2.0,2.0,1.0,7.0,2.0,1.0,1.0,9.0,5.0,13.0,10.0,10.0,4.0,3.0,6.0,3.0,1.0,1.0,2.0,2.0,3.0,6.0,8.0,5.0,3.0,14.0,15.0,1.0,1.0,2.0,4.0,3.0,14.0,9.0,0.0,14.0,10.0,0.0,9.0,18.0,6.0,2.0,3.0,3.0,0.0,5.0,3.0,6.0,3.0,1.0,5.0,2.0,1.0,2.0,12.0,2.0,0.0,1.0,0.0,2.0,2.0,12.0,2.0,0.0,1.0,0.0,1.0,2.0,0.0,0.0,4.0,3.0,0.0,5.0,0.0,0.0,7.0,2.0,1.0,0.0,0.0,2.0,0.0,0.0,0.0,0.0,0.0,7.0,3.0,1.0,1.0,1.0,2.0,2.0,0.0,1.0,4.0,3.0,2.0,0.0,2.0,3.0,0.0,1.0,1.0,0.0,1.0,2.0,14.0,1.0,1.0,1.0
0.0,1.0,1.0,4.0,0.0,0.0,1.0,0.0,0.0,0.0,0.0,3.0,0.0,2.0,0.0,4.0,6.0,2.0,0.0,0.0,0.0,1.0,0.0,0.0,0.0,0.0,1.0,1.0,0.0,0.0,0.0,0.0,2.0,0.0,2.0,0.0,3.0,0.0,3.0,0.0,3.0,0.0,0.0,0.0,3.0,0.0,1.0,0.0,3.0,1.0,0.0,0.0,0.0,1.0,0.0,1.0,2.0,1.0,0.0,0.0,0.0,0.0,0.0,0.0,2.0,0.0,4.0,0.0,0.0,0.0,2.0,3.0,1.0,0.0,1.0,2.0,0.0,0.0,0.0,0.0,0.0,0.0,0.0,0.0,0.0,0.0,1.0,0.0,0.0,0.0,0.0,0.0,1.0,0.0,1.0,0.0,2.0,0.0,0.0,0.0,0.0,1.0,0.0,0.0,0.0,2.0,0.0,2.0,0.0,3.0,0.0,3.0,0.0,1.0,0.0,0.0,0.0,1.0,0.0,1.0,0.0,0.0,2.0,1.0,0.0,0.0,0.0,0.0,0.0,0.0,2.0,0.0,0.0,0.0,1.0,0.0,1.0,3.0,0.0,4.0,0.0,0.0,0.0,1.0,1.0,0.0,0.0,0.0,0.0,0.0,1.0,1.0,0.0,1.0,1.0,0.0,0.0,0.0,0.0,0.0,0.0,2.0,0.0,1.0,0.0,0.0,1.0,0.0,0.0,0.0,0.0,1.0,0.0,0.0,0.0,4.0,0.0,0.0,1.0,0.0,4.0,1.0,2.0,1.0,1.0,1.0,0.0,0.0,0.0,1.0,1.0,1.0,1.0,2.0,0.0,1.0,0.0,0.0,1.0,1.0,0.0,0.0,1.0,0.0,0.0,0.0,0.0,1.0,1.0,1.0,2.0,0.0,0.0,0.0,1.0,0.0,2.0,0.0,0.0,0.0,1.0,0.0,0.0,0.0,3.0,0.0,1.0,0.0,0.0,1.0,1.0,0.0,0.0,0.0,1.0,1.0,0.0,0.0,0.0,0.0,0.0,0.0,0.0,2.0,0.0,0.0,1.0,1.0,2.0,0.0,1.0,0.0,0.0,3.0,1.0,0.0,2.0,3.0,0.0,2.0,4.0,2.0,0.0,2.0,2.0,0.0,1.0,1.0,1.0,0.0,0.0,0.0,0.0,1.0,1.0,1.0,0.0,0.0,0.0,0.0,1.0,0.0,1.0,0.0,0.0,0.0,2.0,0.0,0.0,0.0,0.0,1.0,0.0,0.0,1.0,1.0,0.0,0.0,0.0,0.0,0.0,0.0,0.0,0.0,0.0,0.0,0.0,0.0,0.0,0.0,0.0,0.0,0.0,0.0,0.0,0.0,0.0,1.0,0.0,0.0,0.0,0.0,0.0,0.0,0.0,1.0,0.0,0.0,0.0,1.0,0.0,0.0,0.0
0.0,0.0,2.0,1.0,1.0,0.0,0.0,0.0,0.0,1.0,0.0,0.0,0.0,0.0,0.0,1.0,2.0,0.0,0.0,0.0,0.0,0.0,0.0,1.0,0.0,0.0,0.0,0.0,0.0,0.0,0.0,1.0,1.0,0.0,0.0,2.0,2.0,0.0,1.0,0.0,1.0,0.0,0.0,0.0,0.0,1.0,0.0,1.0,3.0,0.0,0.0,0.0,0.0,0.0,1.0,1.0,0.0,0.0,0.0,0.0,0.0,0.0,0.0,0.0,0.0,1.0,0.0,0.0,0.0,0.0,0.0,0.0,0.0,0.0,0.0,1.0,0.0,1.0,0.0,0.0,0.0,0.0,1.0,0.0,0.0,0.0,0.0,0.0,0.0,0.0,0.0,0.0,1.0,0.0,0.0,1.0,0.0,0.0,0.0,1.0,0.0,2.0,0.0,0.0,0.0,0.0,0.0,0.0,2.0,0.0,0.0,2.0,0.0,1.0,0.0,0.0,0.0,0.0,1.0,0.0,0.0,0.0,1.0,0.0,0.0,0.0,0.0,0.0,0.0,1.0,1.0,1.0,0.0,0.0,0.0,0.0,0.0,0.0,0.0,0.0,0.0,0.0,0.0,0.0,1.0,0.0,0.0,0.0,0.0,0.0,0.0,0.0,0.0,0.0,1.0,1.0,0.0,0.0,0.0,1.0,1.0,1.0,0.0,0.0,0.0,0.0,0.0,1.0,0.0,0.0,0.0,2.0,0.0,0.0,0.0,0.0,0.0,0.0,1.0,0.0,0.0,0.0,2.0,1.0,0.0,0.0,0.0,0.0,0.0,0.0,0.0,0.0,0.0,4.0,0.0,2.0,0.0,0.0,1.0,0.0,0.0,1.0,0.0,0.0,0.0,0.0,1.0,0.0,0.0,0.0,1.0,0.0,1.0,0.0,0.0,0.0,1.0,0.0,0.0,0.0,1.0,0.0,0.0,0.0,0.0,0.0,0.0,0.0,1.0,0.0,0.0,0.0,0.0,0.0,0.0,0.0,0.0,0.0,0.0,0.0,0.0,0.0,0.0,0.0,0.0,1.0,1.0,1.0,0.0,1.0,0.0,0.0,0.0,1.0,0.0,0.0,2.0,0.0,0.0,0.0,2.0,0.0,0.0,0.0,0.0,0.0,0.0,1.0,0.0,0.0,0.0,0.0,0.0,0.0,0.0,1.0,0.0,0.0,0.0,0.0,0.0,0.0,1.0,0.0,0.0,1.0,0.0,0.0,0.0,0.0,0.0,0.0,0.0,0.0,0.0,0.0,0.0,0.0,0.0,0.0,0.0,0.0,0.0,0.0,0.0,0.0,0.0,0.0,1.0,0.0,0.0,0.0,0.0,0.0,0.0,0.0,0.0,1.0,1.0,0.0,0.0,0.0,0.0,0.0,1.0,0.0,0.0,0.0,0.0,1.0,0.0,0.0,0.0
1.0,3.0,7.0,16.0,3.0,0.0,1.0,1.0,0.0,0.0,0.0,6.0,0.0,5.0,0.0,5.0,28.0,10.0,1.0,0.0,0.0,0.0,2.0,0.0,0.0,0.0,1.0,2.0,2.0,1.0,0.0,0.0,8.0,0.0,8.0,3.0,11.0,0.0,9.0,0.0,7.0,2.0,1.0,0.0,6.0,1.0,10.0,2.0,22.0,0.0,0.0,0.0,0.0,9.0,0.0,9.0,7.0,1.0,0.0,0.0,0.0,0.0,3.0,1.0,3.0,9.0,13.0,1.0,0.0,0.0,26.0,16.0,4.0,0.0,0.0,0.0,0.0,0.0,0.0,0.0,0.0,0.0,2.0,0.0,0.0,4.0,2.0,0.0,0.0,1.0,0.0,3.0,2.0,0.0,2.0,1.0,2.0,1.0,1.0,0.0,3.0,5.0,0.0,1.0,0.0,1.0,1.0,5.0,5.0,4.0,0.0,5.0,1.0,1.0,0.0,1.0,3.0,3.0,6.0,3.0,1.0,1.0,0.0,1.0,0.0,3.0,0.0,1.0,0.0,2.0,5.0,0.0,0.0,1.0,1.0,2.0,1.0,6.0,0.0,9.0,1.0,0.0,6.0,2.0,3.0,0.0,2.0,4.0,3.0,1.0,1.0,3.0,0.0,10.0,3.0,3.0,9.0,0.0,0.0,1.0,8.0,0.0,0.0,1.0,3.0,1.0,1.0,0.0,0.0,3.0,0.0,6.0,1.0,0.0,1.0,11.0,0.0,0.0,1.0,0.0,6.0,1.0,8.0,5.0,7.0,4.0,1.0,3.0,0.0,1.0,2.0,7.0,7.0,5.0,0.0,8.0,1.0,14.0,8.0,2.0,0.0,7.0,1.0,0.0,8.0,4.0,2.0,14.0,1.0,6.0,9.0,6.0,0.0,1.0,1.0,1.0,12.0,0.0,5.0,5.0,4.0,1.0,4.0,0.0,3.0,0.0,1.0,1.0,3.0,1.0,19.0,5.0,8.0,3.0,2.0,1.0,2.0,3.0,0.0,2.0,1.0,2.0,3.0,7.0,4.0,0.0,1.0,2.0,1.0,0.0,14.0,6.0,0.0,5.0,0.0,0.0,5.0,10.0,0.0,11.0,9.0,2.0,0.0,2.0,2.0,1.0,1.0,0.0,3.0,0.0,1.0,1.0,0.0,1.0,1.0,3.0,1.0,0.0,0.0,1.0,3.0,8.0,2.0,3.0,0.0,0.0,0.0,0.0,0.0,0.0,0.0,1.0,0.0,0.0,1.0,0.0,3.0,7.0,1.0,1.0,0.0,1.0,0.0,0.0,0.0,1.0,1.0,0.0,0.0,2.0,0.0,4.0,3.0,0.0,1.0,0.0,0.0,1.0,2.0,1.0,1.0,0.0,2.0,0.0,0.0,1.0,0.0,0.0,0.0,5.0,0.0,0.0,1.0
0.0,4.0,14.0,10.0,3.0,2.0,0.0,1.0,0.0,3.0,0.0,3.0,0.0,8.0,0.0,14.0,36.0,7.0,2.0,0.0,0.0,2.0,1.0,4.0,2.0,3.0,0.0,3.0,0.0,1.0,0.0,0.0,12.0,2.0,9.0,2.0,14.0,0.0,10.0,1.0,4.0,0.0,0.0,0.0,0.0,0.0,5.0,2.0,17.0,0.0,0.0,0.0,0.0,5.0,0.0,7.0,5.0,2.0,0.0,0.0,0.0,1.0,2.0,1.0,2.0,6.0,6.0,0.0,7.0,1.0,25.0,12.0,2.0,2.0,1.0,1.0,0.0,3.0,0.0,0.0,0.0,0.0,2.0,1.0,0.0,5.0,0.0,1.0,1.0,0.0,0.0,3.0,0.0,1.0,0.0,2.0,0.0,0.0,0.0,1.0,3.0,8.0,0.0,0.0,1.0,3.0,0.0,5.0,0.0,5.0,2.0,4.0,0.0,0.0,0.0,0.0,4.0,2.0,7.0,6.0,0.0,3.0,3.0,2.0,0.0,1.0,0.0,1.0,0.0,9.0,13.0,1.0,0.0,1.0,1.0,1.0,0.0,8.0,0.0,4.0,2.0,2.0,4.0,0.0,1.0,1.0,1.0,3.0,2.0,1.0,0.0,4.0,1.0,3.0,4.0,3.0,5.0,1.0,0.0,1.0,7.0,1.0,1.0,5.0,3.0,1.0,4.0,3.0,0.0,4.0,1.0,7.0,1.0,0.0,5.0,3.0,3.0,1.0,6.0,1.0,3.0,2.0,10.0,6.0,5.0,0.0,0.0,4.0,0.0,0.0,2.0,3.0,5.0,17.0,0.0,3.0,0.0,8.0,7.0,0.0,0.0,6.0,0.0,0.0,3.0,2.0,8.0,14.0,1.0,6.0,14.0,7.0,2.0,2.0,3.0,1.0,19.0,0.0,5.0,2.0,13.0,0.0,3.0,0.0,4.0,4.0,0.0,0.0,3.0,1.0,12.0,8.0,6.0,1.0,1.0,3.0,2.0,2.0,0.0,0.0,3.0,4.0,6.0,5.0,6.0,0.0,6.0,4.0,0.0,0.0,6.0,13.0,0.0,6.0,4.0,0.0,6.0,6.0,0.0,3.0,5.0,6.0,0.0,1.0,1.0,0.0,3.0,0.0,1.0,1.0,1.0,2.0,0.0,0.0,0.0,7.0,2.0,2.0,0.0,0.0,2.0,4.0,4.0,3.0,2.0,0.0,0.0,0.0,0.0,0.0,1.0,0.0,1.0,0.0,1.0,0.0,2.0,7.0,1.0,0.0,0.0,0.0,0.0,0.0,0.0,0.0,0.0,0.0,2.0,1.0,0.0,0.0,3.0,0.0,3.0,0.0,0.0,6.0,1.0,4.0,0.0,0.0,3.0,0.0,5.0,0.0,0.0,1.0,1.0,13.0,0.0,0.0,0.0
1.0,1.0,1.0,7.0,3.0,0.0,2.0,0.0,0.0,0.0,0.0,2.0,5.0,3.0,0.0,0.0,12.0,1.0,1.0,1.0,0.0,1.0,0.0,0.0,0.0,0.0,0.0,0.0,1.0,0.0,0.0,1.0,3.0,0.0,1.0,1.0,3.0,0.0,1.0,2.0,1.0,0.0,0.0,0.0,0.0,0.0,1.0,3.0,11.0,0.0,0.0,0.0,1.0,3.0,0.0,1.0,4.0,1.0,0.0,3.0,0.0,1.0,0.0,0.0,2.0,3.0,3.0,0.0,0.0,1.0,2.0,6.0,0.0,0.0,0.0,0.0,0.0,2.0,0.0,0.0,1.0,0.0,0.0,1.0,1.0,0.0,0.0,2.0,0.0,0.0,1.0,0.0,3.0,0.0,0.0,2.0,3.0,0.0,0.0,1.0,1.0,5.0,0.0,0.0,0.0,3.0,0.0,1.0,3.0,1.0,0.0,4.0,1.0,4.0,0.0,0.0,2.0,0.0,3.0,0.0,0.0,5.0,1.0,1.0,1.0,2.0,1.0,3.0,0.0,1.0,0.0,0.0,0.0,0.0,0.0,0.0,0.0,4.0,0.0,2.0,2.0,0.0,2.0,0.0,4.0,0.0,0.0,0.0,1.0,0.0,0.0,5.0,1.0,3.0,0.0,2.0,3.0,0.0,1.0,0.0,4.0,1.0,1.0,0.0,0.0,0.0,1.0,0.0,0.0,0.0,0.0,0.0,0.0,0.0,1.0,4.0,0.0,0.0,0.0,0.0,2.0,0.0,4.0,0.0,1.0,0.0,0.0,1.0,1.0,0.0,0.0,0.0,4.0,0.0,0.0,2.0,0.0,3.0,4.0,2.0,1.0,0.0,3.0,2.0,1.0,0.0,0.0,5.0,0.0,0.0,1.0,0.0,1.0,2.0,0.0,1.0,3.0,0.0,1.0,0.0,6.0,1.0,1.0,0.0,2.0,0.0,0.0,1.0,0.0,1.0,2.0,4.0,3.0,0.0,1.0,1.0,0.0,1.0,0.0,0.0,1.0,0.0,1.0,2.0,1.0,0.0,4.0,3.0,0.0,0.0,0.0,0.0,3.0,3.0,4.0,0.0,3.0,2.0,0.0,3.0,5.0,0.0,2.0,0.0,0.0,0.0,1.0,1.0,4.0,2.0,1.0,1.0,1.0,0.0,1.0,3.0,2.0,0.0,1.0,0.0,0.0,0.0,5.0,0.0,0.0,0.0,0.0,1.0,1.0,0.0,0.0,2.0,2.0,0.0,3.0,0.0,0.0,4.0,0.0,0.0,0.0,0.0,0.0,0.0,0.0,0.0,0.0,0.0,1.0,0.0,0.0,0.0,0.0,0.0,1.0,0.0,0.0,0.0,0.0,0.0,0.0,0.0,0.0,0.0,0.0,0.0,0.0,0.0,1.0,1.0,0.0,0.0,0.0
0.0,9.0,36.0,27.0,6.0,2.0,2.0,2.0,1.0,4.0,2.0,19.0,10.0,21.0,0.0,25.0,79.0,9.0,10.0,3.0,0.0,3.0,2.0,3.0,3.0,3.0,4.0,5.0,7.0,2.0,2.0,4.0,33.0,5.0,10.0,4.0,41.0,0.0,29.0,3.0,11.0,3.0,1.0,2.0,10.0,2.0,11.0,14.0,39.0,1.0,4.0,2.0,0.0,10.0,1.0,12.0,12.0,9.0,2.0,8.0,1.0,2.0,3.0,1.0,2.0,13.0,37.0,5.0,7.0,4.0,47.0,37.0,3.0,1.0,1.0,5.0,1.0,9.0,0.0,3.0,3.0,1.0,7.0,1.0,3.0,11.0,4.0,0.0,0.0,1.0,5.0,2.0,10.0,1.0,7.0,4.0,10.0,0.0,0.0,2.0,1.0,26.0,2.0,1.0,1.0,19.0,1.0,14.0,21.0,11.0,3.0,22.0,0.0,5.0,1.0,0.0,4.0,12.0,16.0,14.0,3.0,13.0,12.0,9.0,0.0,4.0,3.0,2.0,0.0,16.0,13.0,3.0,2.0,3.0,5.0,1.0,3.0,13.0,1.0,20.0,2.0,2.0,1.0,6.0,14.0,0.0,2.0,3.0,1.0,2.0,4.0,16.0,5.0,16.0,15.0,8.0,19.0,0.0,3.0,2.0,16.0,5.0,7.0,12.0,1.0,3.0,5.0,3.0,1.0,2.0,1.0,19.0,2.0,2.0,12.0,37.0,2.0,5.0,9.0,2.0,16.0,6.0,27.0,10.0,6.0,8.0,0.0,7.0,3.0,3.0,6.0,10.0,14.0,38.0,1.0,19.0,1.0,32.0,22.0,10.0,2.0,4.0,6.0,1.0,10.0,3.0,16.0,21.0,6.0,7.0,25.0,14.0,5.0,12.0,2.0,5.0,45.0,4.0,14.0,1.0,32.0,4.0,2.0,2.0,17.0,2.0,3.0,1.0,14.0,7.0,26.0,16.0,18.0,6.0,7.0,6.0,4.0,1.0,0.0,4.0,2.0,6.0,8.0,8.0,11.0,5.0,16.0,14.0,3.0,1.0,5.0,6.0,3.0,39.0,18.0,0.0,27.0,34.0,1.0,21.0,36.0,15.0,1.0,9.0,7.0,1.0,8.0,1.0,20.0,4.0,6.0,5.0,4.0,3.0,10.0,16.0,1.0,1.0,0.0,1.0,4.0,3.0,8.0,4.0,1.0,1.0,0.0,3.0,5.0,1.0,1.0,3.0,1.0,1.0,7.0,0.0,0.0,13.0,2.0,0.0,0.0,0.0,5.0,0.0,1.0,1.0,1.0,0.0,3.0,0.0,2.0,6.0,1.0,2.0,2.0,0.0,0.0,9.0,3.0,3.0,1.0,3.0,5.0,1.0,4.0,3.0,1.0,1.0,5.0,18.0,2.0,2.0,0.0
2.0,18.0,23.0,48.0,10.0,1.0,18.0,2.0,2.0,1.0,2.0,16.0,11.0,18.0,4.0,18.0,87.0,13.0,12.0,1.0,6.0,5.0,1.0,2.0,5.0,2.0,4.0,4.0,8.0,8.0,2.0,1.0,25.0,3.0,12.0,3.0,39.0,1.0,23.0,9.0,6.0,3.0,0.0,1.0,13.0,1.0,20.0,9.0,53.0,3.0,2.0,1.0,10.0,18.0,0.0,9.0,16.0,3.0,6.0,5.0,2.0,3.0,3.0,0.0,8.0,15.0,42.0,2.0,10.0,2.0,31.0,37.0,2.0,1.0,2.0,4.0,3.0,9.0,1.0,1.0,1.0,1.0,8.0,2.0,1.0,12.0,0.0,3.0,0.0,0.0,6.0,2.0,6.0,1.0,4.0,16.0,4.0,0.0,0.0,2.0,2.0,60.0,1.0,2.0,1.0,22.0,0.0,9.0,21.0,15.0,6.0,13.0,1.0,6.0,3.0,0.0,5.0,14.0,33.0,9.0,7.0,29.0,14.0,12.0,1.0,5.0,1.0,4.0,1.0,17.0,13.0,1.0,2.0,3.0,2.0,0.0,0.0,19.0,1.0,20.0,5.0,1.0,5.0,1.0,9.0,1.0,2.0,2.0,2.0,1.0,0.0,26.0,5.0,16.0,17.0,9.0,19.0,0.0,1.0,0.0,34.0,13.0,6.0,9.0,1.0,3.0,9.0,4.0,0.0,1.0,2.0,23.0,4.0,3.0,16.0,23.0,2.0,3.0,6.0,1.0,9.0,2.0,20.0,11.0,4.0,2.0,0.0,7.0,6.0,0.0,3.0,7.0,22.0,30.0,2.0,9.0,1.0,43.0,18.0,15.0,5.0,2.0,4.0,6.0,19.0,1.0,22.0,17.0,6.0,6.0,16.0,14.0,3.0,8.0,6.0,3.0,54.0,2.0,12.0,1.0,53.0,1.0,2.0,1.0,33.0,3.0,0.0,2.0,12.0,9.0,33.0,13.0,21.0,7.0,3.0,3.0,4.0,5.0,2.0,4.0,5.0,3.0,12.0,15.0,5.0,2.0,51.0,9.0,1.0,0.0,0.0,4.0,4.0,18.0,56.0,0.0,19.0,22.0,1.0,13.0,29.0,10.0,7.0,3.0,4.0,2.0,11.0,3.0,10.0,3.0,3.0,11.0,4.0,0.0,12.0,43.0,3.0,1.0,2.0,0.0,3.0,2.0,18.0,2.0,1.0,0.0,2.0,1.0,2.0,1.0,0.0,3.0,4.0,3.0,13.0,1.0,0.0,13.0,2.0,1.0,2.0,0.0,4.0,1.0,2.0,0.0,1.0,3.0,6.0,0.0,1.0,2.0,1.0,4.0,5.0,1.0,0.0,6.0,0.0,3.0,0.0,1.0,3.0,0.0,2.0,0.0,0.0,1.0,5.0,23.0,1.0,1.0,0.0
0.0,1.0,1.0,3.0,0.0,0.0,0.0,0.0,0.0,0.0,0.0,0.0,0.0,1.0,0.0,1.0,1.0,0.0,1.0,0.0,0.0,0.0,0.0,0.0,0.0,0.0,0.0,0.0,1.0,0.0,0.0,0.0,2.0,0.0,0.0,0.0,1.0,0.0,1.0,0.0,0.0,0.0,0.0,0.0,0.0,0.0,1.0,0.0,4.0,0.0,0.0,0.0,0.0,0.0,0.0,0.0,1.0,0.0,0.0,0.0,0.0,0.0,0.0,0.0,0.0,0.0,5.0,0.0,0.0,0.0,3.0,3.0,0.0,0.0,0.0,0.0,0.0,0.0,0.0,0.0,0.0,1.0,0.0,0.0,0.0,1.0,0.0,0.0,0.0,0.0,1.0,0.0,0.0,0.0,0.0,0.0,0.0,0.0,0.0,0.0,0.0,0.0,0.0,0.0,0.0,0.0,0.0,0.0,0.0,0.0,0.0,0.0,0.0,0.0,0.0,0.0,0.0,2.0,2.0,0.0,0.0,0.0,0.0,0.0,0.0,0.0,0.0,1.0,0.0,1.0,0.0,0.0,0.0,0.0,0.0,0.0,0.0,0.0,0.0,0.0,0.0,0.0,0.0,0.0,0.0,0.0,0.0,0.0,0.0,0.0,0.0,1.0,0.0,0.0,1.0,1.0,1.0,0.0,0.0,1.0,1.0,0.0,0.0,1.0,0.0,0.0,0.0,0.0,0.0,1.0,0.0,3.0,1.0,0.0,1.0,3.0,0.0,1.0,0.0,0.0,0.0,0.0,1.0,1.0,2.0,1.0,1.0,0.0,2.0,0.0,0.0,0.0,1.0,2.0,0.0,0.0,0.0,1.0,2.0,1.0,0.0,0.0,0.0,0.0,0.0,0.0,0.0,2.0,0.0,0.0,1.0,0.0,0.0,0.0,0.0,0.0,1.0,0.0,0.0,0.0,0.0,0.0,0.0,0.0,1.0,0.0,0.0,0.0,0.0,0.0,1.0,1.0,0.0,0.0,0.0,0.0,1.0,0.0,0.0,0.0,0.0,0.0,1.0,2.0,1.0,1.0,0.0,0.0,0.0,0.0,0.0,0.0,0.0,0.0,0.0,1.0,0.0,4.0,0.0,0.0,2.0,0.0,0.0,0.0,0.0,0.0,0.0,0.0,0.0,0.0,0.0,0.0,0.0,0.0,0.0,0.0,0.0,0.0,0.0,0.0,1.0,0.0,0.0,0.0,0.0,0.0,0.0,0.0,0.0,0.0,0.0,0.0,0.0,0.0,0.0,0.0,0.0,1.0,0.0,0.0,0.0,0.0,1.0,0.0,0.0,0.0,0.0,0.0,0.0,0.0,0.0,0.0,0.0,0.0,0.0,0.0,0.0,0.0,1.0,0.0,0.0,1.0,0.0,0.0,0.0,0.0,0.0,0.0,0.0,1.0,0.0,0.0,0.0
2.0,11.0,31.0,34.0,7.0,2.0,7.0,1.0,0.0,4.0,0.0,14.0,10.0,17.0,1.0,22.0,85.0,10.0,7.0,2.0,0.0,4.0,0.0,4.0,5.0,3.0,4.0,7.0,4.0,3.0,1.0,4.0,26.0,4.0,11.0,5.0,44.0,1.0,31.0,6.0,10.0,6.0,1.0,0.0,12.0,4.0,10.0,10.0,50.0,1.0,0.0,1.0,4.0,9.0,2.0,13.0,10.0,5.0,4.0,4.0,0.0,3.0,1.0,1.0,3.0,19.0,33.0,1.0,6.0,3.0,43.0,39.0,4.0,1.0,1.0,2.0,2.0,13.0,0.0,0.0,2.0,1.0,12.0,2.0,2.0,8.0,3.0,1.0,0.0,1.0,2.0,1.0,10.0,1.0,5.0,9.0,8.0,1.0,0.0,4.0,2.0,28.0,0.0,0.0,1.0,17.0,1.0,11.0,16.0,14.0,4.0,21.0,2.0,10.0,2.0,1.0,4.0,7.0,23.0,11.0,1.0,15.0,10.0,11.0,1.0,2.0,2.0,5.0,1.0,18.0,15.0,2.0,0.0,1.0,3.0,2.0,2.0,10.0,0.0,15.0,6.0,2.0,1.0,4.0,15.0,0.0,4.0,2.0,0.0,2.0,3.0,13.0,4.0,20.0,15.0,5.0,18.0,0.0,2.0,5.0,24.0,13.0,6.0,11.0,1.0,1.0,6.0,3.0,1.0,2.0,0.0,16.0,2.0,2.0,11.0,33.0,3.0,1.0,8.0,1.0,13.0,5.0,29.0,14.0,4.0,7.0,1.0,4.0,3.0,2.0,4.0,9.0,15.0,36.0,2.0,14.0,1.0,29.0,17.0,9.0,1.0,6.0,6.0,3.0,11.0,1.0,13.0,20.0,6.0,4.0,24.0,12.0,5.0,8.0,4.0,4.0,38.0,0.0,8.0,3.0,39.0,5.0,2.0,0.0,20.0,2.0,2.0,1.0,17.0,7.0,25.0,15.0,17.0,6.0,6.0,6.0,8.0,2.0,0.0,4.0,3.0,4.0,9.0,14.0,9.0,2.0,22.0,14.0,2.0,2.0,5.0,6.0,3.0,27.0,19.0,0.0,37.0,20.0,1.0,21.0,30.0,11.0,2.0,6.0,6.0,3.0,9.0,3.0,16.0,4.0,4.0,2.0,3.0,2.0,6.0,21.0,4.0,1.0,0.0,1.0,7.0,3.0,12.0,1.0,1.0,2.0,0.0,2.0,2.0,0.0,0.0,4.0,2.0,2.0,9.0,0.0,0.0,11.0,4.0,1.0,0.0,1.0,0.0,1.0,0.0,2.0,2.0,0.0,7.0,0.0,0.0,4.0,1.0,2.0,3.0,1.0,1.0,8.0,6.0,4.0,1.0,1.0,4.0,0.0,4.0,2.0,0.0,1.0,6.0,22.0,0.0,0.0,0.0
0.0,11.0,42.0,58.0,8.0,0.0,4.0,0.0,0.0,1.0,0.0,17.0,12.0,28.0,0.0,26.0,110.0,16.0,18.0,2.0,0.0,2.0,5.0,0.0,3.0,0.0,4.0,5.0,18.0,4.0,6.0,2.0,66.0,5.0,14.0,4.0,45.0,1.0,39.0,2.0,9.0,2.0,0.0,5.0,16.0,0.0,28.0,16.0,58.0,2.0,10.0,6.0,2.0,23.0,0.0,19.0,19.0,9.0,2.0,9.0,1.0,3.0,9.0,0.0,6.0,16.0,86.0,9.0,4.0,3.0,69.0,63.0,6.0,0.0,1.0,10.0,1.0,7.0,0.0,7.0,2.0,5.0,6.0,0.0,2.0,21.0,4.0,0.0,0.0,0.0,11.0,3.0,9.0,0.0,7.0,3.0,9.0,0.0,0.0,0.0,2.0,31.0,5.0,0.0,0.0,18.0,2.0,11.0,29.0,11.0,1.0,16.0,0.0,2.0,1.0,0.0,2.0,30.0,31.0,9.0,1.0,18.0,15.0,8.0,0.0,5.0,2.0,4.0,1.0,17.0,9.0,1.0,5.0,0.0,2.0,0.0,2.0,15.0,0.0,29.0,1.0,0.0,5.0,9.0,8.0,0.0,0.0,7.0,4.0,1.0,2.0,30.0,6.0,24.0,22.0,16.0,33.0,0.0,2.0,5.0,25.0,7.0,5.0,24.0,3.0,5.0,3.0,1.0,0.0,6.0,1.0,39.0,5.0,3.0,21.0,66.0,1.0,14.0,3.0,2.0,10.0,8.0,36.0,20.0,19.0,14.0,4.0,12.0,11.0,2.0,2.0,14.0,23.0,43.0,2.0,20.0,0.0,50.0,26.0,14.0,2.0,5.0,4.0,1.0,20.0,7.0,19.0,37.0,5.0,15.0,22.0,20.0,2.0,6.0,3.0,3.0,56.0,10.0,21.0,3.0,39.0,3.0,2.0,5.0,30.0,0.0,2.0,0.0,20.0,12.0,48.0,21.0,26.0,8.0,7.0,2.0,8.0,3.0,0.0,4.0,2.0,3.0,13.0,26.0,21.0,14.0,13.0,10.0,3.0,0.0,10.0,6.0,2.0,34.0,22.0,4.0,20.0,81.0,1.0,18.0,43.0,12.0,1.0,7.0,6.0,2.0,9.0,1.0,13.0,3.0,3.0,10.0,2.0,2.0,7.0,15.0,0.0,0.0,0.0,0.0,8.0,5.0,6.0,9.0,0.0,0.0,2.0,2.0,7.0,2.0,1.0,2.0,0.0,1.0,5.0,1.0,2.0,24.0,2.0,0.0,1.0,0.0,15.0,1.0,0.0,3.0,1.0,0.0,0.0,0.0,5.0,7.0,3.0,2.0,2.0,1.0,0.0,3.0,5.0,0.0,0.0,9.0,2.0,2.0,1.0,2.0,2.0,1.0,4.0,20.0,5.0,5.0,0.0
0.0,0.0,3.0,1.0,0.0,0.0,0.0,0.0,0.0,0.0,0.0,1.0,1.0,0.0,0.0,0.0,3.0,1.0,0.0,0.0,0.0,1.0,0.0,0.0,0.0,0.0,0.0,0.0,0.0,0.0,0.0,0.0,0.0,0.0,1.0,0.0,2.0,0.0,2.0,0.0,1.0,0.0,0.0,0.0,1.0,0.0,0.0,0.0,2.0,1.0,0.0,0.0,0.0,1.0,0.0,0.0,0.0,0.0,0.0,0.0,0.0,0.0,0.0,0.0,1.0,1.0,2.0,0.0,2.0,0.0,2.0,0.0,0.0,0.0,0.0,0.0,0.0,0.0,0.0,0.0,0.0,1.0,0.0,0.0,0.0,1.0,0.0,0.0,0.0,0.0,0.0,0.0,0.0,0.0,0.0,0.0,0.0,0.0,0.0,0.0,0.0,1.0,0.0,0.0,0.0,1.0,0.0,1.0,3.0,0.0,0.0,0.0,0.0,0.0,0.0,0.0,0.0,0.0,0.0,0.0,0.0,1.0,0.0,1.0,0.0,0.0,0.0,0.0,0.0,2.0,0.0,0.0,0.0,0.0,0.0,0.0,0.0,0.0,0.0,1.0,1.0,0.0,0.0,0.0,0.0,0.0,0.0,0.0,0.0,0.0,0.0,1.0,0.0,2.0,0.0,0.0,0.0,0.0,0.0,0.0,0.0,0.0,0.0,0.0,0.0,0.0,0.0,0.0,0.0,0.0,0.0,1.0,0.0,2.0,0.0,2.0,1.0,0.0,0.0,0.0,0.0,0.0,2.0,1.0,0.0,1.0,0.0,0.0,0.0,0.0,0.0,0.0,0.0,2.0,1.0,0.0,0.0,1.0,1.0,0.0,0.0,0.0,0.0,0.0,0.0,0.0,2.0,0.0,2.0,0.0,0.0,2.0,0.0,0.0,0.0,0.0,2.0,0.0,0.0,0.0,3.0,0.0,0.0,0.0,2.0,0.0,0.0,0.0,1.0,0.0,0.0,0.0,0.0,0.0,1.0,0.0,0.0,0.0,0.0,2.0,0.0,0.0,0.0,0.0,0.0,0.0,1.0,0.0,0.0,0.0,0.0,0.0,0.0,1.0,1.0,0.0,1.0,1.0,1.0,1.0,1.0,0.0,0.0,1.0,1.0,0.0,0.0,0.0,0.0,0.0,0.0,0.0,0.0,0.0,0.0,1.0,0.0,0.0,0.0,0.0,0.0,1.0,0.0,0.0,0.0,0.0,0.0,0.0,0.0,0.0,0.0,0.0,0.0,0.0,1.0,0.0,0.0,0.0,0.0,0.0,0.0,0.0,0.0,0.0,0.0,0.0,0.0,0.0,0.0,0.0,0.0,0.0,0.0,2.0,0.0,0.0,0.0,0.0,0.0,0.0,0.0,0.0,0.0,0.0,0.0,0.0,0.0,0.0,0.0,2.0,0.0,0.0,0.0
2.0,14.0,42.0,48.0,9.0,0.0,5.0,3.0,1.0,1.0,2.0,16.0,9.0,15.0,0.0,16.0,118.0,8.0,9.0,0.0,0.0,6.0,3.0,0.0,1.0,1.0,4.0,4.0,12.0,5.0,1.0,0.0,39.0,1.0,7.0,0.0,65.0,0.0,52.0,8.0,14.0,10.0,5.0,1.0,14.0,2.0,19.0,9.0,75.0,1.0,2.0,3.0,5.0,13.0,0.0,6.0,15.0,3.0,0.0,1.0,1.0,4.0,4.0,5.0,8.0,18.0,36.0,3.0,5.0,1.0,52.0,41.0,5.0,0.0,1.0,2.0,0.0,3.0,0.0,1.0,0.0,1.0,8.0,4.0,0.0,10.0,3.0,3.0,0.0,5.0,1.0,2.0,8.0,1.0,7.0,5.0,6.0,2.0,1.0,4.0,4.0,21.0,1.0,2.0,1.0,5.0,1.0,25.0,31.0,20.0,2.0,17.0,5.0,11.0,0.0,2.0,9.0,8.0,24.0,18.0,5.0,23.0,4.0,7.0,3.0,12.0,0.0,15.0,0.0,18.0,8.0,2.0,1.0,5.0,4.0,7.0,2.0,18.0,1.0,19.0,8.0,0.0,4.0,3.0,10.0,0.0,8.0,4.0,0.0,6.0,2.0,27.0,2.0,25.0,16.0,6.0,28.0,0.0,0.0,3.0,37.0,6.0,1.0,8.0,1.0,5.0,6.0,1.0,0.0,0.0,1.0,15.0,6.0,2.0,16.0,30.0,1.0,3.0,4.0,1.0,26.0,3.0,42.0,16.0,7.0,10.0,2.0,7.0,0.0,2.0,7.0,11.0,36.0,37.0,1.0,25.0,5.0,41.0,16.0,10.0,5.0,5.0,5.0,3.0,22.0,6.0,11.0,26.0,5.0,8.0,36.0,19.0,0.0,9.0,2.0,6.0,36.0,2.0,19.0,8.0,22.0,7.0,9.0,1.0,22.0,1.0,2.0,5.0,21.0,8.0,44.0,16.0,21.0,14.0,8.0,5.0,10.0,0.0,0.0,8.0,3.0,13.0,14.0,21.0,9.0,2.0,16.0,9.0,2.0,0.0,11.0,3.0,3.0,21.0,13.0,0.0,21.0,18.0,1.0,57.0,27.0,7.0,0.0,6.0,5.0,5.0,9.0,3.0,10.0,4.0,7.0,5.0,0.0,2.0,5.0,14.0,8.0,0.0,0.0,5.0,14.0,8.0,10.0,2.0,0.0,0.0,0.0,0.0,1.0,0.0,1.0,5.0,4.0,0.0,7.0,0.0,0.0,16.0,6.0,2.0,0.0,2.0,3.0,0.0,1.0,3.0,5.0,0.0,5.0,2.0,1.0,17.0,1.0,2.0,3.0,0.0,0.0,4.0,8.0,4.0,5.0,1.0,12.0,0.0,1.0,2.0,0.0,1.0,0.0,22.0,1.0,1.0,1.0
3.0,12.0,36.0,62.0,14.0,0.0,11.0,4.0,2.0,3.0,3.0,24.0,11.0,31.0,0.0,29.0,103.0,15.0,18.0,2.0,0.0,5.0,6.0,2.0,3.0,1.0,4.0,5.0,11.0,4.0,3.0,4.0,48.0,5.0,18.0,10.0,51.0,1.0,42.0,7.0,16.0,5.0,1.0,2.0,17.0,4.0,27.0,16.0,83.0,2.0,4.0,3.0,2.0,23.0,2.0,19.0,24.0,7.0,4.0,8.0,1.0,3.0,5.0,1.0,7.0,22.0,61.0,4.0,7.0,2.0,68.0,56.0,5.0,0.0,2.0,8.0,2.0,9.0,1.0,3.0,2.0,3.0,11.0,2.0,2.0,16.0,3.0,3.0,0.0,1.0,6.0,4.0,14.0,1.0,8.0,10.0,9.0,0.0,2.0,4.0,3.0,41.0,2.0,4.0,1.0,23.0,0.0,17.0,29.0,14.0,7.0,27.0,1.0,12.0,2.0,0.0,7.0,22.0,31.0,14.0,3.0,19.0,14.0,11.0,1.0,10.0,2.0,7.0,1.0,17.0,14.0,4.0,2.0,5.0,6.0,1.0,3.0,24.0,1.0,27.0,10.0,0.0,6.0,5.0,17.0,0.0,2.0,4.0,4.0,1.0,3.0,32.0,4.0,24.0,18.0,17.0,28.0,0.0,2.0,8.0,35.0,18.0,7.0,14.0,1.0,3.0,5.0,3.0,0.0,3.0,1.0,32.0,5.0,2.0,18.0,51.0,1.0,7.0,7.0,2.0,21.0,7.0,42.0,21.0,13.0,11.0,2.0,11.0,11.0,3.0,8.0,13.0,26.0,50.0,2.0,25.0,2.0,45.0,37.0,19.0,3.0,6.0,8.0,5.0,15.0,4.0,14.0,37.0,5.0,14.0,26.0,16.0,7.0,11.0,5.0,4.0,48.0,4.0,17.0,5.0,48.0,4.0,5.0,2.0,27.0,1.0,3.0,3.0,20.0,9.0,39.0,21.0,19.0,9.0,7.0,4.0,10.0,5.0,0.0,3.0,2.0,6.0,15.0,26.0,16.0,8.0,25.0,18.0,4.0,2.0,9.0,5.0,5.0,36.0,29.0,2.0,30.0,43.0,1.0,27.0,66.0,11.0,6.0,9.0,6.0,3.0,8.0,4.0,18.0,3.0,5.0,10.0,2.0,3.0,11.0,24.0,2.0,0.0,2.0,1.0,10.0,7.0,18.0,5.0,0.0,2.0,2.0,2.0,4.0,1.0,1.0,6.0,4.0,2.0,14.0,1.0,1.0,17.0,2.0,0.0,0.0,0.0,7.0,1.0,1.0,1.0,2.0,0.0,5.0,4.0,2.0,6.0,1.0,2.0,2.0,1.0,0.0,7.0,9.0,2.0,1.0,4.0,5.0,1.0,3.0,3.0,1.0,0.0,5.0,26.0,2.0,2.0,2.0
0.0,8.0,18.0,11.0,2.0,4.0,3.0,0.0,0.0,5.0,0.0,8.0,3.0,5.0,1.0,21.0,42.0,4.0,6.0,0.0,2.0,0.0,1.0,4.0,2.0,4.0,2.0,2.0,2.0,2.0,1.0,0.0,15.0,5.0,4.0,0.0,19.0,0.0,11.0,1.0,5.0,2.0,0.0,1.0,4.0,0.0,3.0,3.0,10.0,0.0,2.0,1.0,1.0,4.0,0.0,3.0,4.0,5.0,2.0,1.0,0.0,0.0,1.0,0.0,0.0,3.0,17.0,1.0,5.0,1.0,18.0,11.0,2.0,2.0,0.0,2.0,1.0,3.0,0.0,1.0,0.0,0.0,6.0,0.0,0.0,6.0,2.0,0.0,0.0,0.0,2.0,0.0,3.0,0.0,3.0,6.0,2.0,0.0,0.0,0.0,0.0,10.0,1.0,0.0,0.0,10.0,0.0,4.0,6.0,7.0,1.0,12.0,0.0,2.0,1.0,0.0,2.0,8.0,9.0,7.0,1.0,3.0,2.0,6.0,0.0,1.0,0.0,0.0,0.0,9.0,17.0,1.0,1.0,0.0,2.0,0.0,2.0,6.0,0.0,8.0,0.0,4.0,0.0,2.0,2.0,0.0,0.0,1.0,0.0,1.0,4.0,7.0,0.0,3.0,11.0,2.0,8.0,0.0,0.0,0.0,6.0,2.0,1.0,7.0,1.0,0.0,5.0,4.0,2.0,4.0,0.0,7.0,2.0,0.0,7.0,11.0,2.0,2.0,10.0,0.0,5.0,3.0,9.0,1.0,3.0,2.0,0.0,2.0,1.0,2.0,2.0,3.0,3.0,19.0,0.0,3.0,0.0,12.0,5.0,7.0,0.0,4.0,2.0,1.0,5.0,1.0,12.0,3.0,3.0,4.0,16.0,7.0,2.0,2.0,3.0,1.0,33.0,2.0,9.0,0.0,14.0,0.0,0.0,1.0,8.0,2.0,2.0,0.0,5.0,4.0,13.0,4.0,9.0,2.0,2.0,8.0,0.0,1.0,0.0,0.0,3.0,1.0,3.0,2.0,4.0,2.0,8.0,6.0,2.0,0.0,2.0,6.0,0.0,15.0,10.0,0.0,11.0,12.0,0.0,7.0,11.0,17.0,1.0,4.0,4.0,0.0,8.0,0.0,3.0,1.0,1.0,2.0,3.0,2.0,3.0,6.0,2.0,2.0,0.0,0.0,0.0,0.0,8.0,1.0,2.0,0.0,0.0,0.0,1.0,0.0,1.0,2.0,0.0,1.0,4.0,0.0,0.0,6.0,1.0,0.0,0.0,0.0,2.0,0.0,0.0,0.0,0.0,1.0,0.0,0.0,1.0,1.0,1.0,0.0,3.0,0.0,0.0,10.0,0.0,2.0,0.0,3.0,0.0,0.0,5.0,2.0,0.0,1.0,1.0,12.0,1.0,1.0,0.0
2.0,0.0,0.0,6.0,3.0,0.0,5.0,0.0,0.0,0.0,0.0,0.0,2.0,1.0,0.0,2.0,5.0,1.0,4.0,0.0,0.0,0.0,0.0,0.0,1.0,0.0,0.0,0.0,0.0,0.0,0.0,0.0,0.0,0.0,0.0,2.0,2.0,0.0,0.0,1.0,2.0,0.0,0.0,0.0,1.0,0.0,3.0,2.0,10.0,0.0,0.0,0.0,0.0,4.0,0.0,0.0,4.0,0.0,2.0,2.0,0.0,0.0,0.0,0.0,0.0,1.0,3.0,0.0,0.0,0.0,2.0,2.0,0.0,0.0,0.0,0.0,1.0,0.0,0.0,0.0,0.0,0.0,2.0,0.0,0.0,1.0,0.0,2.0,0.0,0.0,0.0,0.0,2.0,0.0,1.0,4.0,0.0,0.0,0.0,0.0,0.0,6.0,0.0,0.0,0.0,4.0,0.0,2.0,4.0,0.0,1.0,2.0,0.0,2.0,1.0,0.0,0.0,1.0,3.0,0.0,0.0,2.0,0.0,2.0,0.0,4.0,0.0,0.0,0.0,0.0,1.0,0.0,0.0,0.0,0.0,0.0,0.0,2.0,0.0,1.0,0.0,0.0,2.0,0.0,2.0,0.0,0.0,0.0,2.0,0.0,0.0,5.0,0.0,2.0,1.0,2.0,2.0,0.0,0.0,0.0,3.0,2.0,1.0,0.0,0.0,0.0,0.0,0.0,0.0,0.0,0.0,2.0,0.0,0.0,0.0,0.0,0.0,0.0,0.0,0.0,0.0,0.0,2.0,0.0,0.0,0.0,0.0,0.0,3.0,0.0,0.0,1.0,3.0,0.0,0.0,0.0,0.0,6.0,5.0,6.0,0.0,0.0,2.0,3.0,2.0,0.0,1.0,0.0,0.0,0.0,0.0,1.0,0.0,1.0,1.0,0.0,3.0,0.0,0.0,0.0,8.0,0.0,0.0,0.0,2.0,0.0,0.0,2.0,1.0,0.0,3.0,0.0,2.0,0.0,0.0,0.0,0.0,3.0,0.0,0.0,2.0,0.0,0.0,1.0,0.0,0.0,4.0,2.0,0.0,0.0,0.0,0.0,2.0,1.0,7.0,0.0,2.0,1.0,0.0,0.0,6.0,1.0,5.0,0.0,0.0,0.0,0.0,0.0,1.0,0.0,0.0,2.0,0.0,0.0,1.0,2.0,0.0,0.0,2.0,0.0,0.0,0.0,8.0,0.0,0.0,0.0,0.0,0.0,0.0,0.0,0.0,2.0,2.0,1.0,6.0,0.0,0.0,0.0,0.0,0.0,0.0,0.0,0.0,0.0,0.0,0.0,0.0,0.0,0.0,0.0,0.0,0.0,0.0,0.0,2.0,0.0,0.0,0.0,0.0,0.0,0.0,0.0,0.0,0.0,0.0,0.0,0.0,0.0,1.0,1.0,0.0,0.0,0.0
0.0,4.0,11.0,10.0,1.0,0.0,0.0,1.0,0.0,0.0,0.0,10.0,1.0,6.0,0.0,8.0,16.0,3.0,0.0,0.0,0.0,3.0,0.0,0.0,0.0,1.0,2.0,2.0,1.0,1.0,0.0,0.0,6.0,0.0,2.0,1.0,11.0,0.0,7.0,1.0,7.0,1.0,0.0,0.0,7.0,0.0,2.0,0.0,14.0,2.0,0.0,0.0,0.0,3.0,0.0,2.0,5.0,2.0,0.0,0.0,0.0,1.0,1.0,0.0,2.0,3.0,8.0,1.0,3.0,0.0,15.0,6.0,2.0,0.0,1.0,1.0,0.0,0.0,0.0,1.0,0.0,1.0,0.0,1.0,0.0,3.0,2.0,0.0,0.0,0.0,0.0,1.0,2.0,1.0,4.0,0.0,2.0,0.0,0.0,1.0,1.0,6.0,0.0,0.0,1.0,4.0,0.0,5.0,5.0,6.0,2.0,8.0,0.0,2.0,0.0,0.0,1.0,3.0,3.0,6.0,0.0,2.0,1.0,4.0,0.0,0.0,0.0,1.0,0.0,4.0,3.0,0.0,1.0,0.0,3.0,0.0,2.0,4.0,0.0,7.0,2.0,0.0,0.0,3.0,3.0,0.0,1.0,1.0,1.0,0.0,2.0,4.0,1.0,6.0,3.0,2.0,2.0,0.0,0.0,0.0,3.0,0.0,1.0,1.0,0.0,2.0,2.0,0.0,0.0,0.0,0.0,6.0,0.0,2.0,2.0,9.0,1.0,1.0,3.0,2.0,5.0,2.0,12.0,5.0,4.0,4.0,0.0,2.0,1.0,2.0,3.0,6.0,3.0,10.0,1.0,1.0,0.0,7.0,5.0,2.0,0.0,0.0,2.0,0.0,1.0,0.0,5.0,5.0,4.0,1.0,5.0,4.0,0.0,1.0,0.0,0.0,11.0,0.0,2.0,0.0,7.0,0.0,0.0,0.0,7.0,1.0,2.0,0.0,4.0,3.0,3.0,2.0,2.0,0.0,5.0,2.0,2.0,0.0,0.0,2.0,0.0,3.0,0.0,1.0,1.0,0.0,5.0,3.0,2.0,0.0,2.0,1.0,0.0,9.0,3.0,0.0,6.0,7.0,1.0,6.0,9.0,4.0,0.0,8.0,5.0,0.0,3.0,0.0,3.0,0.0,0.0,1.0,0.0,2.0,3.0,5.0,0.0,0.0,0.0,0.0,2.0,1.0,3.0,2.0,0.0,0.0,0.0,0.0,0.0,1.0,0.0,2.0,1.0,0.0,4.0,0.0,0.0,0.0,0.0,0.0,1.0,0.0,0.0,0.0,0.0,0.0,0.0,0.0,2.0,0.0,0.0,0.0,0.0,2.0,0.0,0.0,0.0,3.0,0.0,2.0,0.0,0.0,3.0,1.0,0.0,2.0,1.0,0.0,0.0,4.0,0.0,0.0,0.0
0.0,5.0,11.0,11.0,1.0,1.0,1.0,1.0,0.0,1.0,0.0,7.0,2.0,5.0,0.0,7.0,23.0,3.0,0.0,0.0,0.0,4.0,0.0,0.0,0.0,2.0,1.0,2.0,2.0,0.0,0.0,0.0,6.0,1.0,6.0,0.0,12.0,0.0,8.0,1.0,6.0,2.0,0.0,0.0,8.0,0.0,2.0,0.0,15.0,3.0,0.0,0.0,0.0,5.0,0.0,2.0,5.0,1.0,0.0,0.0,0.0,1.0,1.0,0.0,4.0,2.0,10.0,1.0,3.0,0.0,13.0,8.0,1.0,0.0,2.0,2.0,0.0,0.0,0.0,0.0,0.0,1.0,2.0,1.0,0.0,3.0,2.0,0.0,0.0,0.0,0.0,1.0,1.0,1.0,1.0,1.0,3.0,0.0,0.0,1.0,1.0,6.0,0.0,0.0,1.0,4.0,1.0,5.0,6.0,5.0,2.0,7.0,0.0,1.0,0.0,0.0,2.0,1.0,3.0,4.0,0.0,2.0,3.0,2.0,0.0,0.0,0.0,1.0,0.0,6.0,5.0,0.0,1.0,0.0,2.0,0.0,1.0,4.0,0.0,7.0,2.0,1.0,0.0,2.0,3.0,0.0,1.0,1.0,0.0,0.0,2.0,5.0,0.0,7.0,4.0,0.0,1.0,0.0,0.0,0.0,3.0,2.0,0.0,3.0,0.0,0.0,5.0,0.0,1.0,1.0,0.0,4.0,0.0,2.0,2.0,9.0,1.0,1.0,3.0,1.0,5.0,1.0,9.0,5.0,3.0,4.0,0.0,2.0,0.0,1.0,2.0,3.0,4.0,9.0,1.0,1.0,0.0,7.0,3.0,2.0,0.0,1.0,1.0,0.0,2.0,0.0,3.0,4.0,3.0,2.0,4.0,5.0,0.0,1.0,1.0,0.0,11.0,0.0,3.0,0.0,8.0,0.0,0.0,0.0,8.0,1.0,1.0,0.0,5.0,1.0,7.0,2.0,3.0,0.0,4.0,3.0,1.0,0.0,0.0,3.0,0.0,2.0,1.0,3.0,0.0,0.0,6.0,3.0,2.0,0.0,2.0,1.0,0.0,7.0,4.0,0.0,6.0,6.0,1.0,5.0,6.0,4.0,0.0,5.0,7.0,0.0,3.0,1.0,3.0,0.0,0.0,0.0,1.0,1.0,2.0,6.0,0.0,0.0,0.0,0.0,2.0,1.0,2.0,1.0,0.0,0.0,2.0,0.0,0.0,0.0,0.0,1.0,1.0,0.0,3.0,1.0,0.0,0.0,0.0,0.0,1.0,0.0,0.0,0.0,0.0,1.0,0.0,0.0,2.0,0.0,0.0,1.0,0.0,2.0,0.0,0.0,0.0,3.0,0.0,2.0,0.0,1.0,2.0,0.0,0.0,1.0,0.0,0.0,0.0,7.0,0.0,0.0,0.0
0.0,3.0,3.0,6.0,0.0,0.0,5.0,0.0,0.0,0.0,0.0,0.0,0.0,2.0,0.0,0.0,23.0,0.0,1.0,0.0,0.0,0.0,0.0,0.0,0.0,0.0,0.0,0.0,3.0,5.0,2.0,0.0,3.0,0.0,2.0,0.0,10.0,2.0,8.0,0.0,1.0,6.0,1.0,0.0,0.0,0.0,5.0,1.0,10.0,0.0,0.0,0.0,0.0,4.0,0.0,4.0,0.0,0.0,0.0,0.0,0.0,0.0,0.0,1.0,0.0,1.0,7.0,0.0,0.0,0.0,8.0,13.0,0.0,0.0,0.0,0.0,0.0,2.0,0.0,0.0,0.0,0.0,3.0,0.0,0.0,1.0,0.0,0.0,0.0,1.0,0.0,0.0,0.0,0.0,1.0,5.0,0.0,0.0,0.0,0.0,0.0,2.0,0.0,0.0,0.0,0.0,0.0,3.0,3.0,3.0,0.0,0.0,0.0,0.0,0.0,0.0,0.0,2.0,7.0,4.0,0.0,3.0,0.0,0.0,0.0,2.0,0.0,1.0,2.0,1.0,0.0,0.0,0.0,0.0,0.0,1.0,0.0,3.0,0.0,0.0,0.0,0.0,0.0,0.0,0.0,0.0,1.0,0.0,0.0,1.0,0.0,4.0,0.0,6.0,3.0,0.0,2.0,0.0,0.0,0.0,11.0,2.0,0.0,4.0,0.0,1.0,0.0,0.0,0.0,0.0,0.0,0.0,1.0,0.0,1.0,5.0,0.0,0.0,0.0,0.0,3.0,2.0,4.0,3.0,0.0,3.0,0.0,0.0,0.0,0.0,0.0,1.0,5.0,4.0,2.0,4.0,1.0,7.0,0.0,1.0,0.0,3.0,0.0,0.0,6.0,1.0,0.0,4.0,0.0,0.0,3.0,2.0,0.0,1.0,0.0,1.0,4.0,0.0,2.0,1.0,8.0,1.0,1.0,0.0,7.0,0.0,0.0,1.0,4.0,2.0,11.0,3.0,6.0,4.0,0.0,0.0,3.0,0.0,0.0,1.0,0.0,2.0,5.0,8.0,1.0,0.0,2.0,0.0,0.0,0.0,1.0,0.0,0.0,1.0,2.0,0.0,3.0,2.0,0.0,5.0,3.0,0.0,0.0,0.0,0.0,5.0,0.0,0.0,1.0,0.0,1.0,0.0,0.0,0.0,0.0,2.0,0.0,0.0,0.0,1.0,2.0,1.0,5.0,0.0,0.0,0.0,0.0,0.0,0.0,0.0,0.0,0.0,0.0,0.0,0.0,0.0,0.0,1.0,3.0,0.0,0.0,0.0,0.0,2.0,0.0,0.0,3.0,0.0,0.0,0.0,0.0,3.0,0.0,0.0,0.0,2.0,0.0,0.0,1.0,0.0,1.0,0.0,2.0,0.0,0.0,0.0,0.0,0.0,0.0,1.0,0.0,0.0,0.0
1.0,9.0,12.0,13.0,4.0,2.0,2.0,1.0,0.0,2.0,0.0,8.0,6.0,6.0,1.0,12.0,35.0,2.0,2.0,0.0,2.0,3.0,1.0,2.0,0.0,3.0,3.0,3.0,3.0,2.0,1.0,0.0,17.0,4.0,3.0,0.0,21.0,0.0,10.0,4.0,3.0,2.0,0.0,1.0,2.0,0.0,3.0,2.0,17.0,0.0,2.0,1.0,7.0,5.0,0.0,2.0,7.0,3.0,0.0,1.0,0.0,2.0,1.0,0.0,2.0,7.0,18.0,1.0,3.0,0.0,12.0,11.0,3.0,1.0,1.0,1.0,0.0,1.0,0.0,1.0,0.0,0.0,2.0,2.0,0.0,4.0,1.0,1.0,0.0,0.0,2.0,1.0,3.0,1.0,1.0,4.0,2.0,0.0,0.0,2.0,2.0,14.0,1.0,0.0,1.0,5.0,0.0,4.0,6.0,7.0,2.0,11.0,1.0,4.0,0.0,0.0,4.0,6.0,10.0,7.0,1.0,12.0,2.0,3.0,1.0,1.0,0.0,4.0,0.0,8.0,9.0,0.0,1.0,0.0,2.0,0.0,1.0,5.0,0.0,7.0,3.0,2.0,1.0,1.0,3.0,0.0,1.0,2.0,0.0,0.0,2.0,10.0,2.0,7.0,9.0,2.0,7.0,0.0,0.0,0.0,11.0,3.0,0.0,5.0,0.0,0.0,6.0,2.0,1.0,2.0,0.0,8.0,1.0,0.0,8.0,11.0,1.0,3.0,6.0,1.0,4.0,2.0,13.0,7.0,4.0,1.0,0.0,5.0,0.0,1.0,2.0,2.0,7.0,16.0,0.0,2.0,0.0,9.0,3.0,5.0,1.0,2.0,2.0,1.0,5.0,1.0,8.0,6.0,1.0,2.0,11.0,7.0,1.0,1.0,1.0,0.0,18.0,2.0,10.0,0.0,12.0,0.0,1.0,1.0,6.0,2.0,1.0,0.0,4.0,5.0,13.0,6.0,7.0,3.0,3.0,5.0,0.0,0.0,0.0,0.0,1.0,2.0,2.0,3.0,4.0,2.0,12.0,5.0,1.0,0.0,1.0,3.0,1.0,8.0,11.0,0.0,9.0,9.0,0.0,9.0,8.0,8.0,0.0,3.0,3.0,0.0,12.0,1.0,3.0,1.0,0.0,3.0,2.0,1.0,1.0,10.0,3.0,1.0,0.0,0.0,0.0,0.0,6.0,2.0,1.0,0.0,0.0,0.0,1.0,0.0,0.0,2.0,2.0,0.0,3.0,0.0,0.0,6.0,0.0,0.0,0.0,0.0,2.0,0.0,0.0,0.0,0.0,1.0,3.0,0.0,1.0,1.0,0.0,0.0,1.0,0.0,0.0,6.0,0.0,3.0,0.0,2.0,2.0,0.0,2.0,1.0,0.0,0.0,0.0,9.0,1.0,1.0,0.0
0.0,1.0,4.0,9.0,3.0,0.0,1.0,0.0,1.0,1.0,0.0,1.0,2.0,2.0,0.0,2.0,17.0,2.0,0.0,0.0,0.0,2.0,0.0,1.0,0.0,0.0,0.0,0.0,1.0,0.0,0.0,1.0,6.0,0.0,2.0,2.0,7.0,0.0,4.0,3.0,2.0,0.0,0.0,0.0,2.0,1.0,2.0,1.0,15.0,1.0,0.0,0.0,1.0,2.0,1.0,1.0,2.0,0.0,0.0,0.0,0.0,1.0,0.0,0.0,4.0,2.0,5.0,0.0,1.0,0.0,2.0,5.0,0.0,0.0,1.0,3.0,0.0,1.0,0.0,0.0,0.0,0.0,1.0,1.0,0.0,1.0,0.0,1.0,0.0,0.0,1.0,0.0,2.0,0.0,0.0,1.0,2.0,0.0,0.0,2.0,1.0,7.0,0.0,0.0,0.0,1.0,0.0,1.0,5.0,2.0,0.0,4.0,1.0,4.0,0.0,0.0,2.0,1.0,5.0,0.0,0.0,5.0,4.0,1.0,1.0,0.0,0.0,3.0,0.0,3.0,2.0,1.0,0.0,0.0,0.0,0.0,0.0,4.0,0.0,4.0,2.0,0.0,1.0,0.0,2.0,0.0,0.0,0.0,0.0,0.0,0.0,5.0,0.0,1.0,2.0,2.0,2.0,0.0,0.0,1.0,5.0,4.0,0.0,1.0,0.0,1.0,2.0,1.0,0.0,0.0,0.0,3.0,0.0,0.0,2.0,2.0,0.0,0.0,1.0,0.0,4.0,0.0,6.0,2.0,1.0,0.0,0.0,1.0,0.0,0.0,0.0,0.0,5.0,5.0,0.0,4.0,0.0,2.0,1.0,0.0,1.0,1.0,1.0,1.0,1.0,0.0,2.0,4.0,2.0,2.0,2.0,1.0,1.0,0.0,1.0,0.0,3.0,0.0,1.0,0.0,5.0,0.0,1.0,0.0,6.0,0.0,0.0,0.0,2.0,1.0,2.0,3.0,1.0,0.0,1.0,2.0,0.0,0.0,1.0,2.0,0.0,0.0,1.0,5.0,0.0,1.0,6.0,3.0,1.0,1.0,0.0,0.0,1.0,1.0,3.0,0.0,3.0,1.0,0.0,3.0,4.0,0.0,0.0,0.0,1.0,0.0,1.0,4.0,0.0,1.0,0.0,0.0,0.0,0.0,0.0,6.0,2.0,0.0,0.0,0.0,1.0,0.0,2.0,0.0,0.0,1.0,2.0,0.0,0.0,0.0,0.0,1.0,1.0,0.0,1.0,1.0,0.0,2.0,0.0,1.0,0.0,0.0,0.0,0.0,0.0,0.0,0.0,0.0,3.0,0.0,0.0,0.0,0.0,2.0,0.0,0.0,0.0,1.0,1.0,0.0,0.0,0.0,0.0,0.0,1.0,0.0,0.0,0.0,0.0,4.0,0.0,0.0,0.0
1.0,6.0,7.0,14.0,2.0,0.0,3.0,2.0,0.0,0.0,1.0,11.0,8.0,14.0,0.0,7.0,32.0,2.0,3.0,4.0,0.0,2.0,0.0,0.0,1.0,1.0,1.0,3.0,3.0,1.0,0.0,4.0,7.0,1.0,6.0,0.0,18.0,0.0,11.0,3.0,4.0,3.0,1.0,0.0,4.0,0.0,5.0,9.0,23.0,0.0,0.0,0.0,1.0,1.0,0.0,8.0,7.0,5.0,2.0,8.0,0.0,1.0,1.0,1.0,0.0,11.0,17.0,2.0,1.0,4.0,25.0,26.0,1.0,0.0,1.0,0.0,1.0,8.0,1.0,0.0,4.0,0.0,4.0,1.0,4.0,3.0,2.0,0.0,0.0,1.0,4.0,1.0,5.0,1.0,3.0,2.0,10.0,0.0,0.0,1.0,1.0,10.0,0.0,2.0,1.0,12.0,1.0,6.0,5.0,4.0,3.0,10.0,0.0,1.0,1.0,0.0,2.0,3.0,5.0,5.0,2.0,6.0,5.0,3.0,0.0,2.0,4.0,2.0,0.0,4.0,3.0,1.0,0.0,1.0,2.0,1.0,1.0,7.0,1.0,10.0,1.0,0.0,1.0,2.0,11.0,0.0,2.0,1.0,0.0,1.0,1.0,6.0,4.0,12.0,5.0,1.0,12.0,0.0,4.0,0.0,9.0,4.0,6.0,1.0,0.0,1.0,3.0,0.0,0.0,0.0,0.0,6.0,1.0,0.0,3.0,20.0,0.0,1.0,2.0,1.0,11.0,1.0,10.0,5.0,2.0,4.0,0.0,3.0,1.0,1.0,2.0,5.0,7.0,11.0,0.0,13.0,2.0,17.0,13.0,5.0,0.0,1.0,5.0,1.0,5.0,1.0,2.0,18.0,1.0,0.0,8.0,6.0,4.0,13.0,1.0,6.0,18.0,0.0,3.0,1.0,16.0,5.0,1.0,0.0,4.0,1.0,1.0,1.0,5.0,1.0,16.0,14.0,12.0,2.0,3.0,1.0,2.0,1.0,0.0,2.0,0.0,4.0,4.0,5.0,6.0,0.0,10.0,6.0,1.0,0.0,3.0,1.0,4.0,20.0,10.0,0.0,16.0,13.0,0.0,10.0,18.0,3.0,1.0,3.0,3.0,1.0,3.0,0.0,24.0,4.0,6.0,3.0,4.0,1.0,6.0,10.0,0.0,0.0,0.0,1.0,2.0,2.0,2.0,1.0,0.0,0.0,0.0,4.0,4.0,0.0,0.0,1.0,1.0,1.0,4.0,0.0,0.0,9.0,1.0,0.0,0.0,0.0,0.0,0.0,1.0,1.0,1.0,0.0,2.0,0.0,0.0,5.0,0.0,0.0,0.0,0.0,0.0,2.0,1.0,2.0,1.0,0.0,4.0,0.0,0.0,1.0,0.0,0.0,5.0,5.0,0.0,0.0,0.0
0.0,1.0,4.0,5.0,2.0,0.0,0.0,0.0,0.0,0.0,0.0,2.0,4.0,3.0,0.0,0.0,16.0,2.0,1.0,1.0,0.0,1.0,0.0,0.0,1.0,0.0,0.0,0.0,1.0,0.0,0.0,1.0,5.0,0.0,1.0,0.0,4.0,0.0,2.0,2.0,0.0,0.0,0.0,0.0,0.0,0.0,0.0,3.0,7.0,0.0,0.0,0.0,1.0,1.0,0.0,1.0,3.0,1.0,0.0,2.0,0.0,1.0,0.0,0.0,2.0,3.0,4.0,0.0,1.0,2.0,4.0,6.0,0.0,0.0,0.0,0.0,0.0,3.0,0.0,0.0,1.0,0.0,0.0,1.0,1.0,1.0,0.0,1.0,0.0,0.0,1.0,0.0,2.0,0.0,0.0,0.0,3.0,0.0,0.0,1.0,1.0,3.0,0.0,0.0,0.0,2.0,0.0,0.0,1.0,2.0,0.0,3.0,1.0,3.0,0.0,0.0,2.0,1.0,2.0,1.0,0.0,5.0,2.0,2.0,1.0,0.0,1.0,3.0,0.0,2.0,0.0,0.0,0.0,0.0,0.0,0.0,0.0,3.0,0.0,3.0,2.0,0.0,1.0,0.0,3.0,0.0,0.0,0.0,0.0,1.0,0.0,3.0,1.0,2.0,0.0,2.0,4.0,0.0,1.0,0.0,3.0,1.0,1.0,2.0,1.0,0.0,1.0,0.0,0.0,0.0,0.0,0.0,1.0,0.0,2.0,5.0,0.0,0.0,0.0,0.0,2.0,0.0,3.0,0.0,1.0,0.0,0.0,1.0,0.0,0.0,0.0,0.0,3.0,2.0,0.0,2.0,0.0,4.0,3.0,0.0,1.0,0.0,2.0,1.0,1.0,0.0,1.0,5.0,1.0,1.0,3.0,1.0,1.0,2.0,0.0,2.0,8.0,0.0,1.0,0.0,6.0,1.0,1.0,0.0,3.0,0.0,0.0,0.0,0.0,2.0,2.0,5.0,3.0,1.0,1.0,1.0,0.0,0.0,0.0,0.0,1.0,0.0,2.0,2.0,1.0,0.0,3.0,3.0,0.0,0.0,0.0,1.0,2.0,4.0,3.0,0.0,4.0,3.0,0.0,4.0,3.0,1.0,0.0,0.0,0.0,0.0,1.0,1.0,4.0,3.0,1.0,1.0,1.0,0.0,1.0,3.0,2.0,0.0,0.0,0.0,0.0,0.0,1.0,0.0,0.0,0.0,0.0,1.0,1.0,0.0,0.0,1.0,1.0,0.0,1.0,0.0,0.0,5.0,1.0,0.0,0.0,0.0,0.0,0.0,0.0,0.0,0.0,0.0,1.0,0.0,0.0,0.0,1.0,0.0,1.0,0.0,0.0,0.0,0.0,0.0,0.0,0.0,0.0,0.0,0.0,0.0,0.0,1.0,1.0,2.0,0.0,0.0,0.0
0.0,2.0,4.0,8.0,0.0,0.0,2.0,1.0,0.0,1.0,1.0,2.0,2.0,3.0,1.0,2.0,15.0,0.0,2.0,1.0,0.0,0.0,0.0,0.0,0.0,0.0,0.0,1.0,1.0,1.0,0.0,1.0,4.0,0.0,1.0,0.0,8.0,0.0,9.0,0.0,2.0,2.0,1.0,0.0,1.0,0.0,4.0,3.0,11.0,0.0,0.0,0.0,0.0,0.0,0.0,2.0,1.0,1.0,0.0,2.0,0.0,0.0,1.0,1.0,0.0,3.0,3.0,1.0,0.0,1.0,11.0,10.0,0.0,0.0,0.0,1.0,0.0,3.0,0.0,0.0,1.0,0.0,1.0,0.0,1.0,1.0,0.0,0.0,0.0,1.0,1.0,0.0,1.0,0.0,1.0,2.0,2.0,0.0,0.0,0.0,0.0,2.0,0.0,1.0,0.0,3.0,0.0,4.0,3.0,2.0,0.0,1.0,0.0,0.0,0.0,0.0,1.0,0.0,2.0,2.0,2.0,2.0,1.0,0.0,0.0,2.0,1.0,1.0,0.0,1.0,1.0,2.0,0.0,1.0,0.0,1.0,0.0,5.0,1.0,3.0,0.0,0.0,1.0,0.0,3.0,0.0,2.0,0.0,0.0,1.0,0.0,2.0,1.0,3.0,2.0,0.0,4.0,0.0,1.0,0.0,5.0,0.0,2.0,0.0,0.0,1.0,0.0,1.0,0.0,0.0,0.0,0.0,1.0,0.0,2.0,4.0,0.0,0.0,1.0,0.0,5.0,0.0,7.0,1.0,0.0,1.0,0.0,0.0,0.0,0.0,0.0,2.0,3.0,7.0,0.0,10.0,1.0,7.0,4.0,1.0,0.0,1.0,1.0,0.0,3.0,1.0,0.0,6.0,1.0,1.0,7.0,3.0,1.0,6.0,0.0,2.0,7.0,0.0,2.0,2.0,5.0,2.0,1.0,0.0,1.0,0.0,0.0,1.0,2.0,0.0,8.0,4.0,4.0,2.0,0.0,0.0,3.0,0.0,0.0,1.0,0.0,3.0,3.0,3.0,3.0,0.0,2.0,1.0,0.0,0.0,1.0,1.0,1.0,6.0,3.0,0.0,4.0,3.0,0.0,7.0,5.0,1.0,0.0,0.0,0.0,1.0,0.0,0.0,6.0,1.0,5.0,1.0,1.0,0.0,1.0,2.0,0.0,0.0,0.0,1.0,3.0,2.0,1.0,0.0,0.0,0.0,0.0,1.0,1.0,0.0,1.0,0.0,0.0,0.0,0.0,0.0,0.0,4.0,1.0,0.0,0.0,0.0,0.0,0.0,1.0,0.0,1.0,0.0,0.0,0.0,0.0,3.0,0.0,0.0,0.0,0.0,0.0,1.0,1.0,0.0,1.0,0.0,2.0,0.0,1.0,0.0,0.0,0.0,1.0,1.0,0.0,0.0,0.0
1.0,6.0,11.0,18.0,2.0,0.0,4.0,2.0,0.0,0.0,1.0,6.0,3.0,6.0,0.0,5.0,30.0,1.0,4.0,0.0,0.0,0.0,4.0,0.0,2.0,0.0,1.0,5.0,4.0,2.0,1.0,0.0,21.0,1.0,2.0,2.0,11.0,0.0,13.0,0.0,1.0,0.0,0.0,1.0,5.0,0.0,9.0,6.0,19.0,0.0,2.0,1.0,2.0,6.0,0.0,6.0,8.0,1.0,0.0,2.0,0.0,0.0,2.0,1.0,0.0,4.0,13.0,3.0,2.0,1.0,15.0,14.0,1.0,0.0,0.0,2.0,0.0,1.0,2.0,2.0,0.0,0.0,0.0,0.0,0.0,5.0,0.0,2.0,1.0,0.0,1.0,0.0,2.0,0.0,2.0,5.0,0.0,0.0,1.0,0.0,0.0,8.0,1.0,4.0,0.0,3.0,0.0,3.0,9.0,4.0,0.0,3.0,0.0,1.0,0.0,0.0,2.0,8.0,4.0,5.0,2.0,8.0,3.0,2.0,0.0,5.0,0.0,0.0,0.0,3.0,1.0,1.0,1.0,2.0,0.0,1.0,0.0,8.0,1.0,11.0,2.0,0.0,3.0,1.0,1.0,1.0,0.0,1.0,2.0,1.0,0.0,12.0,3.0,5.0,8.0,7.0,8.0,1.0,0.0,1.0,6.0,0.0,2.0,5.0,1.0,4.0,0.0,0.0,0.0,0.0,1.0,10.0,1.0,1.0,10.0,8.0,1.0,2.0,0.0,1.0,3.0,2.0,8.0,5.0,1.0,1.0,0.0,4.0,2.0,0.0,1.0,4.0,9.0,17.0,0.0,5.0,2.0,14.0,11.0,6.0,0.0,0.0,1.0,1.0,6.0,1.0,5.0,12.0,1.0,6.0,7.0,4.0,0.0,2.0,1.0,3.0,14.0,2.0,5.0,1.0,11.0,0.0,1.0,1.0,5.0,1.0,0.0,1.0,4.0,4.0,12.0,8.0,7.0,4.0,1.0,1.0,3.0,1.0,0.0,0.0,3.0,2.0,9.0,8.0,4.0,2.0,4.0,5.0,0.0,0.0,1.0,2.0,1.0,5.0,11.0,0.0,2.0,10.0,0.0,5.0,10.0,2.0,2.0,1.0,0.0,0.0,3.0,0.0,3.0,1.0,1.0,14.0,0.0,0.0,0.0,2.0,0.0,0.0,1.0,0.0,2.0,2.0,7.0,2.0,0.0,0.0,0.0,0.0,1.0,1.0,0.0,1.0,1.0,0.0,2.0,0.0,0.0,3.0,1.0,0.0,1.0,0.0,2.0,0.0,1.0,0.0,0.0,0.0,0.0,3.0,1.0,3.0,1.0,0.0,3.0,0.0,0.0,0.0,1.0,0.0,0.0,1.0,2.0,1.0,0.0,0.0,1.0,1.0,1.0,7.0,1.0,1.0,1.0
0.0,3.0,2.0,3.0,0.0,1.0,2.0,0.0,0.0,1.0,0.0,3.0,3.0,2.0,1.0,2.0,9.0,0.0,0.0,1.0,2.0,0.0,0.0,0.0,0.0,1.0,0.0,0.0,0.0,2.0,0.0,1.0,1.0,1.0,2.0,0.0,2.0,0.0,1.0,0.0,0.0,1.0,0.0,0.0,0.0,0.0,0.0,2.0,3.0,0.0,0.0,0.0,1.0,1.0,0.0,1.0,1.0,1.0,0.0,2.0,0.0,0.0,0.0,0.0,0.0,2.0,3.0,0.0,0.0,1.0,4.0,5.0,0.0,0.0,0.0,0.0,0.0,2.0,0.0,0.0,1.0,0.0,1.0,0.0,1.0,1.0,0.0,0.0,0.0,0.0,2.0,0.0,1.0,0.0,0.0,3.0,2.0,0.0,0.0,0.0,0.0,5.0,0.0,0.0,0.0,4.0,0.0,0.0,1.0,0.0,0.0,3.0,0.0,0.0,0.0,0.0,1.0,1.0,3.0,1.0,1.0,2.0,1.0,1.0,0.0,0.0,1.0,0.0,0.0,2.0,3.0,0.0,0.0,0.0,0.0,0.0,0.0,3.0,0.0,1.0,0.0,1.0,0.0,0.0,2.0,0.0,0.0,0.0,0.0,0.0,1.0,1.0,1.0,2.0,2.0,0.0,2.0,0.0,1.0,0.0,2.0,0.0,1.0,1.0,0.0,0.0,2.0,1.0,1.0,1.0,0.0,0.0,1.0,0.0,1.0,4.0,0.0,0.0,2.0,0.0,1.0,0.0,0.0,0.0,0.0,0.0,0.0,0.0,0.0,0.0,0.0,0.0,0.0,3.0,0.0,2.0,0.0,3.0,2.0,1.0,0.0,1.0,1.0,0.0,2.0,0.0,2.0,3.0,0.0,0.0,2.0,0.0,1.0,2.0,0.0,1.0,9.0,0.0,2.0,0.0,4.0,1.0,0.0,0.0,2.0,0.0,0.0,0.0,1.0,0.0,4.0,2.0,5.0,0.0,0.0,2.0,0.0,0.0,0.0,0.0,0.0,0.0,0.0,0.0,1.0,0.0,5.0,2.0,0.0,0.0,0.0,0.0,1.0,4.0,4.0,0.0,3.0,2.0,0.0,0.0,2.0,3.0,0.0,0.0,1.0,0.0,2.0,0.0,4.0,1.0,1.0,0.0,3.0,0.0,1.0,3.0,0.0,0.0,0.0,0.0,0.0,0.0,3.0,0.0,0.0,0.0,0.0,1.0,1.0,0.0,0.0,0.0,0.0,0.0,0.0,0.0,0.0,3.0,0.0,0.0,0.0,0.0,0.0,0.0,0.0,0.0,0.0,1.0,0.0,0.0,0.0,0.0,0.0,0.0,0.0,0.0,0.0,2.0,0.0,0.0,0.0,1.0,0.0,0.0,0.0,0.0,0.0,0.0,1.0,2.0,0.0,0.0,0.0
0.0,1.0,1.0,1.0,0.0,0.0,0.0,0.0,0.0,0.0,0.0,3.0,0.0,1.0,0.0,3.0,1.0,1.0,0.0,0.0,0.0,0.0,0.0,0.0,0.0,0.0,1.0,1.0,0.0,0.0,0.0,0.0,1.0,0.0,0.0,0.0,2.0,0.0,1.0,0.0,2.0,0.0,0.0,0.0,1.0,0.0,0.0,0.0,1.0,0.0,0.0,0.0,0.0,0.0,0.0,1.0,1.0,1.0,0.0,0.0,0.0,0.0,0.0,0.0,0.0,0.0,2.0,0.0,0.0,0.0,2.0,2.0,1.0,0.0,0.0,0.0,0.0,0.0,0.0,0.0,0.0,0.0,0.0,0.0,0.0,0.0,1.0,0.0,0.0,0.0,0.0,0.0,1.0,0.0,1.0,0.0,1.0,0.0,0.0,0.0,0.0,0.0,0.0,0.0,0.0,1.0,0.0,1.0,0.0,2.0,0.0,3.0,0.0,1.0,0.0,0.0,0.0,1.0,0.0,1.0,0.0,0.0,0.0,1.0,0.0,0.0,0.0,0.0,0.0,0.0,1.0,0.0,0.0,0.0,1.0,0.0,1.0,1.0,0.0,2.0,0.0,0.0,0.0,1.0,1.0,0.0,0.0,0.0,0.0,0.0,1.0,0.0,0.0,1.0,1.0,0.0,0.0,0.0,0.0,0.0,0.0,0.0,0.0,0.0,0.0,0.0,0.0,0.0,0.0,0.0,0.0,1.0,0.0,0.0,0.0,3.0,0.0,0.0,1.0,0.0,2.0,1.0,2.0,0.0,1.0,1.0,0.0,0.0,0.0,1.0,1.0,1.0,0.0,1.0,0.0,0.0,0.0,0.0,1.0,1.0,0.0,0.0,1.0,0.0,0.0,0.0,0.0,0.0,1.0,0.0,2.0,0.0,0.0,0.0,0.0,0.0,2.0,0.0,0.0,0.0,0.0,0.0,0.0,0.0,0.0,0.0,1.0,0.0,0.0,1.0,0.0,0.0,0.0,0.0,1.0,1.0,0.0,0.0,0.0,0.0,0.0,0.0,0.0,0.0,0.0,0.0,0.0,1.0,1.0,0.0,1.0,0.0,0.0,3.0,0.0,0.0,2.0,2.0,0.0,2.0,3.0,2.0,0.0,2.0,1.0,0.0,1.0,0.0,1.0,0.0,0.0,0.0,0.0,1.0,1.0,0.0,0.0,0.0,0.0,0.0,0.0,0.0,1.0,0.0,0.0,0.0,0.0,0.0,0.0,0.0,0.0,1.0,0.0,0.0,1.0,0.0,0.0,0.0,0.0,0.0,0.0,0.0,0.0,0.0,0.0,0.0,0.0,0.0,0.0,0.0,0.0,0.0,0.0,0.0,0.0,0.0,0.0,1.0,0.0,0.0,0.0,0.0,0.0,0.0,0.0,1.0,0.0,0.0,0.0,0.0,0.0,0.0,0.0
0.0,4.0,7.0,9.0,2.0,0.0,1.0,0.0,1.0,0.0,1.0,7.0,2.0,7.0,0.0,5.0,15.0,5.0,2.0,1.0,0.0,0.0,0.0,0.0,1.0,0.0,3.0,1.0,3.0,0.0,0.0,1.0,1.0,0.0,3.0,0.0,11.0,0.0,3.0,3.0,3.0,1.0,0.0,0.0,5.0,0.0,4.0,2.0,7.0,1.0,0.0,0.0,1.0,5.0,0.0,4.0,4.0,2.0,2.0,2.0,2.0,0.0,1.0,0.0,3.0,4.0,10.0,0.0,2.0,1.0,6.0,8.0,1.0,0.0,0.0,0.0,1.0,3.0,0.0,0.0,1.0,0.0,2.0,0.0,1.0,2.0,1.0,0.0,0.0,0.0,1.0,1.0,2.0,0.0,2.0,0.0,3.0,0.0,0.0,0.0,0.0,13.0,0.0,0.0,0.0,7.0,0.0,3.0,4.0,5.0,1.0,4.0,0.0,1.0,1.0,0.0,1.0,3.0,8.0,3.0,2.0,4.0,4.0,3.0,0.0,0.0,1.0,0.0,0.0,5.0,2.0,0.0,1.0,2.0,2.0,0.0,1.0,5.0,0.0,7.0,1.0,0.0,0.0,1.0,4.0,0.0,0.0,0.0,0.0,0.0,1.0,3.0,3.0,4.0,3.0,1.0,5.0,0.0,1.0,0.0,5.0,4.0,2.0,0.0,0.0,0.0,0.0,0.0,0.0,0.0,2.0,8.0,0.0,0.0,4.0,9.0,0.0,0.0,1.0,0.0,5.0,1.0,3.0,0.0,2.0,1.0,0.0,0.0,1.0,1.0,3.0,2.0,5.0,1.0,0.0,2.0,0.0,12.0,6.0,4.0,4.0,0.0,2.0,1.0,3.0,0.0,3.0,3.0,1.0,1.0,4.0,2.0,1.0,3.0,1.0,1.0,13.0,0.0,2.0,0.0,12.0,1.0,1.0,0.0,9.0,0.0,1.0,0.0,3.0,2.0,6.0,2.0,5.0,0.0,1.0,1.0,1.0,1.0,0.0,0.0,0.0,0.0,2.0,1.0,1.0,0.0,11.0,2.0,1.0,0.0,1.0,0.0,1.0,10.0,12.0,0.0,6.0,7.0,0.0,5.0,11.0,3.0,1.0,3.0,2.0,0.0,1.0,0.0,6.0,1.0,1.0,0.0,1.0,1.0,10.0,11.0,0.0,0.0,0.0,0.0,1.0,0.0,1.0,0.0,0.0,0.0,0.0,1.0,1.0,0.0,0.0,1.0,0.0,1.0,3.0,0.0,0.0,2.0,0.0,0.0,1.0,0.0,2.0,0.0,0.0,0.0,0.0,0.0,1.0,0.0,0.0,0.0,0.0,0.0,0.0,0.0,0.0,1.0,0.0,0.0,0.0,0.0,0.0,0.0,0.0,1.0,0.0,0.0,2.0,6.0,0.0,0.0,0.0
0.0,15.0,26.0,43.0,11.0,1.0,11.0,4.0,2.0,2.0,1.0,17.0,11.0,22.0,2.0,18.0,96.0,18.0,5.0,1.0,4.0,10.0,0.0,3.0,2.0,4.0,5.0,1.0,6.0,6.0,1.0,2.0,25.0,2.0,16.0,4.0,41.0,1.0,20.0,13.0,8.0,3.0,0.0,0.0,9.0,2.0,19.0,4.0,62.0,3.0,0.0,0.0,9.0,19.0,1.0,9.0,13.0,2.0,4.0,2.0,2.0,6.0,3.0,0.0,11.0,16.0,37.0,1.0,12.0,1.0,43.0,32.0,2.0,1.0,4.0,4.0,2.0,13.0,0.0,0.0,1.0,1.0,7.0,5.0,1.0,15.0,0.0,2.0,0.0,0.0,5.0,4.0,7.0,3.0,3.0,10.0,5.0,0.0,0.0,6.0,6.0,67.0,0.0,1.0,3.0,18.0,0.0,10.0,18.0,14.0,9.0,19.0,2.0,12.0,2.0,0.0,9.0,10.0,43.0,9.0,6.0,26.0,16.0,9.0,2.0,0.0,1.0,9.0,1.0,19.0,15.0,2.0,1.0,1.0,3.0,0.0,0.0,17.0,1.0,16.0,7.0,1.0,5.0,1.0,11.0,1.0,3.0,4.0,1.0,0.0,0.0,28.0,6.0,15.0,15.0,6.0,15.0,0.0,1.0,1.0,47.0,13.0,5.0,6.0,1.0,3.0,13.0,4.0,0.0,2.0,2.0,25.0,2.0,2.0,9.0,21.0,4.0,3.0,8.0,3.0,12.0,1.0,29.0,16.0,8.0,2.0,0.0,10.0,3.0,0.0,3.0,7.0,26.0,29.0,2.0,9.0,0.0,37.0,13.0,5.0,6.0,5.0,5.0,4.0,15.0,1.0,20.0,23.0,6.0,5.0,18.0,13.0,4.0,9.0,5.0,1.0,42.0,0.0,12.0,1.0,55.0,3.0,3.0,0.0,33.0,5.0,0.0,0.0,16.0,10.0,28.0,15.0,17.0,4.0,6.0,5.0,5.0,3.0,3.0,6.0,1.0,7.0,7.0,14.0,3.0,1.0,60.0,12.0,1.0,1.0,3.0,7.0,3.0,16.0,43.0,0.0,21.0,15.0,1.0,14.0,24.0,6.0,2.0,5.0,6.0,2.0,10.0,6.0,10.0,3.0,2.0,2.0,3.0,0.0,11.0,57.0,5.0,1.0,0.0,0.0,2.0,6.0,14.0,4.0,1.0,1.0,2.0,1.0,1.0,1.0,0.0,4.0,5.0,2.0,10.0,1.0,1.0,12.0,3.0,2.0,1.0,0.0,2.0,1.0,2.0,0.0,1.0,2.0,18.0,0.0,0.0,0.0,1.0,6.0,1.0,1.0,2.0,8.0,1.0,7.0,0.0,0.0,7.0,0.0,3.0,0.0,0.0,0.0,3.0,24.0,0.0,0.0,0.0
1.0,3.0,6.0,11.0,4.0,1.0,0.0,0.0,0.0,1.0,0.0,2.0,4.0,2.0,0.0,5.0,26.0,2.0,0.0,0.0,0.0,2.0,0.0,2.0,0.0,1.0,0.0,0.0,2.0,0.0,0.0,0.0,7.0,1.0,1.0,0.0,9.0,0.0,4.0,4.0,1.0,0.0,0.0,0.0,3.0,1.0,1.0,0.0,13.0,0.0,0.0,0.0,2.0,3.0,0.0,0.0,3.0,1.0,0.0,0.0,0.0,2.0,0.0,0.0,4.0,4.0,5.0,0.0,2.0,0.0,1.0,6.0,0.0,1.0,0.0,0.0,0.0,1.0,0.0,0.0,0.0,0.0,1.0,2.0,0.0,0.0,0.0,2.0,0.0,0.0,0.0,0.0,3.0,0.0,0.0,1.0,2.0,1.0,0.0,2.0,2.0,7.0,0.0,0.0,0.0,1.0,0.0,1.0,3.0,4.0,0.0,5.0,3.0,6.0,0.0,1.0,4.0,0.0,7.0,1.0,1.0,6.0,0.0,2.0,2.0,0.0,0.0,6.0,0.0,4.0,5.0,0.0,0.0,1.0,0.0,1.0,0.0,4.0,0.0,3.0,4.0,1.0,2.0,0.0,3.0,0.0,1.0,1.0,0.0,0.0,0.0,6.0,0.0,2.0,2.0,2.0,5.0,0.0,0.0,0.0,7.0,2.0,0.0,1.0,0.0,0.0,3.0,1.0,0.0,1.0,0.0,2.0,0.0,0.0,3.0,2.0,1.0,0.0,2.0,0.0,2.0,0.0,6.0,0.0,2.0,0.0,1.0,2.0,0.0,0.0,1.0,1.0,8.0,3.0,0.0,0.0,0.0,2.0,2.0,0.0,2.0,1.0,2.0,2.0,2.0,0.0,5.0,5.0,0.0,1.0,5.0,1.0,1.0,0.0,2.0,0.0,5.0,0.0,3.0,0.0,5.0,0.0,2.0,0.0,7.0,1.0,0.0,0.0,0.0,2.0,3.0,5.0,3.0,0.0,2.0,3.0,1.0,0.0,0.0,0.0,2.0,0.0,3.0,4.0,1.0,0.0,6.0,2.0,0.0,0.0,1.0,2.0,2.0,1.0,3.0,0.0,4.0,0.0,0.0,8.0,2.0,2.0,0.0,0.0,0.0,0.0,3.0,2.0,0.0,2.0,0.0,0.0,0.0,0.0,0.0,5.0,6.0,1.0,0.0,0.0,1.0,0.0,3.0,0.0,1.0,0.0,0.0,0.0,0.0,0.0,0.0,2.0,2.0,0.0,2.0,0.0,0.0,5.0,0.0,1.0,0.0,1.0,0.0,0.0,0.0,0.0,0.0,0.0,2.0,0.0,0.0,0.0,0.0,0.0,2.0,0.0,0.0,2.0,0.0,2.0,0.0,0.0,0.0,0.0,2.0,0.0,0.0,0.0,0.0,6.0,0.0,0.0,0.0
0.0,1.0,2.0,0.0,0.0,1.0,0.0,0.0,0.0,1.0,0.0,0.0,0.0,0.0,0.0,3.0,6.0,0.0,0.0,0.0,0.0,0.0,0.0,2.0,0.0,1.0,0.0,0.0,0.0,0.0,0.0,0.0,0.0,1.0,1.0,0.0,2.0,0.0,1.0,0.0,0.0,0.0,0.0,0.0,0.0,0.0,0.0,0.0,0.0,0.0,0.0,0.0,0.0,0.0,0.0,0.0,0.0,1.0,0.0,0.0,0.0,0.0,0.0,0.0,0.0,1.0,0.0,0.0,2.0,0.0,1.0,0.0,0.0,1.0,0.0,0.0,0.0,1.0,0.0,0.0,0.0,0.0,1.0,0.0,0.0,0.0,0.0,0.0,0.0,0.0,0.0,0.0,0.0,0.0,0.0,1.0,0.0,0.0,0.0,0.0,0.0,1.0,0.0,0.0,0.0,1.0,0.0,0.0,0.0,1.0,0.0,1.0,0.0,0.0,0.0,0.0,0.0,0.0,1.0,1.0,0.0,0.0,0.0,0.0,0.0,0.0,0.0,0.0,0.0,2.0,4.0,0.0,0.0,0.0,0.0,0.0,0.0,0.0,0.0,0.0,0.0,1.0,0.0,0.0,0.0,0.0,0.0,0.0,0.0,0.0,0.0,0.0,0.0,0.0,1.0,0.0,1.0,0.0,0.0,0.0,0.0,0.0,0.0,0.0,0.0,0.0,1.0,1.0,0.0,1.0,0.0,0.0,0.0,0.0,1.0,0.0,1.0,0.0,2.0,0.0,0.0,0.0,0.0,0.0,0.0,0.0,0.0,0.0,0.0,0.0,0.0,0.0,0.0,3.0,0.0,0.0,0.0,0.0,0.0,0.0,0.0,1.0,0.0,0.0,0.0,0.0,3.0,1.0,0.0,0.0,2.0,1.0,1.0,0.0,1.0,0.0,3.0,0.0,1.0,0.0,1.0,0.0,0.0,0.0,1.0,1.0,0.0,0.0,0.0,0.0,1.0,1.0,1.0,0.0,0.0,1.0,0.0,0.0,0.0,0.0,1.0,0.0,1.0,0.0,1.0,0.0,1.0,0.0,0.0,0.0,0.0,2.0,0.0,1.0,1.0,0.0,1.0,0.0,0.0,0.0,0.0,2.0,0.0,0.0,0.0,0.0,1.0,0.0,0.0,0.0,0.0,0.0,0.0,0.0,0.0,1.0,1.0,1.0,0.0,0.0,0.0,0.0,1.0,0.0,1.0,0.0,0.0,0.0,0.0,0.0,0.0,0.0,0.0,0.0,0.0,0.0,0.0,1.0,0.0,0.0,0.0,0.0,0.0,0.0,0.0,0.0,0.0,0.0,0.0,0.0,0.0,0.0,0.0,0.0,1.0,0.0,0.0,2.0,0.0,1.0,0.0,0.0,0.0,0.0,2.0,0.0,0.0,0.0,0.0,3.0,0.0,0.0,0.0
1.0,0.0,0.0,2.0,1.0,0.0,2.0,0.0,0.0,0.0,0.0,0.0,1.0,0.0,0.0,0.0,2.0,0.0,1.0,0.0,0.0,0.0,0.0,0.0,0.0,0.0,0.0,0.0,0.0,0.0,0.0,0.0,0.0,0.0,0.0,1.0,0.0,0.0,0.0,0.0,1.0,0.0,0.0,0.0,0.0,0.0,1.0,1.0,4.0,0.0,0.0,0.0,0.0,2.0,0.0,0.0,2.0,0.0,0.0,1.0,0.0,0.0,0.0,0.0,0.0,0.0,0.0,0.0,0.0,0.0,0.0,0.0,0.0,0.0,0.0,0.0,0.0,0.0,0.0,0.0,0.0,0.0,0.0,0.0,0.0,0.0,0.0,1.0,0.0,0.0,0.0,0.0,1.0,0.0,0.0,2.0,0.0,0.0,0.0,0.0,0.0,2.0,0.0,0.0,0.0,1.0,0.0,1.0,2.0,0.0,0.0,1.0,0.0,1.0,0.0,0.0,0.0,0.0,1.0,0.0,0.0,1.0,0.0,0.0,0.0,2.0,0.0,0.0,0.0,0.0,0.0,0.0,0.0,0.0,0.0,0.0,0.0,1.0,0.0,0.0,0.0,0.0,1.0,0.0,1.0,0.0,0.0,0.0,1.0,0.0,0.0,2.0,0.0,1.0,0.0,1.0,0.0,0.0,0.0,0.0,1.0,0.0,0.0,0.0,0.0,0.0,0.0,0.0,0.0,0.0,0.0,0.0,0.0,0.0,0.0,0.0,0.0,0.0,0.0,0.0,0.0,0.0,1.0,0.0,0.0,0.0,0.0,0.0,1.0,0.0,0.0,0.0,1.0,0.0,0.0,0.0,0.0,1.0,2.0,2.0,0.0,0.0,1.0,1.0,1.0,0.0,0.0,0.0,0.0,0.0,0.0,0.0,0.0,0.0,0.0,0.0,0.0,0.0,0.0,0.0,2.0,0.0,0.0,0.0,0.0,0.0,0.0,1.0,0.0,0.0,1.0,0.0,1.0,0.0,0.0,0.0,0.0,1.0,0.0,0.0,1.0,0.0,0.0,0.0,0.0,0.0,1.0,1.0,0.0,0.0,0.0,0.0,1.0,0.0,2.0,0.0,0.0,0.0,0.0,0.0,2.0,0.0,2.0,0.0,0.0,0.0,0.0,0.0,0.0,0.0,0.0,1.0,0.0,0.0,0.0,0.0,0.0,0.0,1.0,0.0,0.0,0.0,4.0,0.0,0.0,0.0,0.0,0.0,0.0,0.0,0.0,1.0,1.0,0.0,2.0,0.0,0.0,0.0,0.0,0.0,0.0,0.0,0.0,0.0,0.0,0.0,0.0,0.0,0.0,0.0,0.0,0.0,0.0,0.0,1.0,0.0,0.0,0.0,0.0,0.0,0.0,0.0,0.0,0.0,0.0,0.0,0.0,0.0,0.0,0.0,0.0,0.0,0.0
0.0,1.0,3.0,2.0,0.0,0.0,1.0,0.0,0.0,0.0,0.0,0.0,0.0,0.0,0.0,0.0,9.0,0.0,1.0,0.0,0.0,0.0,0.0,0.0,0.0,0.0,0.0,0.0,1.0,1.0,0.0,0.0,1.0,0.0,0.0,0.0,6.0,0.0,6.0,0.0,1.0,2.0,1.0,0.0,0.0,0.0,1.0,1.0,6.0,0.0,0.0,0.0,0.0,0.0,0.0,0.0,0.0,0.0,0.0,0.0,0.0,0.0,0.0,1.0,0.0,1.0,1.0,0.0,0.0,0.0,4.0,3.0,0.0,0.0,0.0,0.0,0.0,0.0,0.0,0.0,0.0,0.0,1.0,0.0,0.0,1.0,0.0,0.0,0.0,1.0,0.0,0.0,0.0,0.0,1.0,1.0,0.0,0.0,0.0,0.0,0.0,0.0,0.0,0.0,0.0,0.0,0.0,3.0,3.0,1.0,0.0,0.0,0.0,0.0,0.0,0.0,0.0,0.0,1.0,2.0,0.0,1.0,0.0,0.0,0.0,2.0,0.0,1.0,0.0,1.0,0.0,0.0,0.0,0.0,0.0,1.0,0.0,1.0,0.0,0.0,0.0,0.0,0.0,0.0,0.0,0.0,1.0,0.0,0.0,1.0,0.0,2.0,0.0,2.0,1.0,0.0,2.0,0.0,0.0,0.0,3.0,0.0,0.0,0.0,0.0,1.0,0.0,0.0,0.0,0.0,0.0,0.0,1.0,0.0,1.0,1.0,0.0,0.0,0.0,0.0,3.0,0.0,2.0,1.0,0.0,1.0,0.0,0.0,0.0,0.0,0.0,1.0,3.0,4.0,0.0,4.0,1.0,5.0,0.0,1.0,0.0,1.0,0.0,0.0,2.0,1.0,0.0,2.0,0.0,0.0,3.0,2.0,0.0,1.0,0.0,1.0,2.0,0.0,2.0,1.0,0.0,1.0,1.0,0.0,1.0,0.0,0.0,1.0,2.0,0.0,5.0,1.0,2.0,2.0,0.0,0.0,1.0,0.0,0.0,1.0,0.0,2.0,1.0,2.0,1.0,0.0,0.0,0.0,0.0,0.0,1.0,0.0,0.0,1.0,0.0,0.0,1.0,0.0,0.0,5.0,1.0,0.0,0.0,0.0,0.0,1.0,0.0,0.0,1.0,0.0,1.0,0.0,0.0,0.0,0.0,0.0,0.0,0.0,0.0,1.0,2.0,1.0,1.0,0.0,0.0,0.0,0.0,0.0,0.0,0.0,0.0,0.0,0.0,0.0,0.0,0.0,0.0,1.0,1.0,0.0,0.0,0.0,0.0,0.0,0.0,0.0,1.0,0.0,0.0,0.0,0.0,3.0,0.0,0.0,0.0,0.0,0.0,0.0,1.0,0.0,1.0,0.0,2.0,0.0,0.0,0.0,0.0,0.0,0.0,1.0,0.0,0.0,0.0
1.0,6.0,19.0,29.0,0.0,0.0,4.0,0.0,0.0,0.0,0.0,4.0,0.0,6.0,1.0,9.0,49.0,1.0,4.0,0.0,0.0,1.0,1.0,0.0,1.0,0.0,0.0,4.0,4.0,4.0,0.0,0.0,17.0,0.0,6.0,1.0,22.0,0.0,27.0,0.0,5.0,5.0,2.0,0.0,11.0,1.0,9.0,3.0,34.0,2.0,0.0,1.0,0.0,3.0,0.0,2.0,4.0,0.0,0.0,0.0,0.0,0.0,2.0,3.0,3.0,7.0,12.0,1.0,2.0,0.0,26.0,23.0,1.0,0.0,1.0,3.0,0.0,2.0,0.0,1.0,0.0,1.0,4.0,0.0,0.0,6.0,0.0,1.0,1.0,2.0,1.0,0.0,1.0,0.0,4.0,3.0,1.0,1.0,0.0,0.0,0.0,6.0,0.0,0.0,0.0,2.0,0.0,10.0,10.0,8.0,1.0,0.0,1.0,0.0,0.0,1.0,1.0,4.0,8.0,7.0,1.0,3.0,3.0,2.0,0.0,5.0,0.0,3.0,0.0,8.0,5.0,0.0,1.0,2.0,0.0,4.0,0.0,11.0,0.0,7.0,4.0,0.0,0.0,1.0,2.0,1.0,4.0,1.0,1.0,2.0,0.0,10.0,2.0,8.0,6.0,3.0,11.0,1.0,0.0,3.0,10.0,5.0,2.0,5.0,0.0,5.0,1.0,0.0,0.0,1.0,1.0,9.0,4.0,0.0,10.0,9.0,1.0,1.0,0.0,1.0,9.0,2.0,14.0,8.0,3.0,5.0,2.0,0.0,3.0,0.0,2.0,8.0,14.0,23.0,0.0,13.0,2.0,19.0,8.0,3.0,0.0,2.0,0.0,0.0,8.0,2.0,4.0,18.0,1.0,6.0,12.0,6.0,1.0,2.0,4.0,2.0,13.0,0.0,6.0,4.0,5.0,3.0,3.0,0.0,12.0,1.0,0.0,2.0,12.0,1.0,19.0,7.0,10.0,4.0,1.0,1.0,11.0,0.0,0.0,2.0,1.0,6.0,7.0,15.0,9.0,1.0,4.0,2.0,1.0,0.0,3.0,2.0,0.0,4.0,3.0,1.0,7.0,8.0,0.0,14.0,10.0,0.0,0.0,2.0,2.0,2.0,0.0,1.0,2.0,0.0,3.0,2.0,0.0,0.0,1.0,2.0,1.0,0.0,0.0,2.0,14.0,2.0,5.0,1.0,0.0,0.0,2.0,0.0,0.0,1.0,0.0,0.0,0.0,0.0,0.0,1.0,0.0,5.0,2.0,1.0,1.0,1.0,1.0,0.0,0.0,1.0,2.0,0.0,0.0,1.0,0.0,6.0,0.0,0.0,1.0,0.0,0.0,0.0,5.0,1.0,2.0,1.0,6.0,1.0,0.0,0.0,1.0,0.0,1.0,13.0,0.0,0.0,0.0
0.0,1.0,7.0,10.0,2.0,0.0,2.0,2.0,0.0,0.0,1.0,4.0,2.0,3.0,0.0,0.0,25.0,8.0,1.0,0.0,0.0,1.0,2.0,0.0,0.0,0.0,1.0,0.0,1.0,1.0,0.0,0.0,7.0,0.0,6.0,2.0,8.0,0.0,9.0,0.0,4.0,2.0,1.0,0.0,2.0,0.0,9.0,2.0,17.0,1.0,0.0,0.0,0.0,8.0,0.0,5.0,4.0,0.0,0.0,0.0,0.0,0.0,3.0,1.0,3.0,7.0,10.0,1.0,2.0,0.0,22.0,9.0,2.0,0.0,0.0,0.0,0.0,2.0,0.0,0.0,0.0,1.0,1.0,0.0,0.0,5.0,0.0,0.0,0.0,1.0,0.0,2.0,1.0,0.0,1.0,2.0,0.0,0.0,1.0,0.0,2.0,6.0,0.0,2.0,0.0,2.0,0.0,4.0,6.0,1.0,0.0,2.0,0.0,2.0,0.0,0.0,3.0,2.0,6.0,2.0,2.0,2.0,0.0,1.0,0.0,3.0,0.0,1.0,0.0,3.0,2.0,1.0,0.0,1.0,0.0,1.0,0.0,5.0,1.0,6.0,2.0,0.0,5.0,0.0,1.0,0.0,1.0,2.0,2.0,1.0,0.0,5.0,1.0,8.0,2.0,2.0,6.0,0.0,0.0,1.0,10.0,0.0,1.0,0.0,2.0,1.0,0.0,0.0,0.0,2.0,0.0,3.0,1.0,2.0,1.0,8.0,2.0,0.0,0.0,0.0,4.0,0.0,8.0,5.0,4.0,2.0,0.0,2.0,0.0,0.0,0.0,3.0,5.0,7.0,1.0,8.0,1.0,12.0,7.0,1.0,0.0,5.0,1.0,0.0,6.0,3.0,2.0,10.0,2.0,4.0,8.0,6.0,0.0,3.0,0.0,1.0,9.0,0.0,4.0,4.0,9.0,2.0,3.0,0.0,3.0,0.0,0.0,1.0,4.0,1.0,14.0,4.0,5.0,3.0,1.0,0.0,3.0,2.0,0.0,3.0,0.0,2.0,3.0,5.0,3.0,0.0,4.0,2.0,0.0,0.0,8.0,4.0,0.0,3.0,2.0,0.0,3.0,5.0,1.0,8.0,7.0,0.0,0.0,1.0,1.0,1.0,0.0,0.0,2.0,0.0,2.0,2.0,0.0,0.0,0.0,6.0,0.0,0.0,0.0,1.0,2.0,9.0,3.0,2.0,0.0,0.0,0.0,0.0,0.0,0.0,0.0,1.0,0.0,0.0,1.0,0.0,2.0,5.0,2.0,0.0,0.0,0.0,0.0,0.0,1.0,0.0,1.0,0.0,2.0,2.0,0.0,3.0,2.0,2.0,0.0,0.0,1.0,0.0,2.0,0.0,1.0,0.0,2.0,0.0,0.0,0.0,0.0,0.0,0.0,5.0,0.0,0.0,1.0
4.0,13.0,19.0,30.0,7.0,2.0,19.0,0.0,0.0,3.0,0.0,13.0,9.0,7.0,2.0,16.0,76.0,4.0,5.0,0.0,4.0,1.0,2.0,3.0,0.0,2.0,3.0,5.0,4.0,12.0,2.0,1.0,21.0,2.0,6.0,7.0,27.0,2.0,21.0,2.0,8.0,7.0,1.0,0.0,2.0,1.0,10.0,6.0,46.0,0.0,0.0,0.0,3.0,16.0,1.0,8.0,10.0,2.0,0.0,4.0,0.0,1.0,0.0,3.0,2.0,5.0,17.0,1.0,4.0,0.0,23.0,33.0,1.0,1.0,0.0,2.0,0.0,8.0,0.0,1.0,0.0,0.0,6.0,1.0,0.0,7.0,1.0,7.0,2.0,1.0,2.0,0.0,9.0,0.0,4.0,22.0,2.0,0.0,0.0,2.0,1.0,30.0,0.0,0.0,0.0,12.0,0.0,10.0,16.0,9.0,0.0,17.0,1.0,13.0,0.0,0.0,5.0,8.0,27.0,11.0,2.0,14.0,1.0,5.0,1.0,12.0,0.0,4.0,2.0,10.0,12.0,1.0,0.0,2.0,1.0,3.0,1.0,21.0,0.0,6.0,4.0,2.0,5.0,2.0,9.0,2.0,1.0,0.0,5.0,1.0,2.0,23.0,5.0,19.0,10.0,8.0,5.0,2.0,0.0,1.0,31.0,4.0,1.0,5.0,0.0,5.0,5.0,4.0,1.0,2.0,2.0,10.0,3.0,0.0,7.0,13.0,5.0,0.0,7.0,1.0,6.0,5.0,21.0,5.0,2.0,5.0,0.0,1.0,5.0,1.0,3.0,5.0,21.0,25.0,2.0,7.0,1.0,22.0,15.0,11.0,1.0,6.0,8.0,5.0,16.0,1.0,10.0,16.0,1.0,2.0,16.0,3.0,2.0,1.0,3.0,1.0,24.0,0.0,7.0,1.0,34.0,3.0,4.0,0.0,16.0,3.0,1.0,5.0,11.0,7.0,25.0,9.0,21.0,4.0,3.0,7.0,8.0,4.0,0.0,1.0,5.0,5.0,13.0,15.0,5.0,1.0,24.0,12.0,1.0,1.0,2.0,4.0,5.0,8.0,18.0,0.0,12.0,6.0,0.0,10.0,18.0,8.0,8.0,3.0,2.0,5.0,6.0,2.0,2.0,1.0,1.0,7.0,3.0,1.0,1.0,14.0,3.0,1.0,4.0,1.0,5.0,3.0,39.0,1.0,1.0,1.0,0.0,0.0,0.0,1.0,0.0,8.0,5.0,0.0,10.0,0.0,0.0,6.0,5.0,0.0,0.0,0.0,0.0,2.0,0.0,0.0,3.0,2.0,6.0,2.0,0.0,3.0,0.0,0.0,5.0,2.0,2.0,7.0,2.0,1.0,1.0,1.0,5.0,1.0,3.0,1.0,1.0,0.0,0.0,15.0,0.0,0.0,0.0
0.0,1.0,8.0,10.0,3.0,0.0,0.0,1.0,0.0,0.0,0.0,2.0,1.0,6.0,0.0,4.0,19.0,3.0,2.0,0.0,0.0,2.0,1.0,0.0,0.0,1.0,0.0,0.0,2.0,1.0,1.0,0.0,13.0,1.0,3.0,2.0,7.0,0.0,5.0,1.0,2.0,0.0,0.0,1.0,2.0,0.0,6.0,2.0,14.0,0.0,2.0,1.0,0.0,5.0,0.0,2.0,4.0,1.0,0.0,1.0,0.0,1.0,2.0,0.0,1.0,3.0,10.0,2.0,1.0,0.0,16.0,7.0,1.0,0.0,1.0,2.0,0.0,0.0,0.0,2.0,0.0,0.0,0.0,1.0,0.0,5.0,0.0,0.0,0.0,0.0,1.0,2.0,1.0,1.0,2.0,0.0,0.0,0.0,0.0,1.0,2.0,7.0,1.0,0.0,1.0,1.0,0.0,3.0,5.0,1.0,2.0,3.0,0.0,0.0,0.0,0.0,2.0,4.0,5.0,4.0,0.0,2.0,2.0,1.0,0.0,1.0,0.0,1.0,0.0,2.0,2.0,0.0,1.0,0.0,1.0,0.0,0.0,2.0,0.0,4.0,0.0,0.0,2.0,1.0,1.0,0.0,1.0,3.0,2.0,0.0,0.0,7.0,1.0,2.0,3.0,4.0,5.0,0.0,0.0,0.0,6.0,0.0,1.0,4.0,1.0,2.0,2.0,0.0,0.0,1.0,0.0,7.0,0.0,0.0,3.0,4.0,0.0,3.0,1.0,2.0,1.0,1.0,8.0,6.0,4.0,1.0,0.0,5.0,1.0,0.0,1.0,5.0,5.0,9.0,0.0,4.0,0.0,9.0,4.0,1.0,0.0,2.0,0.0,0.0,3.0,2.0,5.0,9.0,0.0,3.0,3.0,4.0,0.0,1.0,0.0,0.0,8.0,2.0,6.0,1.0,6.0,0.0,1.0,1.0,4.0,1.0,0.0,0.0,4.0,2.0,8.0,4.0,4.0,1.0,2.0,0.0,1.0,1.0,0.0,0.0,0.0,3.0,0.0,3.0,4.0,2.0,3.0,2.0,0.0,0.0,3.0,3.0,0.0,4.0,2.0,0.0,1.0,9.0,0.0,2.0,5.0,1.0,0.0,2.0,1.0,0.0,2.0,0.0,1.0,0.0,0.0,2.0,0.0,0.0,0.0,4.0,0.0,0.0,0.0,0.0,1.0,2.0,1.0,4.0,0.0,0.0,0.0,0.0,1.0,1.0,0.0,0.0,1.0,0.0,1.0,0.0,1.0,4.0,0.0,0.0,0.0,0.0,2.0,0.0,0.0,0.0,0.0,0.0,2.0,0.0,1.0,1.0,1.0,0.0,0.0,0.0,0.0,1.0,0.0,2.0,0.0,1.0,3.0,1.0,0.0,0.0,1.0,0.0,0.0,2.0,1.0,1.0,0.0
0.0,1.0,2.0,0.0,0.0,1.0,0.0,0.0,0.0,1.0,0.0,0.0,0.0,0.0,0.0,3.0,6.0,0.0,0.0,0.0,0.0,0.0,0.0,2.0,0.0,1.0,0.0,0.0,0.0,0.0,0.0,0.0,0.0,1.0,1.0,0.0,2.0,0.0,1.0,0.0,0.0,0.0,0.0,0.0,0.0,0.0,0.0,0.0,0.0,0.0,0.0,0.0,0.0,0.0,0.0,0.0,0.0,1.0,0.0,0.0,0.0,0.0,0.0,0.0,0.0,1.0,0.0,0.0,2.0,0.0,1.0,0.0,0.0,1.0,0.0,0.0,0.0,1.0,0.0,0.0,0.0,0.0,1.0,0.0,0.0,0.0,0.0,0.0,0.0,0.0,0.0,0.0,0.0,0.0,0.0,1.0,0.0,0.0,0.0,0.0,0.0,1.0,0.0,0.0,0.0,1.0,0.0,0.0,0.0,1.0,0.0,1.0,0.0,0.0,0.0,0.0,0.0,0.0,1.0,1.0,0.0,0.0,0.0,0.0,0.0,0.0,0.0,0.0,0.0,2.0,4.0,0.0,0.0,0.0,0.0,0.0,0.0,0.0,0.0,0.0,0.0,1.0,0.0,0.0,0.0,0.0,0.0,0.0,0.0,0.0,0.0,0.0,0.0,0.0,1.0,0.0,1.0,0.0,0.0,0.0,0.0,0.0,0.0,0.0,0.0,0.0,1.0,1.0,0.0,1.0,0.0,0.0,0.0,0.0,1.0,0.0,1.0,0.0,2.0,0.0,0.0,0.0,0.0,0.0,0.0,0.0,0.0,0.0,0.0,0.0,0.0,0.0,0.0,3.0,0.0,0.0,0.0,0.0,0.0,0.0,0.0,1.0,0.0,0.0,0.0,0.0,3.0,1.0,0.0,0.0,2.0,1.0,1.0,0.0,1.0,0.0,3.0,0.0,1.0,0.0,1.0,0.0,0.0,0.0,1.0,1.0,0.0,0.0,0.0,0.0,1.0,1.0,1.0,0.0,0.0,1.0,0.0,0.0,0.0,0.0,1.0,0.0,1.0,0.0,1.0,0.0,1.0,0.0,0.0,0.0,0.0,2.0,0.0,1.0,1.0,0.0,1.0,0.0,0.0,0.0,0.0,2.0,0.0,0.0,0.0,0.0,1.0,0.0,0.0,0.0,0.0,0.0,0.0,0.0,0.0,1.0,1.0,1.0,0.0,0.0,0.0,0.0,1.0,0.0,1.0,0.0,0.0,0.0,0.0,0.0,0.0,0.0,0.0,0.0,0.0,0.0,0.0,1.0,0.0,0.0,0.0,0.0,0.0,0.0,0.0,0.0,0.0,0.0,0.0,0.0,0.0,0.0,0.0,0.0,1.0,0.0,0.0,2.0,0.0,1.0,0.0,0.0,0.0,0.0,2.0,0.0,0.0,0.0,0.0,3.0,0.0,0.0,0.0
0.0,0.0,2.0,1.0,1.0,0.0,0.0,0.0,0.0,1.0,0.0,0.0,0.0,0.0,0.0,1.0,2.0,0.0,0.0,0.0,0.0,0.0,0.0,1.0,0.0,0.0,0.0,0.0,0.0,0.0,0.0,1.0,1.0,0.0,0.0,2.0,2.0,0.0,1.0,0.0,1.0,0.0,0.0,0.0,0.0,1.0,0.0,1.0,3.0,0.0,0.0,0.0,0.0,0.0,1.0,1.0,0.0,0.0,0.0,0.0,0.0,0.0,0.0,0.0,0.0,1.0,0.0,0.0,0.0,0.0,0.0,0.0,0.0,0.0,0.0,1.0,0.0,1.0,0.0,0.0,0.0,0.0,1.0,0.0,0.0,0.0,0.0,0.0,0.0,0.0,0.0,0.0,1.0,0.0,0.0,1.0,0.0,0.0,0.0,1.0,0.0,2.0,0.0,0.0,0.0,0.0,0.0,0.0,2.0,0.0,0.0,2.0,0.0,1.0,0.0,0.0,0.0,0.0,1.0,0.0,0.0,0.0,1.0,0.0,0.0,0.0,0.0,0.0,0.0,1.0,1.0,1.0,0.0,0.0,0.0,0.0,0.0,0.0,0.0,0.0,0.0,0.0,0.0,0.0,1.0,0.0,0.0,0.0,0.0,0.0,0.0,0.0,0.0,0.0,1.0,1.0,0.0,0.0,0.0,1.0,1.0,1.0,0.0,0.0,0.0,0.0,0.0,1.0,0.0,0.0,0.0,2.0,0.0,0.0,0.0,0.0,0.0,0.0,1.0,0.0,0.0,0.0,2.0,1.0,0.0,0.0,0.0,0.0,0.0,0.0,0.0,0.0,0.0,4.0,0.0,2.0,0.0,0.0,1.0,0.0,0.0,1.0,0.0,0.0,0.0,0.0,1.0,0.0,0.0,0.0,1.0,0.0,1.0,0.0,0.0,0.0,1.0,0.0,0.0,0.0,1.0,0.0,0.0,0.0,0.0,0.0,0.0,0.0,1.0,0.0,0.0,0.0,0.0,0.0,0.0,0.0,0.0,0.0,0.0,0.0,0.0,0.0,0.0,0.0,0.0,1.0,1.0,1.0,0.0,1.0,0.0,0.0,0.0,1.0,0.0,0.0,2.0,0.0,0.0,0.0,2.0,0.0,0.0,0.0,0.0,0.0,0.0,1.0,0.0,0.0,0.0,0.0,0.0,0.0,0.0,1.0,0.0,0.0,0.0,0.0,0.0,0.0,1.0,0.0,0.0,1.0,0.0,0.0,0.0,0.0,0.0,0.0,0.0,0.0,0.0,0.0,0.0,0.0,0.0,0.0,0.0,0.0,0.0,0.0,0.0,0.0,0.0,0.0,1.0,0.0,0.0,0.0,0.0,0.0,0.0,0.0,0.0,1.0,1.0,0.0,0.0,0.0,0.0,0.0,1.0,0.0,0.0,0.0,0.0,1.0,0.0,0.0,0.0
0.0,0.0,0.0,6.0,0.0,0.0,2.0,0.0,0.0,0.0,0.0,0.0,0.0,2.0,0.0,2.0,10.0,2.0,0.0,0.0,0.0,2.0,0.0,0.0,0.0,0.0,0.0,0.0,0.0,0.0,0.0,0.0,2.0,0.0,4.0,0.0,2.0,0.0,4.0,0.0,2.0,0.0,0.0,0.0,4.0,0.0,2.0,0.0,4.0,2.0,0.0,0.0,0.0,2.0,0.0,0.0,2.0,0.0,0.0,0.0,0.0,0.0,0.0,0.0,4.0,0.0,4.0,0.0,0.0,0.0,0.0,2.0,0.0,0.0,2.0,4.0,0.0,0.0,0.0,0.0,0.0,0.0,0.0,0.0,0.0,0.0,0.0,0.0,0.0,0.0,0.0,0.0,0.0,0.0,0.0,0.0,2.0,0.0,0.0,0.0,0.0,2.0,0.0,0.0,0.0,2.0,0.0,2.0,0.0,2.0,0.0,0.0,0.0,0.0,0.0,0.0,0.0,0.0,0.0,0.0,0.0,0.0,4.0,0.0,0.0,0.0,0.0,0.0,0.0,0.0,2.0,0.0,0.0,0.0,0.0,0.0,0.0,4.0,0.0,4.0,0.0,0.0,0.0,0.0,0.0,0.0,0.0,0.0,0.0,0.0,0.0,2.0,0.0,0.0,0.0,0.0,0.0,0.0,0.0,0.0,0.0,4.0,0.0,2.0,0.0,0.0,2.0,0.0,0.0,0.0,0.0,0.0,0.0,0.0,0.0,2.0,0.0,0.0,0.0,0.0,4.0,0.0,0.0,2.0,0.0,0.0,0.0,0.0,0.0,0.0,0.0,0.0,2.0,2.0,0.0,2.0,0.0,0.0,0.0,0.0,0.0,0.0,0.0,0.0,0.0,0.0,0.0,2.0,0.0,2.0,0.0,0.0,0.0,0.0,2.0,0.0,0.0,0.0,0.0,0.0,2.0,0.0,0.0,0.0,6.0,0.0,0.0,0.0,0.0,0.0,2.0,0.0,0.0,0.0,0.0,0.0,0.0,0.0,0.0,0.0,0.0,0.0,0.0,4.0,0.0,0.0,2.0,0.0,2.0,0.0,0.0,0.0,0.0,0.0,2.0,0.0,0.0,2.0,0.0,0.0,2.0,0.0,0.0,0.0,2.0,0.0,0.0,2.0,0.0,0.0,0.0,0.0,0.0,0.0,0.0,2.0,0.0,0.0,0.0,0.0,2.0,0.0,0.0,0.0,0.0,0.0,4.0,0.0,0.0,0.0,0.0,0.0,0.0,0.0,0.0,2.0,0.0,0.0,0.0,0.0,0.0,0.0,0.0,0.0,0.0,0.0,0.0,0.0,0.0,0.0,0.0,0.0,0.0,0.0,0.0,0.0,0.0,0.0,0.0,0.0,0.0,0.0,0.0,0.0,0.0,0.0,0.0,0.0,0.0,2.0,0.0,0.0,0.0
0.0,0.0,0.0,1.0,0.0,0.0,0.0,0.0,0.0,0.0,0.0,1.0,2.0,2.0,0.0,0.0,3.0,0.0,0.0,1.0,0.0,0.0,0.0,0.0,0.0,0.0,0.0,0.0,0.0,0.0,0.0,1.0,0.0,0.0,1.0,0.0,0.0,0.0,0.0,0.0,0.0,0.0,0.0,0.0,0.0,0.0,0.0,2.0,1.0,0.0,0.0,0.0,0.0,0.0,0.0,1.0,1.0,1.0,0.0,2.0,0.0,0.0,0.0,0.0,0.0,2.0,1.0,0.0,0.0,1.0,2.0,3.0,0.0,0.0,0.0,0.0,0.0,2.0,0.0,0.0,1.0,0.0,0.0,0.0,1.0,0.0,0.0,0.0,0.0,0.0,1.0,0.0,1.0,0.0,0.0,0.0,2.0,0.0,0.0,0.0,0.0,1.0,0.0,0.0,0.0,2.0,0.0,0.0,0.0,0.0,0.0,1.0,0.0,0.0,0.0,0.0,0.0,0.0,0.0,0.0,0.0,1.0,1.0,0.0,0.0,0.0,1.0,0.0,0.0,0.0,0.0,0.0,0.0,0.0,0.0,0.0,0.0,1.0,0.0,1.0,0.0,0.0,0.0,0.0,2.0,0.0,0.0,0.0,0.0,0.0,0.0,0.0,1.0,1.0,0.0,0.0,2.0,0.0,1.0,0.0,0.0,0.0,1.0,0.0,0.0,0.0,0.0,0.0,0.0,0.0,0.0,0.0,0.0,0.0,0.0,3.0,0.0,0.0,0.0,0.0,1.0,0.0,0.0,0.0,0.0,0.0,0.0,0.0,0.0,0.0,0.0,0.0,0.0,0.0,0.0,2.0,0.0,1.0,2.0,0.0,0.0,0.0,1.0,0.0,0.0,0.0,0.0,3.0,0.0,0.0,0.0,0.0,1.0,2.0,0.0,1.0,2.0,0.0,0.0,0.0,2.0,1.0,0.0,0.0,0.0,0.0,0.0,0.0,0.0,0.0,1.0,2.0,2.0,0.0,0.0,0.0,0.0,0.0,0.0,0.0,0.0,0.0,0.0,0.0,1.0,0.0,1.0,1.0,0.0,0.0,0.0,0.0,1.0,3.0,1.0,0.0,2.0,2.0,0.0,0.0,2.0,0.0,0.0,0.0,0.0,0.0,0.0,0.0,4.0,1.0,1.0,0.0,1.0,0.0,1.0,1.0,0.0,0.0,0.0,0.0,0.0,0.0,0.0,0.0,0.0,0.0,0.0,1.0,1.0,0.0,0.0,0.0,0.0,0.0,0.0,0.0,0.0,2.0,0.0,0.0,0.0,0.0,0.0,0.0,0.0,0.0,0.0,0.0,0.0,0.0,0.0,0.0,0.0,0.0,0.0,0.0,0.0,0.0,0.0,0.0,0.0,0.0,0.0,0.0,0.0,0.0,0.0,0.0,1.0,0.0,0.0,0.0,0.0
0.0,0.0,4.0,5.0,1.0,0.0,0.0,0.0,0.0,0.0,0.0,1.0,3.0,3.0,0.0,2.0,12.0,0.0,2.0,1.0,0.0,0.0,1.0,0.0,0.0,0.0,0.0,0.0,2.0,0.0,1.0,1.0,8.0,1.0,1.0,0.0,3.0,0.0,2.0,0.0,0.0,0.0,0.0,1.0,1.0,0.0,2.0,4.0,3.0,0.0,2.0,1.0,0.0,2.0,0.0,1.0,2.0,2.0,0.0,3.0,0.0,0.0,1.0,0.0,0.0,2.0,7.0,1.0,0.0,1.0,4.0,6.0,0.0,0.0,0.0,1.0,0.0,2.0,0.0,1.0,1.0,0.0,0.0,0.0,1.0,2.0,0.0,0.0,0.0,0.0,2.0,0.0,2.0,0.0,0.0,0.0,2.0,0.0,0.0,0.0,0.0,3.0,1.0,0.0,0.0,2.0,0.0,1.0,4.0,0.0,0.0,2.0,0.0,0.0,0.0,0.0,0.0,3.0,1.0,0.0,0.0,2.0,2.0,0.0,0.0,1.0,1.0,0.0,0.0,1.0,0.0,0.0,1.0,0.0,0.0,0.0,0.0,1.0,0.0,3.0,0.0,0.0,0.0,0.0,2.0,0.0,0.0,1.0,0.0,0.0,0.0,4.0,1.0,1.0,2.0,1.0,5.0,0.0,1.0,0.0,2.0,0.0,1.0,3.0,0.0,0.0,0.0,0.0,0.0,0.0,0.0,3.0,0.0,0.0,2.0,5.0,0.0,2.0,0.0,0.0,1.0,1.0,2.0,1.0,1.0,0.0,0.0,2.0,0.0,0.0,0.0,0.0,2.0,3.0,0.0,4.0,0.0,4.0,3.0,1.0,0.0,0.0,1.0,0.0,2.0,1.0,2.0,4.0,0.0,2.0,1.0,2.0,1.0,2.0,0.0,1.0,6.0,2.0,3.0,0.0,3.0,1.0,0.0,1.0,0.0,0.0,0.0,0.0,2.0,1.0,5.0,3.0,4.0,1.0,0.0,0.0,0.0,0.0,0.0,0.0,0.0,0.0,0.0,1.0,3.0,2.0,1.0,2.0,0.0,0.0,0.0,0.0,1.0,5.0,2.0,0.0,2.0,7.0,0.0,1.0,4.0,1.0,0.0,0.0,0.0,0.0,1.0,0.0,4.0,1.0,1.0,1.0,1.0,0.0,1.0,1.0,0.0,0.0,0.0,0.0,0.0,0.0,0.0,1.0,0.0,0.0,0.0,1.0,2.0,0.0,0.0,0.0,0.0,0.0,0.0,0.0,0.0,4.0,0.0,0.0,0.0,0.0,2.0,0.0,0.0,0.0,0.0,0.0,0.0,0.0,1.0,1.0,0.0,0.0,0.0,0.0,0.0,0.0,0.0,0.0,0.0,1.0,0.0,0.0,0.0,0.0,0.0,0.0,1.0,1.0,1.0,1.0,0.0
0.0,0.0,2.0,2.0,0.0,0.0,0.0,0.0,0.0,0.0,0.0,1.0,1.0,2.0,0.0,1.0,4.0,0.0,0.0,0.0,0.0,0.0,0.0,0.0,0.0,0.0,0.0,0.0,0.0,1.0,0.0,0.0,2.0,0.0,0.0,1.0,1.0,0.0,2.0,0.0,0.0,0.0,0.0,0.0,1.0,0.0,1.0,1.0,4.0,0.0,0.0,0.0,0.0,0.0,0.0,0.0,0.0,0.0,0.0,0.0,0.0,0.0,0.0,0.0,0.0,1.0,1.0,1.0,0.0,0.0,5.0,1.0,0.0,0.0,0.0,2.0,0.0,0.0,0.0,1.0,0.0,0.0,0.0,0.0,0.0,1.0,0.0,0.0,0.0,0.0,0.0,0.0,0.0,0.0,3.0,0.0,0.0,0.0,0.0,0.0,0.0,2.0,0.0,0.0,0.0,1.0,0.0,0.0,1.0,1.0,0.0,0.0,0.0,0.0,0.0,0.0,0.0,1.0,1.0,2.0,0.0,1.0,0.0,1.0,0.0,0.0,0.0,0.0,0.0,0.0,1.0,0.0,0.0,0.0,0.0,0.0,0.0,1.0,0.0,1.0,0.0,0.0,0.0,1.0,0.0,1.0,0.0,0.0,1.0,0.0,0.0,2.0,1.0,1.0,0.0,3.0,1.0,0.0,0.0,0.0,1.0,0.0,2.0,0.0,0.0,3.0,0.0,0.0,0.0,0.0,0.0,1.0,0.0,0.0,1.0,1.0,0.0,0.0,0.0,1.0,0.0,0.0,2.0,2.0,0.0,1.0,0.0,0.0,1.0,0.0,0.0,4.0,2.0,5.0,0.0,1.0,0.0,3.0,1.0,0.0,0.0,0.0,0.0,0.0,0.0,0.0,3.0,4.0,0.0,0.0,0.0,0.0,0.0,0.0,1.0,0.0,1.0,0.0,1.0,0.0,1.0,0.0,0.0,0.0,3.0,1.0,0.0,0.0,1.0,1.0,0.0,1.0,1.0,0.0,1.0,0.0,1.0,0.0,1.0,0.0,0.0,2.0,0.0,1.0,1.0,0.0,1.0,0.0,0.0,0.0,0.0,0.0,0.0,1.0,1.0,0.0,0.0,2.0,0.0,0.0,1.0,0.0,0.0,1.0,0.0,0.0,0.0,0.0,0.0,0.0,0.0,1.0,0.0,0.0,0.0,1.0,0.0,0.0,0.0,0.0,1.0,0.0,1.0,1.0,0.0,0.0,0.0,0.0,0.0,2.0,0.0,0.0,0.0,0.0,0.0,0.0,0.0,0.0,0.0,0.0,0.0,0.0,0.0,0.0,1.0,0.0,0.0,0.0,0.0,0.0,0.0,0.0,0.0,0.0,0.0,0.0,0.0,0.0,0.0,0.0,0.0,0.0,2.0,1.0,0.0,0.0,1.0,0.0,0.0,1.0,0.0,0.0,0.0
0.0,0.0,1.0,1.0,0.0,0.0,0.0,0.0,0.0,1.0,0.0,0.0,0.0,1.0,0.0,2.0,2.0,0.0,1.0,0.0,0.0,0.0,0.0,0.0,0.0,0.0,0.0,0.0,0.0,0.0,0.0,0.0,1.0,0.0,0.0,0.0,2.0,0.0,2.0,0.0,1.0,0.0,0.0,0.0,0.0,0.0,0.0,0.0,1.0,0.0,0.0,0.0,0.0,0.0,0.0,1.0,0.0,0.0,0.0,0.0,0.0,0.0,0.0,0.0,0.0,0.0,0.0,0.0,0.0,0.0,2.0,0.0,0.0,0.0,0.0,1.0,0.0,0.0,0.0,0.0,0.0,0.0,0.0,0.0,0.0,0.0,0.0,0.0,0.0,0.0,0.0,0.0,0.0,0.0,0.0,0.0,0.0,0.0,0.0,0.0,0.0,0.0,0.0,0.0,0.0,1.0,0.0,1.0,0.0,0.0,0.0,0.0,0.0,0.0,0.0,0.0,0.0,0.0,1.0,0.0,0.0,0.0,0.0,0.0,0.0,0.0,0.0,0.0,0.0,0.0,1.0,1.0,0.0,0.0,0.0,0.0,0.0,2.0,0.0,0.0,0.0,0.0,0.0,0.0,0.0,0.0,0.0,0.0,0.0,0.0,0.0,0.0,0.0,0.0,0.0,0.0,0.0,0.0,0.0,0.0,1.0,0.0,0.0,0.0,0.0,0.0,0.0,1.0,0.0,0.0,0.0,0.0,0.0,0.0,0.0,0.0,0.0,0.0,1.0,0.0,1.0,0.0,3.0,0.0,0.0,0.0,0.0,0.0,0.0,0.0,0.0,0.0,0.0,1.0,0.0,1.0,0.0,0.0,0.0,0.0,0.0,0.0,0.0,0.0,0.0,0.0,0.0,0.0,0.0,1.0,2.0,1.0,0.0,1.0,0.0,0.0,2.0,0.0,0.0,0.0,2.0,0.0,0.0,0.0,0.0,0.0,0.0,0.0,0.0,0.0,1.0,0.0,0.0,0.0,0.0,0.0,0.0,0.0,0.0,0.0,0.0,1.0,0.0,0.0,0.0,0.0,0.0,0.0,0.0,0.0,0.0,1.0,0.0,1.0,0.0,0.0,0.0,1.0,0.0,1.0,1.0,1.0,0.0,0.0,0.0,0.0,0.0,0.0,0.0,0.0,1.0,0.0,0.0,0.0,0.0,0.0,0.0,0.0,0.0,0.0,0.0,0.0,0.0,0.0,0.0,0.0,0.0,0.0,0.0,0.0,1.0,0.0,0.0,0.0,0.0,0.0,0.0,0.0,0.0,0.0,0.0,0.0,0.0,0.0,0.0,0.0,0.0,0.0,0.0,0.0,0.0,0.0,0.0,0.0,0.0,0.0,0.0,1.0,0.0,0.0,0.0,0.0,0.0,0.0,1.0,0.0,0.0,0.0,0.0,0.0,0.0,0.0,0.0
1.0,2.0,3.0,7.0,3.0,0.0,3.0,0.0,0.0,0.0,0.0,4.0,4.0,2.0,0.0,3.0,15.0,3.0,1.0,0.0,0.0,1.0,0.0,0.0,0.0,0.0,2.0,1.0,1.0,0.0,0.0,0.0,6.0,0.0,0.0,1.0,5.0,0.0,3.0,2.0,3.0,0.0,0.0,0.0,1.0,0.0,1.0,1.0,11.0,0.0,0.0,0.0,1.0,4.0,0.0,1.0,4.0,1.0,0.0,1.0,0.0,1.0,0.0,0.0,2.0,1.0,5.0,0.0,0.0,0.0,3.0,5.0,1.0,0.0,0.0,0.0,0.0,2.0,0.0,0.0,0.0,0.0,0.0,1.0,0.0,1.0,1.0,2.0,0.0,0.0,0.0,0.0,4.0,0.0,1.0,3.0,2.0,0.0,0.0,1.0,1.0,6.0,0.0,0.0,0.0,3.0,0.0,2.0,3.0,3.0,0.0,7.0,1.0,7.0,0.0,0.0,2.0,1.0,6.0,1.0,0.0,4.0,0.0,2.0,1.0,2.0,0.0,3.0,0.0,1.0,1.0,0.0,0.0,0.0,1.0,0.0,1.0,4.0,0.0,3.0,2.0,0.0,2.0,1.0,4.0,0.0,0.0,0.0,1.0,0.0,1.0,6.0,1.0,4.0,1.0,2.0,1.0,0.0,0.0,0.0,7.0,1.0,0.0,0.0,0.0,0.0,1.0,0.0,0.0,0.0,0.0,1.0,0.0,0.0,1.0,5.0,1.0,0.0,1.0,0.0,3.0,1.0,7.0,0.0,2.0,1.0,0.0,1.0,1.0,1.0,1.0,1.0,5.0,1.0,0.0,0.0,0.0,3.0,3.0,3.0,1.0,0.0,4.0,2.0,2.0,0.0,0.0,2.0,1.0,0.0,4.0,0.0,0.0,0.0,0.0,0.0,3.0,0.0,1.0,0.0,7.0,1.0,1.0,0.0,2.0,0.0,1.0,1.0,1.0,3.0,2.0,2.0,2.0,0.0,2.0,2.0,1.0,1.0,0.0,0.0,1.0,0.0,1.0,2.0,0.0,0.0,5.0,4.0,1.0,0.0,1.0,0.0,2.0,3.0,3.0,0.0,4.0,2.0,0.0,5.0,6.0,2.0,2.0,2.0,1.0,0.0,2.0,1.0,1.0,1.0,0.0,1.0,0.0,1.0,1.0,4.0,2.0,0.0,1.0,0.0,0.0,1.0,8.0,0.0,0.0,0.0,0.0,0.0,0.0,0.0,0.0,4.0,2.0,0.0,4.0,0.0,0.0,2.0,1.0,0.0,0.0,0.0,0.0,0.0,0.0,0.0,0.0,0.0,3.0,0.0,0.0,0.0,0.0,0.0,1.0,0.0,1.0,1.0,0.0,0.0,0.0,0.0,0.0,0.0,0.0,1.0,0.0,0.0,0.0,1.0,0.0,0.0,0.0
1.0,2.0,3.0,8.0,4.0,0.0,2.0,1.0,0.0,0.0,0.0,2.0,3.0,4.0,0.0,2.0,13.0,1.0,1.0,0.0,0.0,3.0,0.0,0.0,0.0,1.0,0.0,0.0,1.0,0.0,0.0,0.0,5.0,0.0,1.0,1.0,6.0,0.0,2.0,3.0,2.0,0.0,0.0,0.0,0.0,0.0,2.0,1.0,16.0,0.0,0.0,0.0,1.0,4.0,0.0,0.0,5.0,0.0,0.0,1.0,0.0,2.0,0.0,0.0,2.0,1.0,3.0,0.0,1.0,0.0,5.0,4.0,0.0,0.0,1.0,0.0,0.0,0.0,0.0,0.0,0.0,0.0,0.0,2.0,0.0,1.0,0.0,2.0,0.0,0.0,0.0,1.0,2.0,1.0,0.0,2.0,1.0,0.0,0.0,2.0,2.0,7.0,0.0,0.0,1.0,1.0,0.0,3.0,3.0,2.0,2.0,5.0,1.0,4.0,0.0,0.0,3.0,0.0,5.0,2.0,0.0,5.0,1.0,1.0,1.0,2.0,0.0,4.0,0.0,2.0,1.0,0.0,0.0,0.0,1.0,0.0,0.0,3.0,0.0,1.0,2.0,0.0,2.0,0.0,3.0,0.0,1.0,1.0,1.0,0.0,0.0,7.0,0.0,2.0,1.0,2.0,1.0,0.0,0.0,0.0,7.0,1.0,0.0,1.0,0.0,0.0,3.0,0.0,0.0,0.0,0.0,2.0,0.0,0.0,1.0,1.0,0.0,1.0,1.0,1.0,2.0,0.0,7.0,3.0,2.0,0.0,0.0,3.0,1.0,0.0,1.0,1.0,6.0,3.0,0.0,0.0,0.0,3.0,3.0,2.0,1.0,0.0,2.0,2.0,1.0,0.0,1.0,4.0,0.0,0.0,2.0,1.0,0.0,1.0,0.0,0.0,2.0,0.0,2.0,0.0,7.0,0.0,1.0,0.0,3.0,1.0,0.0,1.0,1.0,1.0,2.0,3.0,1.0,0.0,2.0,1.0,0.0,1.0,0.0,0.0,1.0,2.0,1.0,2.0,0.0,0.0,6.0,3.0,0.0,0.0,0.0,1.0,2.0,1.0,4.0,0.0,2.0,0.0,0.0,4.0,4.0,0.0,2.0,1.0,1.0,0.0,2.0,1.0,1.0,1.0,0.0,1.0,0.0,0.0,0.0,5.0,2.0,0.0,1.0,0.0,0.0,0.0,5.0,1.0,0.0,0.0,0.0,0.0,0.0,0.0,0.0,2.0,3.0,0.0,4.0,0.0,0.0,2.0,0.0,0.0,0.0,0.0,0.0,0.0,0.0,0.0,0.0,0.0,3.0,0.0,0.0,0.0,0.0,0.0,1.0,0.0,0.0,1.0,0.0,2.0,0.0,0.0,2.0,0.0,0.0,0.0,0.0,0.0,0.0,2.0,0.0,0.0,0.0
0.0,0.0,0.0,2.0,1.0,0.0,1.0,0.0,0.0,0.0,0.0,0.0,0.0,1.0,0.0,2.0,1.0,1.0,2.0,0.0,0.0,0.0,0.0,0.0,1.0,0.0,0.0,0.0,0.0,0.0,0.0,0.0,0.0,0.0,0.0,0.0,2.0,0.0,0.0,1.0,0.0,0.0,0.0,0.0,1.0,0.0,1.0,0.0,2.0,0.0,0.0,0.0,0.0,0.0,0.0,0.0,0.0,0.0,2.0,0.0,0.0,0.0,0.0,0.0,0.0,1.0,3.0,0.0,0.0,0.0,2.0,2.0,0.0,0.0,0.0,0.0,1.0,0.0,0.0,0.0,0.0,0.0,2.0,0.0,0.0,1.0,0.0,0.0,0.0,0.0,0.0,0.0,0.0,0.0,1.0,0.0,0.0,0.0,0.0,0.0,0.0,2.0,0.0,0.0,0.0,2.0,0.0,0.0,0.0,0.0,1.0,0.0,0.0,0.0,1.0,0.0,0.0,1.0,1.0,0.0,0.0,0.0,0.0,2.0,0.0,0.0,0.0,0.0,0.0,0.0,1.0,0.0,0.0,0.0,0.0,0.0,0.0,0.0,0.0,1.0,0.0,0.0,0.0,0.0,0.0,0.0,0.0,0.0,0.0,0.0,0.0,1.0,0.0,0.0,1.0,0.0,2.0,0.0,0.0,0.0,1.0,2.0,1.0,0.0,0.0,0.0,0.0,0.0,0.0,0.0,0.0,2.0,0.0,0.0,0.0,0.0,0.0,0.0,0.0,0.0,0.0,0.0,0.0,0.0,0.0,0.0,0.0,0.0,1.0,0.0,0.0,1.0,1.0,0.0,0.0,0.0,0.0,4.0,1.0,2.0,0.0,0.0,0.0,1.0,0.0,0.0,1.0,0.0,0.0,0.0,0.0,1.0,0.0,1.0,1.0,0.0,3.0,0.0,0.0,0.0,4.0,0.0,0.0,0.0,2.0,0.0,0.0,0.0,1.0,0.0,1.0,0.0,0.0,0.0,0.0,0.0,0.0,1.0,0.0,0.0,0.0,0.0,0.0,1.0,0.0,0.0,2.0,0.0,0.0,0.0,0.0,0.0,0.0,1.0,3.0,0.0,2.0,1.0,0.0,0.0,2.0,1.0,1.0,0.0,0.0,0.0,0.0,0.0,1.0,0.0,0.0,0.0,0.0,0.0,1.0,2.0,0.0,0.0,0.0,0.0,0.0,0.0,0.0,0.0,0.0,0.0,0.0,0.0,0.0,0.0,0.0,0.0,0.0,1.0,2.0,0.0,0.0,0.0,0.0,0.0,0.0,0.0,0.0,0.0,0.0,0.0,0.0,0.0,0.0,0.0,0.0,0.0,0.0,0.0,0.0,0.0,0.0,0.0,0.0,0.0,0.0,0.0,0.0,0.0,0.0,0.0,0.0,0.0,1.0,1.0,0.0,0.0,0.0
2.0,3.0,7.0,16.0,7.0,0.0,6.0,1.0,0.0,0.0,0.0,6.0,5.0,7.0,0.0,9.0,21.0,5.0,6.0,0.0,0.0,4.0,0.0,0.0,2.0,1.0,1.0,1.0,1.0,0.0,0.0,0.0,6.0,0.0,2.0,2.0,14.0,0.0,5.0,5.0,6.0,0.0,0.0,0.0,4.0,0.0,5.0,2.0,27.0,1.0,0.0,0.0,1.0,7.0,0.0,1.0,8.0,1.0,4.0,2.0,0.0,2.0,0.0,0.0,3.0,4.0,13.0,0.0,3.0,0.0,13.0,10.0,1.0,0.0,1.0,0.0,2.0,0.0,0.0,0.0,0.0,1.0,4.0,2.0,0.0,4.0,1.0,3.0,0.0,0.0,0.0,1.0,4.0,1.0,3.0,4.0,2.0,0.0,0.0,2.0,2.0,14.0,0.0,0.0,1.0,8.0,0.0,6.0,8.0,4.0,4.0,9.0,1.0,6.0,2.0,0.0,3.0,3.0,8.0,3.0,0.0,7.0,1.0,7.0,1.0,4.0,0.0,4.0,0.0,4.0,4.0,0.0,0.0,0.0,2.0,0.0,1.0,5.0,0.0,6.0,3.0,0.0,3.0,1.0,5.0,0.0,1.0,1.0,2.0,0.0,1.0,12.0,0.0,6.0,4.0,3.0,5.0,0.0,0.0,0.0,10.0,5.0,2.0,1.0,0.0,0.0,3.0,0.0,0.0,0.0,0.0,8.0,0.0,2.0,1.0,6.0,1.0,1.0,2.0,1.0,4.0,1.0,12.0,4.0,3.0,2.0,0.0,3.0,4.0,1.0,2.0,4.0,9.0,6.0,1.0,0.0,0.0,13.0,9.0,9.0,1.0,0.0,4.0,5.0,2.0,0.0,5.0,4.0,3.0,0.0,4.0,5.0,0.0,3.0,2.0,0.0,12.0,0.0,2.0,0.0,20.0,0.0,1.0,0.0,9.0,1.0,1.0,2.0,4.0,2.0,5.0,3.0,2.0,0.0,4.0,2.0,0.0,4.0,0.0,2.0,2.0,2.0,1.0,4.0,0.0,0.0,12.0,5.0,1.0,0.0,1.0,1.0,3.0,7.0,13.0,0.0,9.0,5.0,1.0,7.0,14.0,4.0,6.0,4.0,3.0,0.0,3.0,1.0,4.0,1.0,0.0,2.0,0.0,1.0,3.0,10.0,2.0,0.0,2.0,0.0,0.0,1.0,10.0,1.0,0.0,0.0,0.0,0.0,0.0,0.0,0.0,4.0,4.0,2.0,12.0,0.0,0.0,2.0,0.0,0.0,0.0,0.0,0.0,0.0,0.0,0.0,0.0,0.0,3.0,0.0,0.0,0.0,0.0,2.0,2.0,0.0,0.0,2.0,0.0,2.0,0.0,0.0,2.0,0.0,0.0,1.0,0.0,0.0,2.0,6.0,0.0,0.0,0.0
0.0,0.0,0.0,3.0,0.0,0.0,1.0,0.0,0.0,0.0,0.0,0.0,0.0,1.0,0.0,1.0,5.0,1.0,0.0,0.0,0.0,1.0,0.0,0.0,0.0,0.0,0.0,0.0,0.0,0.0,0.0,0.0,1.0,0.0,2.0,0.0,1.0,0.0,2.0,0.0,1.0,0.0,0.0,0.0,2.0,0.0,1.0,0.0,2.0,1.0,0.0,0.0,0.0,1.0,0.0,0.0,1.0,0.0,0.0,0.0,0.0,0.0,0.0,0.0,2.0,0.0,2.0,0.0,0.0,0.0,0.0,1.0,0.0,0.0,1.0,2.0,0.0,0.0,0.0,0.0,0.0,0.0,0.0,0.0,0.0,0.0,0.0,0.0,0.0,0.0,0.0,0.0,0.0,0.0,0.0,0.0,1.0,0.0,0.0,0.0,0.0,1.0,0.0,0.0,0.0,1.0,0.0,1.0,0.0,1.0,0.0,0.0,0.0,0.0,0.0,0.0,0.0,0.0,0.0,0.0,0.0,0.0,2.0,0.0,0.0,0.0,0.0,0.0,0.0,0.0,1.0,0.0,0.0,0.0,0.0,0.0,0.0,2.0,0.0,2.0,0.0,0.0,0.0,0.0,0.0,0.0,0.0,0.0,0.0,0.0,0.0,1.0,0.0,0.0,0.0,0.0,0.0,0.0,0.0,0.0,0.0,2.0,0.0,1.0,0.0,0.0,1.0,0.0,0.0,0.0,0.0,0.0,0.0,0.0,0.0,1.0,0.0,0.0,0.0,0.0,2.0,0.0,0.0,1.0,0.0,0.0,0.0,0.0,0.0,0.0,0.0,0.0,1.0,1.0,0.0,1.0,0.0,0.0,0.0,0.0,0.0,0.0,0.0,0.0,0.0,0.0,0.0,1.0,0.0,1.0,0.0,0.0,0.0,0.0,1.0,0.0,0.0,0.0,0.0,0.0,1.0,0.0,0.0,0.0,3.0,0.0,0.0,0.0,0.0,0.0,1.0,0.0,0.0,0.0,0.0,0.0,0.0,0.0,0.0,0.0,0.0,0.0,0.0,2.0,0.0,0.0,1.0,0.0,1.0,0.0,0.0,0.0,0.0,0.0,1.0,0.0,0.0,1.0,0.0,0.0,1.0,0.0,0.0,0.0,1.0,0.0,0.0,1.0,0.0,0.0,0.0,0.0,0.0,0.0,0.0,1.0,0.0,0.0,0.0,0.0,1.0,0.0,0.0,0.0,0.0,0.0,2.0,0.0,0.0,0.0,0.0,0.0,0.0,0.0,0.0,1.0,0.0,0.0,0.0,0.0,0.0,0.0,0.0,0.0,0.0,0.0,0.0,0.0,0.0,0.0,0.0,0.0,0.0,0.0,0.0,0.0,0.0,0.0,0.0,0.0,0.0,0.0,0.0,0.0,0.0,0.0,0.0,0.0,0.0,1.0,0.0,0.0,0.0
0.0,0.0,0.0,2.0,1.0,0.0,0.0,0.0,0.0,0.0,0.0,0.0,0.0,1.0,0.0,0.0,3.0,3.0,0.0,0.0,0.0,0.0,0.0,0.0,0.0,0.0,0.0,0.0,0.0,0.0,0.0,0.0,1.0,0.0,2.0,1.0,0.0,0.0,0.0,0.0,1.0,0.0,0.0,0.0,0.0,0.0,2.0,0.0,3.0,0.0,0.0,0.0,0.0,2.0,0.0,2.0,1.0,0.0,0.0,0.0,0.0,0.0,1.0,0.0,1.0,2.0,2.0,0.0,0.0,0.0,5.0,2.0,1.0,0.0,0.0,0.0,0.0,0.0,0.0,0.0,0.0,0.0,0.0,0.0,0.0,1.0,0.0,0.0,0.0,0.0,0.0,1.0,0.0,0.0,0.0,0.0,0.0,0.0,0.0,0.0,1.0,1.0,0.0,0.0,0.0,0.0,0.0,0.0,0.0,0.0,0.0,0.0,0.0,0.0,0.0,0.0,1.0,0.0,1.0,0.0,0.0,0.0,0.0,0.0,0.0,0.0,0.0,0.0,0.0,0.0,1.0,0.0,0.0,0.0,0.0,0.0,0.0,1.0,0.0,1.0,0.0,0.0,2.0,0.0,0.0,0.0,0.0,1.0,1.0,0.0,0.0,0.0,0.0,1.0,0.0,1.0,1.0,0.0,0.0,0.0,1.0,0.0,0.0,0.0,1.0,0.0,0.0,0.0,0.0,1.0,0.0,1.0,0.0,0.0,0.0,1.0,0.0,0.0,0.0,0.0,0.0,0.0,1.0,1.0,2.0,0.0,0.0,1.0,0.0,0.0,0.0,1.0,0.0,0.0,0.0,1.0,0.0,2.0,1.0,0.0,0.0,2.0,0.0,0.0,1.0,1.0,0.0,3.0,0.0,1.0,1.0,1.0,0.0,0.0,0.0,0.0,2.0,0.0,1.0,1.0,1.0,0.0,1.0,0.0,0.0,0.0,0.0,0.0,0.0,0.0,3.0,1.0,1.0,0.0,0.0,0.0,0.0,1.0,0.0,0.0,0.0,0.0,0.0,1.0,1.0,0.0,0.0,0.0,0.0,0.0,3.0,2.0,0.0,0.0,0.0,0.0,0.0,2.0,0.0,0.0,1.0,0.0,0.0,0.0,0.0,0.0,0.0,0.0,0.0,0.0,0.0,0.0,0.0,0.0,0.0,1.0,0.0,0.0,0.0,0.0,0.0,2.0,0.0,1.0,0.0,0.0,0.0,0.0,0.0,0.0,0.0,0.0,0.0,0.0,0.0,0.0,1.0,2.0,0.0,0.0,0.0,0.0,0.0,0.0,0.0,0.0,0.0,0.0,0.0,0.0,0.0,0.0,1.0,0.0,0.0,0.0,0.0,0.0,0.0,0.0,0.0,0.0,0.0,0.0,0.0,0.0,0.0,0.0,0.0,0.0,0.0,0.0,0.0
0.0,8.0,20.0,36.0,8.0,1.0,4.0,0.0,0.0,1.0,0.0,7.0,10.0,12.0,2.0,9.0,73.0,9.0,7.0,2.0,2.0,2.0,2.0,2.0,1.0,1.0,0.0,1.0,8.0,3.0,2.0,2.0,33.0,3.0,10.0,2.0,24.0,0.0,20.0,4.0,3.0,2.0,1.0,2.0,4.0,0.0,13.0,10.0,41.0,0.0,4.0,3.0,3.0,10.0,0.0,6.0,10.0,5.0,0.0,6.0,0.0,2.0,5.0,1.0,6.0,15.0,31.0,2.0,4.0,3.0,34.0,34.0,3.0,1.0,0.0,2.0,0.0,9.0,0.0,2.0,2.0,1.0,3.0,2.0,2.0,10.0,0.0,2.0,0.0,1.0,6.0,2.0,6.0,0.0,1.0,5.0,6.0,0.0,0.0,2.0,4.0,18.0,2.0,0.0,0.0,7.0,0.0,5.0,14.0,8.0,1.0,10.0,2.0,6.0,0.0,0.0,6.0,10.0,15.0,4.0,1.0,13.0,5.0,4.0,2.0,4.0,2.0,8.0,0.0,11.0,8.0,0.0,2.0,0.0,0.0,1.0,0.0,11.0,0.0,12.0,5.0,1.0,6.0,0.0,7.0,0.0,2.0,4.0,2.0,2.0,0.0,17.0,2.0,10.0,8.0,8.0,22.0,0.0,2.0,2.0,19.0,4.0,2.0,9.0,3.0,1.0,5.0,2.0,0.0,4.0,0.0,12.0,4.0,0.0,12.0,21.0,1.0,5.0,3.0,0.0,7.0,2.0,20.0,8.0,10.0,2.0,1.0,8.0,2.0,0.0,0.0,4.0,14.0,22.0,0.0,16.0,1.0,25.0,12.0,4.0,2.0,6.0,4.0,2.0,12.0,5.0,10.0,27.0,2.0,7.0,16.0,10.0,4.0,5.0,1.0,4.0,36.0,4.0,15.0,5.0,17.0,4.0,5.0,2.0,9.0,1.0,0.0,1.0,9.0,6.0,27.0,16.0,17.0,5.0,2.0,3.0,4.0,2.0,0.0,1.0,2.0,2.0,7.0,14.0,13.0,5.0,12.0,7.0,0.0,0.0,7.0,7.0,4.0,13.0,13.0,1.0,11.0,24.0,0.0,16.0,17.0,6.0,0.0,0.0,0.0,1.0,6.0,2.0,9.0,5.0,4.0,3.0,3.0,0.0,2.0,12.0,5.0,1.0,0.0,1.0,5.0,5.0,6.0,4.0,1.0,0.0,0.0,2.0,4.0,0.0,0.0,2.0,2.0,0.0,2.0,0.0,2.0,24.0,2.0,0.0,0.0,0.0,5.0,0.0,0.0,1.0,1.0,1.0,2.0,0.0,2.0,5.0,3.0,0.0,2.0,0.0,0.0,3.0,3.0,1.0,1.0,3.0,2.0,0.0,2.0,0.0,0.0,1.0,2.0,12.0,2.0,2.0,0.0
0.0,2.0,7.0,4.0,0.0,0.0,4.0,0.0,0.0,0.0,0.0,0.0,1.0,1.0,0.0,0.0,27.0,2.0,2.0,0.0,0.0,0.0,0.0,0.0,1.0,0.0,1.0,0.0,2.0,3.0,1.0,0.0,6.0,0.0,1.0,0.0,9.0,1.0,9.0,0.0,1.0,4.0,1.0,0.0,0.0,0.0,3.0,2.0,8.0,0.0,0.0,0.0,0.0,3.0,0.0,2.0,1.0,0.0,0.0,0.0,0.0,0.0,0.0,1.0,0.0,1.0,6.0,0.0,1.0,1.0,9.0,8.0,0.0,0.0,0.0,0.0,0.0,4.0,0.0,0.0,0.0,0.0,2.0,0.0,0.0,3.0,0.0,0.0,0.0,1.0,0.0,0.0,1.0,0.0,1.0,4.0,0.0,0.0,0.0,0.0,0.0,3.0,0.0,0.0,0.0,1.0,0.0,3.0,3.0,3.0,0.0,1.0,0.0,2.0,0.0,0.0,0.0,2.0,7.0,4.0,0.0,3.0,1.0,1.0,0.0,2.0,0.0,1.0,1.0,2.0,0.0,0.0,0.0,0.0,0.0,1.0,0.0,2.0,0.0,1.0,0.0,0.0,0.0,0.0,1.0,0.0,1.0,0.0,0.0,2.0,0.0,4.0,1.0,5.0,2.0,1.0,3.0,0.0,0.0,0.0,10.0,1.0,0.0,4.0,1.0,1.0,0.0,0.0,0.0,0.0,0.0,0.0,2.0,0.0,2.0,5.0,1.0,0.0,0.0,0.0,3.0,1.0,4.0,2.0,0.0,2.0,0.0,0.0,0.0,0.0,0.0,1.0,5.0,6.0,1.0,4.0,1.0,9.0,1.0,1.0,0.0,2.0,1.0,0.0,6.0,1.0,1.0,3.0,1.0,1.0,6.0,3.0,0.0,1.0,0.0,2.0,8.0,0.0,2.0,1.0,9.0,2.0,1.0,0.0,5.0,0.0,0.0,1.0,4.0,3.0,10.0,3.0,6.0,4.0,0.0,0.0,3.0,0.0,0.0,1.0,1.0,2.0,4.0,5.0,1.0,0.0,3.0,2.0,0.0,0.0,1.0,1.0,0.0,2.0,2.0,0.0,4.0,2.0,0.0,6.0,2.0,1.0,0.0,0.0,0.0,3.0,0.0,0.0,1.0,1.0,1.0,1.0,0.0,0.0,0.0,3.0,0.0,0.0,0.0,1.0,2.0,2.0,5.0,0.0,0.0,0.0,0.0,0.0,0.0,0.0,0.0,1.0,0.0,0.0,0.0,0.0,0.0,2.0,4.0,0.0,0.0,0.0,0.0,1.0,0.0,0.0,2.0,0.0,2.0,0.0,0.0,3.0,1.0,0.0,1.0,1.0,1.0,0.0,1.0,0.0,1.0,0.0,2.0,0.0,0.0,0.0,0.0,1.0,0.0,2.0,0.0,0.0,0.0
1.0,0.0,3.0,4.0,0.0,0.0,0.0,0.0,1.0,0.0,0.0,0.0,0.0,0.0,0.0,2.0,9.0,0.0,0.0,0.0,0.0,0.0,0.0,0.0,0.0,0.0,0.0,0.0,0.0,0.0,0.0,0.0,2.0,0.0,0.0,0.0,2.0,0.0,1.0,1.0,1.0,0.0,0.0,0.0,3.0,1.0,2.0,0.0,5.0,0.0,0.0,0.0,0.0,1.0,0.0,0.0,1.0,0.0,0.0,0.0,0.0,0.0,0.0,0.0,0.0,1.0,2.0,0.0,1.0,0.0,2.0,1.0,0.0,0.0,0.0,0.0,0.0,0.0,0.0,0.0,0.0,0.0,0.0,0.0,0.0,1.0,0.0,0.0,0.0,0.0,1.0,0.0,1.0,0.0,0.0,0.0,0.0,1.0,0.0,0.0,0.0,4.0,0.0,0.0,0.0,0.0,0.0,1.0,3.0,1.0,0.0,0.0,1.0,0.0,0.0,1.0,0.0,1.0,4.0,0.0,1.0,2.0,1.0,0.0,0.0,0.0,0.0,0.0,0.0,1.0,1.0,0.0,0.0,1.0,0.0,1.0,0.0,0.0,0.0,2.0,0.0,0.0,0.0,0.0,1.0,0.0,1.0,1.0,0.0,0.0,0.0,1.0,0.0,0.0,2.0,0.0,3.0,0.0,0.0,0.0,2.0,0.0,0.0,1.0,0.0,1.0,0.0,0.0,0.0,0.0,0.0,3.0,0.0,0.0,1.0,0.0,0.0,0.0,0.0,0.0,1.0,0.0,1.0,0.0,0.0,0.0,1.0,0.0,0.0,0.0,1.0,1.0,3.0,0.0,0.0,1.0,0.0,1.0,2.0,0.0,0.0,0.0,0.0,0.0,3.0,0.0,3.0,1.0,2.0,2.0,1.0,1.0,0.0,0.0,1.0,0.0,1.0,0.0,0.0,0.0,1.0,0.0,0.0,0.0,3.0,0.0,0.0,0.0,1.0,0.0,3.0,1.0,3.0,0.0,0.0,1.0,1.0,0.0,1.0,2.0,1.0,0.0,0.0,1.0,0.0,0.0,3.0,1.0,0.0,0.0,1.0,0.0,0.0,0.0,1.0,0.0,1.0,0.0,0.0,2.0,0.0,0.0,0.0,0.0,0.0,0.0,0.0,1.0,0.0,0.0,0.0,0.0,0.0,0.0,0.0,2.0,1.0,0.0,0.0,0.0,1.0,0.0,0.0,0.0,0.0,0.0,0.0,0.0,0.0,0.0,0.0,0.0,0.0,0.0,0.0,0.0,0.0,0.0,0.0,2.0,0.0,1.0,0.0,0.0,0.0,0.0,0.0,0.0,1.0,0.0,0.0,0.0,0.0,2.0,1.0,0.0,0.0,0.0,0.0,1.0,0.0,0.0,0.0,0.0,0.0,0.0,0.0,0.0,0.0,2.0,0.0,0.0,0.0
0.0,1.0,2.0,3.0,0.0,0.0,0.0,0.0,0.0,0.0,0.0,1.0,0.0,0.0,0.0,0.0,7.0,0.0,0.0,0.0,0.0,0.0,0.0,0.0,1.0,0.0,0.0,0.0,1.0,0.0,0.0,0.0,0.0,0.0,0.0,0.0,1.0,0.0,2.0,0.0,1.0,1.0,0.0,0.0,3.0,0.0,1.0,1.0,1.0,1.0,0.0,0.0,0.0,1.0,0.0,2.0,2.0,0.0,0.0,0.0,0.0,0.0,1.0,0.0,1.0,1.0,2.0,0.0,0.0,0.0,0.0,0.0,0.0,0.0,0.0,0.0,0.0,0.0,0.0,0.0,0.0,0.0,0.0,0.0,0.0,0.0,0.0,0.0,0.0,0.0,0.0,0.0,0.0,0.0,0.0,1.0,0.0,0.0,0.0,0.0,0.0,1.0,0.0,0.0,0.0,0.0,0.0,0.0,1.0,2.0,0.0,0.0,0.0,0.0,0.0,0.0,0.0,0.0,1.0,0.0,0.0,1.0,1.0,0.0,0.0,0.0,0.0,0.0,0.0,1.0,0.0,0.0,1.0,0.0,0.0,0.0,0.0,2.0,0.0,1.0,1.0,0.0,1.0,0.0,0.0,0.0,0.0,0.0,0.0,0.0,0.0,0.0,0.0,1.0,2.0,0.0,1.0,0.0,0.0,0.0,0.0,0.0,0.0,0.0,0.0,1.0,0.0,0.0,0.0,0.0,0.0,0.0,0.0,1.0,2.0,1.0,0.0,0.0,0.0,0.0,0.0,0.0,1.0,1.0,1.0,0.0,0.0,0.0,0.0,0.0,0.0,1.0,1.0,1.0,0.0,0.0,0.0,2.0,0.0,0.0,0.0,0.0,0.0,0.0,2.0,0.0,0.0,0.0,0.0,1.0,0.0,1.0,0.0,0.0,0.0,0.0,4.0,0.0,0.0,0.0,1.0,0.0,0.0,0.0,2.0,0.0,0.0,0.0,1.0,0.0,4.0,0.0,2.0,0.0,0.0,0.0,1.0,0.0,0.0,0.0,1.0,0.0,1.0,0.0,0.0,0.0,1.0,0.0,0.0,0.0,0.0,0.0,0.0,0.0,2.0,0.0,0.0,1.0,0.0,0.0,0.0,0.0,0.0,1.0,1.0,0.0,0.0,0.0,0.0,0.0,0.0,1.0,0.0,0.0,1.0,1.0,0.0,0.0,0.0,0.0,1.0,0.0,0.0,0.0,0.0,0.0,0.0,0.0,0.0,0.0,0.0,0.0,0.0,0.0,0.0,0.0,0.0,0.0,0.0,0.0,2.0,0.0,0.0,0.0,0.0,0.0,0.0,0.0,0.0,0.0,0.0,0.0,0.0,0.0,1.0,0.0,0.0,0.0,0.0,0.0,0.0,0.0,0.0,0.0,0.0,0.0,0.0,0.0,1.0,1.0,0.0,0.0,0.0
1.0,0.0,2.0,3.0,0.0,0.0,0.0,0.0,0.0,0.0,0.0,0.0,0.0,0.0,0.0,2.0,6.0,0.0,0.0,0.0,0.0,0.0,0.0,0.0,0.0,0.0,0.0,0.0,0.0,0.0,0.0,0.0,1.0,0.0,0.0,0.0,1.0,0.0,1.0,0.0,1.0,0.0,0.0,0.0,3.0,1.0,1.0,0.0,1.0,0.0,0.0,0.0,0.0,1.0,0.0,0.0,1.0,0.0,0.0,0.0,0.0,0.0,0.0,0.0,0.0,1.0,1.0,0.0,0.0,0.0,0.0,0.0,0.0,0.0,0.0,0.0,0.0,0.0,0.0,0.0,0.0,0.0,0.0,0.0,0.0,0.0,0.0,0.0,0.0,0.0,0.0,0.0,1.0,0.0,0.0,0.0,0.0,1.0,0.0,0.0,0.0,2.0,0.0,0.0,0.0,0.0,0.0,1.0,1.0,1.0,0.0,0.0,1.0,0.0,0.0,1.0,0.0,0.0,2.0,0.0,1.0,0.0,0.0,0.0,0.0,0.0,0.0,0.0,0.0,0.0,1.0,0.0,0.0,1.0,0.0,1.0,0.0,0.0,0.0,1.0,0.0,0.0,0.0,0.0,1.0,0.0,1.0,1.0,0.0,0.0,0.0,0.0,0.0,0.0,1.0,0.0,2.0,0.0,0.0,0.0,1.0,0.0,0.0,1.0,0.0,0.0,0.0,0.0,0.0,0.0,0.0,2.0,0.0,0.0,0.0,0.0,0.0,0.0,0.0,0.0,0.0,0.0,0.0,0.0,0.0,0.0,1.0,0.0,0.0,0.0,1.0,1.0,2.0,0.0,0.0,0.0,0.0,0.0,2.0,0.0,0.0,0.0,0.0,0.0,2.0,0.0,2.0,0.0,0.0,1.0,1.0,0.0,0.0,0.0,1.0,0.0,0.0,0.0,0.0,0.0,0.0,0.0,0.0,0.0,2.0,0.0,0.0,0.0,0.0,0.0,2.0,0.0,2.0,0.0,0.0,0.0,1.0,0.0,0.0,0.0,1.0,0.0,0.0,0.0,0.0,0.0,1.0,0.0,0.0,0.0,1.0,0.0,0.0,0.0,0.0,0.0,1.0,0.0,0.0,2.0,0.0,0.0,0.0,0.0,0.0,0.0,0.0,0.0,0.0,0.0,0.0,0.0,0.0,0.0,0.0,0.0,1.0,0.0,0.0,0.0,1.0,0.0,0.0,0.0,0.0,0.0,0.0,0.0,0.0,0.0,0.0,0.0,0.0,0.0,0.0,0.0,0.0,0.0,0.0,1.0,0.0,1.0,0.0,0.0,0.0,0.0,0.0,0.0,0.0,0.0,0.0,0.0,0.0,0.0,1.0,0.0,0.0,0.0,0.0,1.0,0.0,0.0,0.0,0.0,0.0,0.0,0.0,0.0,0.0,1.0,0.0,0.0,0.0
0.0,2.0,11.0,11.0,2.0,0.0,0.0,0.0,0.0,0.0,0.0,1.0,2.0,4.0,0.0,5.0,21.0,1.0,5.0,0.0,0.0,0.0,2.0,0.0,0.0,0.0,1.0,0.0,6.0,0.0,2.0,0.0,18.0,2.0,1.0,0.0,10.0,0.0,6.0,1.0,0.0,0.0,0.0,2.0,2.0,0.0,6.0,4.0,8.0,0.0,4.0,2.0,0.0,6.0,0.0,1.0,3.0,2.0,0.0,2.0,1.0,0.0,2.0,0.0,1.0,0.0,18.0,2.0,1.0,0.0,7.0,9.0,0.0,0.0,0.0,2.0,0.0,0.0,0.0,2.0,0.0,1.0,0.0,0.0,0.0,5.0,0.0,0.0,0.0,0.0,3.0,0.0,2.0,0.0,0.0,0.0,0.0,0.0,0.0,0.0,0.0,7.0,2.0,0.0,0.0,1.0,0.0,3.0,9.0,1.0,0.0,2.0,0.0,0.0,0.0,0.0,0.0,8.0,7.0,0.0,1.0,3.0,3.0,0.0,0.0,2.0,0.0,1.0,0.0,5.0,0.0,0.0,2.0,0.0,0.0,0.0,0.0,1.0,0.0,5.0,0.0,0.0,0.0,0.0,0.0,0.0,0.0,2.0,0.0,0.0,0.0,9.0,1.0,0.0,5.0,3.0,7.0,0.0,0.0,1.0,6.0,1.0,0.0,7.0,0.0,0.0,0.0,0.0,0.0,1.0,1.0,11.0,1.0,0.0,6.0,8.0,0.0,5.0,0.0,0.0,1.0,2.0,5.0,3.0,4.0,1.0,1.0,4.0,2.0,0.0,0.0,0.0,6.0,8.0,0.0,4.0,0.0,9.0,4.0,3.0,2.0,0.0,0.0,0.0,5.0,2.0,5.0,4.0,0.0,4.0,4.0,4.0,0.0,0.0,0.0,0.0,10.0,4.0,7.0,0.0,4.0,0.0,0.0,2.0,4.0,0.0,0.0,0.0,4.0,2.0,10.0,3.0,5.0,2.0,0.0,0.0,1.0,0.0,0.0,0.0,0.0,0.0,1.0,4.0,5.0,5.0,2.0,2.0,0.0,0.0,0.0,0.0,0.0,5.0,4.0,1.0,0.0,15.0,0.0,3.0,7.0,2.0,0.0,0.0,0.0,0.0,2.0,0.0,0.0,0.0,0.0,2.0,0.0,0.0,2.0,2.0,0.0,0.0,0.0,0.0,1.0,0.0,0.0,2.0,0.0,0.0,0.0,0.0,2.0,0.0,0.0,0.0,0.0,0.0,0.0,0.0,0.0,5.0,0.0,0.0,0.0,0.0,6.0,0.0,0.0,0.0,0.0,0.0,0.0,0.0,2.0,2.0,0.0,0.0,0.0,0.0,0.0,0.0,1.0,0.0,0.0,3.0,0.0,0.0,0.0,0.0,0.0,0.0,0.0,5.0,2.0,2.0,0.0
0.0,1.0,0.0,2.0,0.0,0.0,2.0,0.0,0.0,0.0,0.0,0.0,0.0,1.0,0.0,0.0,7.0,0.0,0.0,0.0,0.0,0.0,0.0,0.0,0.0,0.0,0.0,0.0,1.0,2.0,1.0,0.0,1.0,0.0,1.0,0.0,2.0,1.0,1.0,0.0,0.0,2.0,0.0,0.0,0.0,0.0,2.0,0.0,2.0,0.0,0.0,0.0,0.0,2.0,0.0,2.0,0.0,0.0,0.0,0.0,0.0,0.0,0.0,0.0,0.0,0.0,3.0,0.0,0.0,0.0,2.0,5.0,0.0,0.0,0.0,0.0,0.0,1.0,0.0,0.0,0.0,0.0,1.0,0.0,0.0,0.0,0.0,0.0,0.0,0.0,0.0,0.0,0.0,0.0,0.0,2.0,0.0,0.0,0.0,0.0,0.0,1.0,0.0,0.0,0.0,0.0,0.0,0.0,0.0,1.0,0.0,0.0,0.0,0.0,0.0,0.0,0.0,1.0,3.0,1.0,0.0,1.0,0.0,0.0,0.0,0.0,0.0,0.0,1.0,0.0,0.0,0.0,0.0,0.0,0.0,0.0,0.0,1.0,0.0,0.0,0.0,0.0,0.0,0.0,0.0,0.0,0.0,0.0,0.0,0.0,0.0,1.0,0.0,2.0,1.0,0.0,0.0,0.0,0.0,0.0,4.0,1.0,0.0,2.0,0.0,0.0,0.0,0.0,0.0,0.0,0.0,0.0,0.0,0.0,0.0,2.0,0.0,0.0,0.0,0.0,0.0,1.0,1.0,1.0,0.0,1.0,0.0,0.0,0.0,0.0,0.0,0.0,1.0,0.0,1.0,0.0,0.0,1.0,0.0,0.0,0.0,1.0,0.0,0.0,2.0,0.0,0.0,1.0,0.0,0.0,0.0,0.0,0.0,0.0,0.0,0.0,1.0,0.0,0.0,0.0,4.0,0.0,0.0,0.0,3.0,0.0,0.0,0.0,1.0,1.0,3.0,1.0,2.0,1.0,0.0,0.0,1.0,0.0,0.0,0.0,0.0,0.0,2.0,3.0,0.0,0.0,1.0,0.0,0.0,0.0,0.0,0.0,0.0,0.0,1.0,0.0,1.0,1.0,0.0,0.0,1.0,0.0,0.0,0.0,0.0,2.0,0.0,0.0,0.0,0.0,0.0,0.0,0.0,0.0,0.0,1.0,0.0,0.0,0.0,0.0,0.0,0.0,2.0,0.0,0.0,0.0,0.0,0.0,0.0,0.0,0.0,0.0,0.0,0.0,0.0,0.0,0.0,0.0,1.0,0.0,0.0,0.0,0.0,1.0,0.0,0.0,1.0,0.0,0.0,0.0,0.0,0.0,0.0,0.0,0.0,1.0,0.0,0.0,0.0,0.0,0.0,0.0,0.0,0.0,0.0,0.0,0.0,0.0,0.0,0.0,0.0,0.0,0.0
0.0,0.0,0.0,0.0,0.0,0.0,0.0,1.0,0.0,0.0,1.0,1.0,1.0,1.0,0.0,1.0,2.0,0.0,0.0,0.0,0.0,0.0,0.0,0.0,0.0,0.0,0.0,0.0,0.0,0.0,0.0,0.0,1.0,0.0,0.0,0.0,0.0,0.0,0.0,0.0,0.0,0.0,0.0,0.0,0.0,0.0,2.0,1.0,1.0,0.0,0.0,0.0,0.0,0.0,0.0,0.0,0.0,0.0,0.0,0.0,0.0,0.0,1.0,0.0,0.0,0.0,1.0,1.0,0.0,0.0,3.0,1.0,0.0,0.0,0.0,1.0,0.0,0.0,0.0,0.0,0.0,0.0,0.0,0.0,0.0,0.0,0.0,0.0,0.0,0.0,0.0,0.0,0.0,0.0,1.0,0.0,0.0,0.0,0.0,0.0,0.0,2.0,0.0,1.0,0.0,0.0,0.0,0.0,0.0,1.0,0.0,0.0,0.0,0.0,0.0,0.0,1.0,0.0,0.0,0.0,2.0,1.0,0.0,0.0,0.0,0.0,0.0,0.0,0.0,0.0,1.0,1.0,0.0,1.0,0.0,0.0,0.0,1.0,1.0,1.0,0.0,0.0,1.0,0.0,0.0,1.0,0.0,0.0,0.0,0.0,0.0,1.0,0.0,0.0,1.0,1.0,0.0,0.0,0.0,0.0,2.0,0.0,2.0,0.0,0.0,1.0,0.0,0.0,0.0,0.0,0.0,0.0,0.0,0.0,0.0,0.0,0.0,0.0,0.0,0.0,0.0,0.0,1.0,1.0,0.0,0.0,0.0,0.0,0.0,0.0,0.0,1.0,1.0,3.0,0.0,1.0,0.0,0.0,2.0,0.0,0.0,0.0,0.0,0.0,1.0,0.0,1.0,1.0,0.0,0.0,2.0,0.0,0.0,2.0,1.0,0.0,0.0,0.0,0.0,0.0,0.0,0.0,0.0,0.0,0.0,1.0,0.0,0.0,0.0,0.0,1.0,1.0,0.0,0.0,0.0,0.0,1.0,0.0,1.0,0.0,0.0,1.0,1.0,0.0,0.0,0.0,2.0,0.0,0.0,0.0,0.0,0.0,0.0,1.0,2.0,0.0,0.0,0.0,0.0,1.0,1.0,0.0,0.0,0.0,0.0,0.0,0.0,0.0,1.0,0.0,1.0,1.0,0.0,0.0,0.0,2.0,0.0,0.0,0.0,0.0,0.0,1.0,0.0,0.0,0.0,0.0,0.0,0.0,0.0,1.0,0.0,0.0,0.0,0.0,0.0,0.0,0.0,0.0,0.0,0.0,0.0,0.0,0.0,0.0,2.0,0.0,0.0,0.0,0.0,0.0,0.0,0.0,0.0,0.0,0.0,0.0,0.0,0.0,0.0,0.0,0.0,0.0,1.0,0.0,0.0,0.0,0.0,0.0,0.0,1.0,0.0,0.0,0.0
0.0,1.0,2.0,4.0,0.0,0.0,0.0,0.0,0.0,0.0,0.0,1.0,0.0,1.0,0.0,0.0,6.0,0.0,0.0,0.0,0.0,0.0,0.0,0.0,0.0,0.0,0.0,1.0,1.0,0.0,0.0,0.0,3.0,0.0,2.0,0.0,3.0,0.0,3.0,0.0,0.0,0.0,0.0,0.0,2.0,0.0,2.0,0.0,5.0,0.0,0.0,1.0,0.0,0.0,0.0,1.0,0.0,0.0,0.0,0.0,0.0,0.0,1.0,0.0,0.0,2.0,3.0,1.0,0.0,0.0,6.0,5.0,1.0,0.0,0.0,0.0,0.0,1.0,0.0,0.0,0.0,0.0,2.0,0.0,0.0,0.0,1.0,0.0,0.0,0.0,0.0,0.0,0.0,0.0,0.0,0.0,1.0,0.0,0.0,0.0,0.0,0.0,0.0,0.0,0.0,0.0,1.0,0.0,2.0,1.0,0.0,1.0,0.0,0.0,0.0,0.0,0.0,0.0,1.0,0.0,0.0,0.0,0.0,0.0,0.0,0.0,0.0,0.0,0.0,2.0,1.0,0.0,0.0,0.0,0.0,0.0,0.0,0.0,0.0,1.0,0.0,0.0,0.0,1.0,1.0,0.0,0.0,0.0,0.0,0.0,0.0,0.0,0.0,4.0,1.0,0.0,2.0,0.0,0.0,1.0,1.0,1.0,0.0,0.0,0.0,0.0,1.0,0.0,0.0,0.0,0.0,0.0,0.0,0.0,1.0,4.0,0.0,0.0,0.0,0.0,0.0,0.0,4.0,2.0,0.0,2.0,0.0,0.0,0.0,0.0,0.0,1.0,1.0,1.0,0.0,0.0,0.0,2.0,0.0,0.0,0.0,0.0,0.0,0.0,2.0,0.0,0.0,3.0,0.0,0.0,1.0,1.0,0.0,0.0,0.0,0.0,2.0,0.0,0.0,1.0,0.0,1.0,0.0,0.0,0.0,0.0,0.0,0.0,4.0,0.0,3.0,1.0,2.0,0.0,1.0,0.0,1.0,0.0,0.0,1.0,0.0,0.0,1.0,2.0,1.0,0.0,0.0,0.0,0.0,0.0,1.0,0.0,0.0,1.0,0.0,0.0,2.0,3.0,0.0,3.0,1.0,0.0,0.0,0.0,1.0,0.0,0.0,0.0,1.0,0.0,0.0,0.0,0.0,0.0,0.0,0.0,0.0,0.0,0.0,0.0,1.0,0.0,0.0,0.0,0.0,0.0,0.0,0.0,0.0,0.0,0.0,0.0,0.0,0.0,0.0,0.0,0.0,1.0,0.0,0.0,0.0,0.0,0.0,0.0,0.0,2.0,0.0,0.0,0.0,0.0,0.0,1.0,0.0,0.0,0.0,0.0,0.0,0.0,1.0,0.0,0.0,0.0,0.0,0.0,0.0,0.0,0.0,0.0,0.0,2.0,0.0,0.0,0.0
0.0,2.0,3.0,4.0,0.0,0.0,3.0,0.0,0.0,0.0,0.0,0.0,0.0,1.0,0.0,0.0,16.0,0.0,1.0,0.0,0.0,0.0,0.0,0.0,0.0,0.0,0.0,0.0,2.0,3.0,1.0,0.0,2.0,0.0,1.0,0.0,8.0,1.0,7.0,0.0,1.0,4.0,1.0,0.0,0.0,0.0,3.0,1.0,8.0,0.0,0.0,0.0,0.0,2.0,0.0,2.0,0.0,0.0,0.0,0.0,0.0,0.0,0.0,1.0,0.0,1.0,4.0,0.0,0.0,0.0,6.0,8.0,0.0,0.0,0.0,0.0,0.0,1.0,0.0,0.0,0.0,0.0,2.0,0.0,0.0,1.0,0.0,0.0,0.0,1.0,0.0,0.0,0.0,0.0,1.0,3.0,0.0,0.0,0.0,0.0,0.0,1.0,0.0,0.0,0.0,0.0,0.0,3.0,3.0,2.0,0.0,0.0,0.0,0.0,0.0,0.0,0.0,1.0,4.0,3.0,0.0,2.0,0.0,0.0,0.0,2.0,0.0,1.0,1.0,1.0,0.0,0.0,0.0,0.0,0.0,1.0,0.0,2.0,0.0,0.0,0.0,0.0,0.0,0.0,0.0,0.0,1.0,0.0,0.0,1.0,0.0,3.0,0.0,4.0,2.0,0.0,2.0,0.0,0.0,0.0,7.0,1.0,0.0,2.0,0.0,1.0,0.0,0.0,0.0,0.0,0.0,0.0,1.0,0.0,1.0,3.0,0.0,0.0,0.0,0.0,3.0,1.0,3.0,2.0,0.0,2.0,0.0,0.0,0.0,0.0,0.0,1.0,4.0,4.0,1.0,4.0,1.0,6.0,0.0,1.0,0.0,2.0,0.0,0.0,4.0,1.0,0.0,3.0,0.0,0.0,3.0,2.0,0.0,1.0,0.0,1.0,3.0,0.0,2.0,1.0,4.0,1.0,1.0,0.0,4.0,0.0,0.0,1.0,3.0,1.0,8.0,2.0,4.0,3.0,0.0,0.0,2.0,0.0,0.0,1.0,0.0,2.0,3.0,5.0,1.0,0.0,1.0,0.0,0.0,0.0,1.0,0.0,0.0,1.0,1.0,0.0,2.0,1.0,0.0,5.0,2.0,0.0,0.0,0.0,0.0,3.0,0.0,0.0,1.0,0.0,1.0,0.0,0.0,0.0,0.0,1.0,0.0,0.0,0.0,1.0,2.0,1.0,3.0,0.0,0.0,0.0,0.0,0.0,0.0,0.0,0.0,0.0,0.0,0.0,0.0,0.0,0.0,1.0,2.0,0.0,0.0,0.0,0.0,1.0,0.0,0.0,2.0,0.0,0.0,0.0,0.0,3.0,0.0,0.0,0.0,1.0,0.0,0.0,1.0,0.0,1.0,0.0,2.0,0.0,0.0,0.0,0.0,0.0,0.0,1.0,0.0,0.0,0.0
0.0,2.0,0.0,2.0,0.0,0.0,2.0,0.0,0.0,0.0,0.0,2.0,0.0,0.0,1.0,1.0,2.0,0.0,0.0,0.0,2.0,0.0,0.0,0.0,0.0,0.0,0.0,0.0,0.0,2.0,0.0,0.0,0.0,0.0,0.0,0.0,1.0,0.0,0.0,0.0,0.0,0.0,0.0,0.0,0.0,0.0,0.0,0.0,1.0,0.0,0.0,0.0,1.0,0.0,0.0,0.0,0.0,0.0,0.0,0.0,0.0,0.0,0.0,0.0,0.0,0.0,1.0,0.0,0.0,0.0,0.0,2.0,0.0,0.0,0.0,0.0,0.0,0.0,0.0,0.0,0.0,0.0,0.0,0.0,0.0,0.0,0.0,0.0,0.0,0.0,1.0,0.0,0.0,0.0,0.0,2.0,0.0,0.0,0.0,0.0,0.0,4.0,0.0,0.0,0.0,1.0,0.0,0.0,0.0,0.0,0.0,1.0,0.0,0.0,0.0,0.0,0.0,1.0,2.0,0.0,1.0,1.0,0.0,1.0,0.0,0.0,0.0,0.0,0.0,1.0,1.0,0.0,0.0,0.0,0.0,0.0,0.0,2.0,0.0,0.0,0.0,0.0,0.0,0.0,0.0,0.0,0.0,0.0,0.0,0.0,0.0,0.0,0.0,1.0,0.0,0.0,0.0,0.0,0.0,0.0,2.0,0.0,0.0,0.0,0.0,0.0,1.0,1.0,0.0,0.0,0.0,0.0,1.0,0.0,0.0,0.0,0.0,0.0,1.0,0.0,0.0,0.0,0.0,0.0,0.0,0.0,0.0,0.0,0.0,0.0,0.0,0.0,0.0,1.0,0.0,0.0,0.0,1.0,0.0,0.0,0.0,0.0,0.0,0.0,2.0,0.0,2.0,0.0,0.0,0.0,1.0,0.0,0.0,0.0,0.0,0.0,5.0,0.0,0.0,0.0,1.0,0.0,0.0,0.0,1.0,0.0,0.0,0.0,0.0,0.0,2.0,0.0,2.0,0.0,0.0,0.0,0.0,0.0,0.0,0.0,0.0,0.0,0.0,0.0,0.0,0.0,4.0,0.0,0.0,0.0,0.0,0.0,0.0,0.0,3.0,0.0,0.0,0.0,0.0,0.0,0.0,1.0,0.0,0.0,0.0,0.0,1.0,0.0,0.0,0.0,0.0,0.0,1.0,0.0,0.0,2.0,0.0,0.0,0.0,0.0,0.0,0.0,2.0,0.0,0.0,0.0,0.0,0.0,0.0,0.0,0.0,0.0,0.0,0.0,0.0,0.0,0.0,1.0,0.0,0.0,0.0,0.0,0.0,0.0,0.0,0.0,0.0,1.0,0.0,0.0,0.0,0.0,0.0,0.0,0.0,0.0,0.0,1.0,0.0,0.0,0.0,0.0,0.0,0.0,0.0,0.0,0.0,0.0,0.0,1.0,0.0,0.0,0.0
0.0,3.0,10.0,12.0,5.0,0.0,2.0,2.0,1.0,1.0,0.0,3.0,4.0,7.0,0.0,5.0,32.0,4.0,0.0,0.0,0.0,5.0,0.0,1.0,0.0,2.0,2.0,0.0,1.0,0.0,0.0,1.0,13.0,0.0,2.0,2.0,12.0,0.0,6.0,5.0,3.0,0.0,0.0,0.0,0.0,1.0,4.0,1.0,26.0,0.0,0.0,0.0,2.0,5.0,1.0,1.0,5.0,0.0,0.0,0.0,0.0,3.0,0.0,0.0,2.0,2.0,8.0,0.0,3.0,0.0,14.0,6.0,0.0,0.0,2.0,1.0,0.0,6.0,0.0,0.0,0.0,0.0,1.0,3.0,0.0,6.0,0.0,1.0,0.0,0.0,1.0,2.0,4.0,2.0,0.0,3.0,1.0,0.0,0.0,4.0,3.0,19.0,0.0,0.0,2.0,2.0,0.0,4.0,6.0,3.0,4.0,10.0,1.0,8.0,0.0,0.0,4.0,2.0,16.0,4.0,0.0,7.0,5.0,1.0,1.0,0.0,0.0,5.0,0.0,5.0,3.0,1.0,0.0,0.0,2.0,0.0,0.0,2.0,0.0,2.0,2.0,0.0,1.0,0.0,6.0,0.0,2.0,2.0,0.0,0.0,0.0,12.0,2.0,3.0,5.0,2.0,2.0,0.0,0.0,1.0,19.0,2.0,0.0,2.0,0.0,1.0,5.0,1.0,0.0,0.0,0.0,8.0,0.0,0.0,2.0,3.0,2.0,2.0,3.0,2.0,4.0,0.0,14.0,7.0,3.0,0.0,0.0,5.0,0.0,0.0,2.0,2.0,11.0,10.0,0.0,3.0,0.0,7.0,3.0,0.0,1.0,1.0,3.0,1.0,3.0,0.0,4.0,7.0,2.0,1.0,6.0,3.0,1.0,2.0,0.0,0.0,6.0,0.0,3.0,0.0,17.0,2.0,1.0,0.0,5.0,2.0,0.0,0.0,7.0,4.0,5.0,5.0,3.0,0.0,3.0,2.0,2.0,0.0,1.0,2.0,0.0,4.0,1.0,3.0,0.0,1.0,18.0,7.0,0.0,1.0,0.0,2.0,1.0,3.0,6.0,0.0,7.0,0.0,0.0,5.0,5.0,0.0,0.0,2.0,2.0,0.0,3.0,3.0,2.0,1.0,0.0,0.0,0.0,0.0,1.0,18.0,2.0,0.0,0.0,0.0,0.0,2.0,6.0,2.0,0.0,1.0,0.0,0.0,0.0,0.0,0.0,3.0,3.0,0.0,3.0,0.0,0.0,2.0,2.0,1.0,0.0,0.0,0.0,0.0,0.0,0.0,0.0,0.0,12.0,0.0,0.0,0.0,0.0,2.0,0.0,0.0,2.0,3.0,1.0,4.0,0.0,0.0,4.0,0.0,1.0,0.0,0.0,0.0,0.0,5.0,0.0,0.0,0.0
0.0,1.0,2.0,8.0,0.0,0.0,0.0,2.0,0.0,0.0,0.0,6.0,0.0,3.0,0.0,3.0,6.0,0.0,0.0,0.0,0.0,0.0,5.0,0.0,0.0,0.0,0.0,2.0,0.0,1.0,0.0,0.0,5.0,0.0,3.0,0.0,2.0,0.0,2.0,0.0,0.0,0.0,0.0,0.0,2.0,0.0,4.0,2.0,8.0,0.0,0.0,0.0,0.0,4.0,0.0,3.0,4.0,0.0,0.0,0.0,0.0,0.0,0.0,1.0,0.0,2.0,2.0,0.0,1.0,0.0,8.0,7.0,0.0,0.0,0.0,0.0,0.0,0.0,0.0,0.0,0.0,0.0,0.0,0.0,0.0,1.0,0.0,1.0,1.0,0.0,0.0,0.0,0.0,0.0,0.0,0.0,0.0,0.0,2.0,0.0,0.0,1.0,0.0,2.0,0.0,0.0,0.0,1.0,0.0,1.0,0.0,2.0,0.0,0.0,0.0,0.0,1.0,5.0,0.0,1.0,0.0,1.0,0.0,0.0,0.0,3.0,0.0,0.0,0.0,1.0,1.0,0.0,0.0,1.0,0.0,1.0,0.0,5.0,0.0,5.0,3.0,0.0,0.0,0.0,0.0,1.0,0.0,0.0,0.0,0.0,0.0,4.0,1.0,3.0,1.0,0.0,4.0,1.0,0.0,2.0,3.0,0.0,0.0,0.0,0.0,1.0,0.0,0.0,0.0,0.0,1.0,3.0,0.0,0.0,1.0,4.0,1.0,0.0,0.0,0.0,2.0,1.0,1.0,2.0,0.0,0.0,0.0,0.0,0.0,0.0,1.0,0.0,5.0,3.0,0.0,2.0,0.0,3.0,6.0,0.0,0.0,0.0,0.0,0.0,0.0,0.0,0.0,7.0,0.0,5.0,1.0,0.0,0.0,0.0,1.0,0.0,2.0,0.0,0.0,2.0,4.0,0.0,1.0,0.0,0.0,1.0,0.0,0.0,1.0,0.0,3.0,1.0,1.0,2.0,0.0,1.0,1.0,0.0,0.0,0.0,0.0,1.0,5.0,4.0,1.0,0.0,1.0,3.0,0.0,0.0,2.0,1.0,0.0,0.0,0.0,0.0,0.0,0.0,0.0,2.0,4.0,0.0,0.0,0.0,0.0,0.0,0.0,0.0,0.0,0.0,0.0,3.0,0.0,0.0,0.0,0.0,0.0,0.0,0.0,0.0,1.0,2.0,2.0,0.0,0.0,0.0,0.0,0.0,0.0,0.0,0.0,0.0,0.0,0.0,0.0,0.0,0.0,0.0,0.0,0.0,0.0,0.0,0.0,0.0,0.0,0.0,0.0,0.0,0.0,5.0,0.0,0.0,0.0,0.0,0.0,0.0,0.0,0.0,2.0,0.0,0.0,0.0,1.0,0.0,0.0,0.0,0.0,0.0,0.0,7.0,0.0,0.0,2.0
0.0,0.0,4.0,4.0,1.0,0.0,0.0,0.0,0.0,0.0,0.0,0.0,1.0,1.0,0.0,2.0,9.0,0.0,2.0,0.0,0.0,0.0,1.0,0.0,0.0,0.0,0.0,0.0,2.0,0.0,1.0,0.0,8.0,1.0,0.0,0.0,3.0,0.0,2.0,0.0,0.0,0.0,0.0,1.0,1.0,0.0,2.0,2.0,2.0,0.0,2.0,1.0,0.0,2.0,0.0,0.0,1.0,1.0,0.0,1.0,0.0,0.0,1.0,0.0,0.0,0.0,6.0,1.0,0.0,0.0,2.0,3.0,0.0,0.0,0.0,1.0,0.0,0.0,0.0,1.0,0.0,0.0,0.0,0.0,0.0,2.0,0.0,0.0,0.0,0.0,1.0,0.0,1.0,0.0,0.0,0.0,0.0,0.0,0.0,0.0,0.0,2.0,1.0,0.0,0.0,0.0,0.0,1.0,4.0,0.0,0.0,1.0,0.0,0.0,0.0,0.0,0.0,3.0,1.0,0.0,0.0,1.0,1.0,0.0,0.0,1.0,0.0,0.0,0.0,1.0,0.0,0.0,1.0,0.0,0.0,0.0,0.0,0.0,0.0,2.0,0.0,0.0,0.0,0.0,0.0,0.0,0.0,1.0,0.0,0.0,0.0,4.0,0.0,0.0,2.0,1.0,3.0,0.0,0.0,0.0,2.0,0.0,0.0,3.0,0.0,0.0,0.0,0.0,0.0,0.0,0.0,3.0,0.0,0.0,2.0,2.0,0.0,2.0,0.0,0.0,0.0,1.0,2.0,1.0,1.0,0.0,0.0,2.0,0.0,0.0,0.0,0.0,2.0,3.0,0.0,2.0,0.0,3.0,1.0,1.0,0.0,0.0,0.0,0.0,2.0,1.0,2.0,1.0,0.0,2.0,1.0,2.0,0.0,0.0,0.0,0.0,4.0,2.0,3.0,0.0,1.0,0.0,0.0,1.0,0.0,0.0,0.0,0.0,2.0,1.0,4.0,1.0,2.0,1.0,0.0,0.0,0.0,0.0,0.0,0.0,0.0,0.0,0.0,1.0,2.0,2.0,0.0,1.0,0.0,0.0,0.0,0.0,0.0,2.0,1.0,0.0,0.0,5.0,0.0,1.0,2.0,1.0,0.0,0.0,0.0,0.0,1.0,0.0,0.0,0.0,0.0,1.0,0.0,0.0,0.0,0.0,0.0,0.0,0.0,0.0,0.0,0.0,0.0,1.0,0.0,0.0,0.0,0.0,1.0,0.0,0.0,0.0,0.0,0.0,0.0,0.0,0.0,2.0,0.0,0.0,0.0,0.0,2.0,0.0,0.0,0.0,0.0,0.0,0.0,0.0,1.0,1.0,0.0,0.0,0.0,0.0,0.0,0.0,0.0,0.0,0.0,1.0,0.0,0.0,0.0,0.0,0.0,0.0,0.0,1.0,1.0,1.0,0.0
0.0,6.0,14.0,13.0,1.0,0.0,4.0,0.0,0.0,0.0,0.0,1.0,1.0,2.0,0.0,2.0,38.0,0.0,5.0,0.0,0.0,0.0,1.0,0.0,0.0,0.0,0.0,2.0,7.0,3.0,1.0,0.0,13.0,1.0,1.0,0.0,24.0,0.0,22.0,0.0,3.0,6.0,3.0,1.0,3.0,0.0,5.0,5.0,24.0,0.0,2.0,1.0,0.0,2.0,0.0,2.0,1.0,1.0,0.0,1.0,0.0,0.0,1.0,3.0,0.0,3.0,11.0,2.0,0.0,0.0,16.0,17.0,0.0,0.0,0.0,1.0,0.0,0.0,1.0,1.0,0.0,0.0,4.0,0.0,0.0,5.0,1.0,0.0,0.0,3.0,1.0,0.0,1.0,0.0,3.0,4.0,1.0,0.0,0.0,0.0,0.0,2.0,1.0,1.0,0.0,0.0,1.0,10.0,15.0,3.0,0.0,2.0,0.0,0.0,0.0,0.0,0.0,3.0,4.0,6.0,0.0,4.0,1.0,0.0,0.0,7.0,0.0,3.0,0.0,5.0,0.0,0.0,1.0,0.0,0.0,3.0,0.0,3.0,0.0,4.0,0.0,0.0,0.0,1.0,1.0,0.0,3.0,1.0,0.0,3.0,0.0,11.0,0.0,9.0,5.0,2.0,9.0,0.0,0.0,0.0,11.0,0.0,0.0,3.0,0.0,3.0,1.0,0.0,0.0,0.0,0.0,4.0,3.0,0.0,6.0,7.0,0.0,2.0,0.0,0.0,10.0,1.0,9.0,4.0,1.0,5.0,0.0,3.0,0.0,0.0,0.0,4.0,12.0,16.0,0.0,14.0,4.0,21.0,1.0,5.0,0.0,3.0,0.0,0.0,9.0,4.0,2.0,9.0,0.0,2.0,10.0,9.0,0.0,3.0,0.0,4.0,12.0,2.0,9.0,3.0,1.0,3.0,3.0,1.0,3.0,0.0,0.0,3.0,9.0,1.0,21.0,6.0,9.0,7.0,1.0,0.0,3.0,0.0,0.0,4.0,0.0,6.0,5.0,9.0,5.0,2.0,0.0,1.0,0.0,0.0,4.0,0.0,0.0,6.0,2.0,0.0,4.0,7.0,0.0,17.0,6.0,1.0,0.0,0.0,1.0,3.0,1.0,0.0,5.0,0.0,3.0,3.0,0.0,0.0,0.0,0.0,0.0,0.0,0.0,3.0,6.0,3.0,3.0,1.0,0.0,0.0,0.0,0.0,1.0,0.0,0.0,0.0,0.0,0.0,0.0,0.0,0.0,5.0,3.0,0.0,0.0,0.0,2.0,0.0,0.0,1.0,3.0,0.0,0.0,0.0,1.0,12.0,0.0,0.0,0.0,0.0,0.0,0.0,3.0,0.0,3.0,1.0,6.0,0.0,0.0,0.0,0.0,0.0,0.0,5.0,1.0,1.0,0.0
0.0,0.0,3.0,2.0,1.0,0.0,0.0,0.0,0.0,0.0,0.0,0.0,0.0,1.0,0.0,0.0,9.0,4.0,1.0,0.0,0.0,0.0,0.0,0.0,1.0,0.0,0.0,0.0,0.0,0.0,0.0,0.0,3.0,0.0,2.0,1.0,1.0,0.0,1.0,0.0,1.0,0.0,0.0,0.0,0.0,0.0,2.0,1.0,3.0,0.0,0.0,0.0,0.0,2.0,0.0,2.0,2.0,0.0,0.0,0.0,0.0,0.0,1.0,0.0,1.0,2.0,3.0,0.0,1.0,1.0,7.0,2.0,1.0,0.0,0.0,0.0,0.0,1.0,0.0,0.0,0.0,0.0,0.0,0.0,0.0,2.0,0.0,0.0,0.0,0.0,0.0,1.0,0.0,0.0,0.0,0.0,0.0,0.0,0.0,0.0,1.0,1.0,0.0,0.0,0.0,0.0,0.0,0.0,0.0,1.0,0.0,0.0,0.0,0.0,0.0,0.0,1.0,1.0,1.0,1.0,0.0,1.0,1.0,1.0,0.0,0.0,0.0,0.0,0.0,1.0,1.0,0.0,0.0,0.0,0.0,0.0,0.0,1.0,0.0,2.0,0.0,0.0,2.0,0.0,0.0,0.0,0.0,1.0,1.0,1.0,0.0,0.0,0.0,1.0,0.0,2.0,2.0,0.0,0.0,0.0,1.0,0.0,0.0,2.0,2.0,0.0,0.0,0.0,0.0,1.0,0.0,1.0,1.0,0.0,1.0,2.0,0.0,0.0,0.0,0.0,0.0,0.0,1.0,1.0,2.0,0.0,0.0,1.0,0.0,0.0,0.0,1.0,0.0,2.0,0.0,1.0,0.0,4.0,2.0,0.0,0.0,2.0,0.0,0.0,2.0,1.0,1.0,3.0,1.0,2.0,3.0,2.0,0.0,0.0,0.0,1.0,7.0,0.0,1.0,1.0,3.0,0.0,1.0,0.0,1.0,0.0,0.0,0.0,0.0,1.0,4.0,2.0,2.0,1.0,0.0,0.0,0.0,1.0,0.0,0.0,1.0,0.0,1.0,1.0,1.0,0.0,0.0,1.0,0.0,0.0,3.0,3.0,0.0,1.0,1.0,0.0,1.0,3.0,0.0,1.0,1.0,1.0,0.0,0.0,0.0,0.0,0.0,0.0,0.0,1.0,0.0,1.0,0.0,0.0,0.0,1.0,0.0,0.0,0.0,0.0,0.0,2.0,0.0,1.0,0.0,0.0,0.0,0.0,0.0,0.0,0.0,0.0,0.0,0.0,0.0,0.0,1.0,3.0,1.0,0.0,0.0,0.0,0.0,0.0,0.0,0.0,0.0,0.0,0.0,0.0,0.0,0.0,2.0,0.0,1.0,0.0,0.0,0.0,0.0,0.0,0.0,0.0,0.0,0.0,0.0,0.0,0.0,1.0,0.0,1.0,0.0,0.0,0.0
0.0,0.0,8.0,4.0,0.0,0.0,0.0,0.0,2.0,0.0,0.0,2.0,2.0,0.0,0.0,0.0,12.0,2.0,0.0,0.0,0.0,2.0,0.0,0.0,0.0,0.0,0.0,0.0,0.0,0.0,0.0,0.0,2.0,0.0,2.0,0.0,6.0,0.0,4.0,2.0,2.0,0.0,0.0,0.0,2.0,0.0,2.0,0.0,12.0,2.0,0.0,0.0,0.0,2.0,0.0,0.0,0.0,0.0,0.0,0.0,0.0,0.0,0.0,0.0,2.0,2.0,6.0,0.0,6.0,0.0,8.0,2.0,0.0,0.0,0.0,0.0,0.0,0.0,0.0,0.0,0.0,2.0,0.0,0.0,0.0,4.0,0.0,0.0,0.0,0.0,2.0,0.0,0.0,0.0,0.0,0.0,0.0,0.0,0.0,0.0,0.0,6.0,0.0,0.0,0.0,2.0,0.0,2.0,10.0,0.0,0.0,0.0,0.0,0.0,0.0,0.0,0.0,2.0,4.0,0.0,0.0,6.0,2.0,2.0,0.0,0.0,0.0,0.0,0.0,6.0,0.0,0.0,0.0,0.0,0.0,0.0,0.0,0.0,0.0,4.0,2.0,0.0,0.0,0.0,0.0,0.0,0.0,0.0,0.0,0.0,0.0,4.0,0.0,4.0,2.0,0.0,2.0,0.0,0.0,0.0,2.0,0.0,0.0,0.0,0.0,2.0,0.0,0.0,0.0,0.0,0.0,4.0,0.0,4.0,2.0,4.0,2.0,0.0,0.0,0.0,2.0,0.0,6.0,2.0,0.0,2.0,0.0,0.0,0.0,0.0,0.0,0.0,2.0,4.0,2.0,2.0,0.0,4.0,2.0,0.0,0.0,0.0,0.0,0.0,2.0,0.0,6.0,2.0,8.0,2.0,0.0,6.0,0.0,0.0,0.0,0.0,6.0,0.0,0.0,0.0,8.0,0.0,0.0,0.0,6.0,0.0,0.0,0.0,4.0,0.0,2.0,2.0,2.0,0.0,2.0,2.0,0.0,0.0,2.0,8.0,0.0,0.0,0.0,2.0,0.0,0.0,6.0,2.0,0.0,0.0,0.0,0.0,0.0,2.0,4.0,0.0,2.0,2.0,2.0,2.0,2.0,0.0,0.0,2.0,2.0,0.0,0.0,2.0,0.0,0.0,0.0,0.0,0.0,0.0,0.0,6.0,0.0,0.0,0.0,0.0,0.0,2.0,0.0,0.0,0.0,0.0,0.0,0.0,0.0,0.0,0.0,0.0,0.0,0.0,2.0,0.0,0.0,0.0,0.0,2.0,0.0,0.0,0.0,0.0,0.0,0.0,0.0,0.0,2.0,0.0,0.0,0.0,0.0,8.0,0.0,0.0,0.0,0.0,0.0,0.0,0.0,0.0,0.0,0.0,0.0,0.0,0.0,0.0,0.0,6.0,0.0,0.0,0.0
2.0,1.0,7.0,5.0,1.0,1.0,2.0,0.0,0.0,1.0,0.0,0.0,1.0,0.0,0.0,5.0,23.0,1.0,2.0,0.0,0.0,0.0,0.0,2.0,2.0,1.0,0.0,0.0,0.0,0.0,0.0,0.0,3.0,1.0,1.0,1.0,4.0,0.0,5.0,0.0,2.0,0.0,0.0,0.0,3.0,1.0,3.0,3.0,5.0,0.0,0.0,0.0,0.0,3.0,0.0,2.0,5.0,1.0,0.0,1.0,0.0,0.0,0.0,0.0,0.0,2.0,4.0,0.0,3.0,1.0,3.0,0.0,0.0,1.0,0.0,0.0,0.0,2.0,0.0,0.0,0.0,0.0,1.0,0.0,0.0,1.0,0.0,1.0,0.0,0.0,0.0,0.0,2.0,0.0,0.0,4.0,0.0,1.0,0.0,0.0,0.0,5.0,0.0,0.0,0.0,2.0,0.0,2.0,3.0,4.0,0.0,2.0,1.0,1.0,0.0,1.0,0.0,1.0,5.0,2.0,1.0,3.0,2.0,1.0,0.0,2.0,0.0,0.0,0.0,3.0,5.0,0.0,0.0,1.0,0.0,1.0,0.0,2.0,0.0,2.0,0.0,1.0,2.0,0.0,2.0,0.0,1.0,1.0,1.0,1.0,0.0,2.0,0.0,1.0,4.0,2.0,4.0,0.0,0.0,0.0,2.0,0.0,0.0,3.0,1.0,1.0,1.0,1.0,0.0,1.0,0.0,2.0,1.0,1.0,3.0,2.0,1.0,0.0,2.0,0.0,0.0,0.0,1.0,1.0,0.0,0.0,1.0,0.0,1.0,0.0,1.0,2.0,4.0,6.0,0.0,0.0,0.0,3.0,5.0,2.0,0.0,1.0,1.0,1.0,5.0,0.0,6.0,1.0,1.0,2.0,5.0,2.0,1.0,0.0,2.0,1.0,9.0,0.0,1.0,0.0,6.0,0.0,0.0,0.0,5.0,1.0,0.0,1.0,0.0,1.0,7.0,2.0,6.0,1.0,0.0,1.0,1.0,1.0,0.0,0.0,5.0,0.0,3.0,0.0,1.0,0.0,3.0,2.0,0.0,0.0,1.0,3.0,1.0,2.0,5.0,0.0,3.0,2.0,0.0,3.0,2.0,3.0,2.0,0.0,0.0,0.0,1.0,0.0,0.0,1.0,0.0,3.0,0.0,0.0,0.0,1.0,2.0,1.0,1.0,0.0,1.0,0.0,5.0,0.0,1.0,0.0,0.0,0.0,0.0,0.0,0.0,1.0,1.0,0.0,2.0,0.0,0.0,2.0,1.0,1.0,1.0,1.0,0.0,0.0,0.0,0.0,0.0,0.0,0.0,0.0,0.0,0.0,1.0,0.0,5.0,0.0,0.0,2.0,0.0,2.0,0.0,0.0,0.0,0.0,2.0,0.0,0.0,1.0,1.0,5.0,0.0,0.0,0.0
0.0,1.0,0.0,2.0,0.0,0.0,2.0,0.0,0.0,0.0,0.0,0.0,0.0,1.0,0.0,0.0,7.0,0.0,0.0,0.0,0.0,0.0,0.0,0.0,0.0,0.0,0.0,0.0,1.0,2.0,1.0,0.0,1.0,0.0,1.0,0.0,2.0,1.0,1.0,0.0,0.0,2.0,0.0,0.0,0.0,0.0,2.0,0.0,2.0,0.0,0.0,0.0,0.0,2.0,0.0,2.0,0.0,0.0,0.0,0.0,0.0,0.0,0.0,0.0,0.0,0.0,3.0,0.0,0.0,0.0,2.0,5.0,0.0,0.0,0.0,0.0,0.0,1.0,0.0,0.0,0.0,0.0,1.0,0.0,0.0,0.0,0.0,0.0,0.0,0.0,0.0,0.0,0.0,0.0,0.0,2.0,0.0,0.0,0.0,0.0,0.0,1.0,0.0,0.0,0.0,0.0,0.0,0.0,0.0,1.0,0.0,0.0,0.0,0.0,0.0,0.0,0.0,1.0,3.0,1.0,0.0,1.0,0.0,0.0,0.0,0.0,0.0,0.0,1.0,0.0,0.0,0.0,0.0,0.0,0.0,0.0,0.0,1.0,0.0,0.0,0.0,0.0,0.0,0.0,0.0,0.0,0.0,0.0,0.0,0.0,0.0,1.0,0.0,2.0,1.0,0.0,0.0,0.0,0.0,0.0,4.0,1.0,0.0,2.0,0.0,0.0,0.0,0.0,0.0,0.0,0.0,0.0,0.0,0.0,0.0,2.0,0.0,0.0,0.0,0.0,0.0,1.0,1.0,1.0,0.0,1.0,0.0,0.0,0.0,0.0,0.0,0.0,1.0,0.0,1.0,0.0,0.0,1.0,0.0,0.0,0.0,1.0,0.0,0.0,2.0,0.0,0.0,1.0,0.0,0.0,0.0,0.0,0.0,0.0,0.0,0.0,1.0,0.0,0.0,0.0,4.0,0.0,0.0,0.0,3.0,0.0,0.0,0.0,1.0,1.0,3.0,1.0,2.0,1.0,0.0,0.0,1.0,0.0,0.0,0.0,0.0,0.0,2.0,3.0,0.0,0.0,1.0,0.0,0.0,0.0,0.0,0.0,0.0,0.0,1.0,0.0,1.0,1.0,0.0,0.0,1.0,0.0,0.0,0.0,0.0,2.0,0.0,0.0,0.0,0.0,0.0,0.0,0.0,0.0,0.0,1.0,0.0,0.0,0.0,0.0,0.0,0.0,2.0,0.0,0.0,0.0,0.0,0.0,0.0,0.0,0.0,0.0,0.0,0.0,0.0,0.0,0.0,0.0,1.0,0.0,0.0,0.0,0.0,1.0,0.0,0.0,1.0,0.0,0.0,0.0,0.0,0.0,0.0,0.0,0.0,1.0,0.0,0.0,0.0,0.0,0.0,0.0,0.0,0.0,0.0,0.0,0.0,0.0,0.0,0.0,0.0,0.0,0.0
0.0,0.0,1.0,0.0,0.0,0.0,1.0,0.0,0.0,0.0,0.0,0.0,1.0,0.0,0.0,0.0,5.0,1.0,0.0,0.0,0.0,0.0,0.0,0.0,0.0,0.0,1.0,0.0,0.0,0.0,0.0,0.0,2.0,0.0,0.0,0.0,0.0,0.0,1.0,0.0,0.0,0.0,0.0,0.0,0.0,0.0,0.0,0.0,0.0,0.0,0.0,0.0,0.0,1.0,0.0,0.0,0.0,0.0,0.0,0.0,0.0,0.0,0.0,0.0,0.0,0.0,1.0,0.0,0.0,0.0,1.0,0.0,0.0,0.0,0.0,0.0,0.0,2.0,0.0,0.0,0.0,0.0,0.0,0.0,0.0,1.0,0.0,0.0,0.0,0.0,0.0,0.0,1.0,0.0,0.0,1.0,0.0,0.0,0.0,0.0,0.0,2.0,0.0,0.0,0.0,1.0,0.0,0.0,0.0,0.0,0.0,1.0,0.0,2.0,0.0,0.0,0.0,0.0,3.0,0.0,0.0,0.0,0.0,0.0,0.0,0.0,0.0,0.0,0.0,0.0,0.0,0.0,0.0,0.0,0.0,0.0,0.0,0.0,0.0,0.0,0.0,0.0,0.0,0.0,1.0,0.0,0.0,0.0,0.0,0.0,0.0,1.0,1.0,1.0,0.0,0.0,0.0,0.0,0.0,0.0,3.0,0.0,0.0,0.0,0.0,0.0,0.0,0.0,0.0,0.0,0.0,0.0,0.0,0.0,0.0,1.0,1.0,0.0,0.0,0.0,0.0,0.0,1.0,0.0,0.0,0.0,0.0,0.0,0.0,0.0,0.0,0.0,1.0,0.0,0.0,0.0,0.0,1.0,0.0,0.0,0.0,0.0,1.0,0.0,1.0,0.0,0.0,0.0,0.0,0.0,1.0,0.0,0.0,0.0,0.0,0.0,0.0,0.0,0.0,0.0,3.0,1.0,0.0,0.0,0.0,0.0,0.0,0.0,1.0,1.0,1.0,0.0,1.0,0.0,0.0,0.0,1.0,0.0,0.0,0.0,0.0,0.0,0.0,0.0,0.0,0.0,2.0,1.0,0.0,0.0,0.0,0.0,0.0,0.0,0.0,0.0,1.0,0.0,0.0,0.0,0.0,0.0,0.0,0.0,0.0,0.0,0.0,0.0,0.0,0.0,0.0,0.0,0.0,0.0,0.0,2.0,0.0,0.0,0.0,0.0,0.0,1.0,2.0,0.0,0.0,0.0,0.0,0.0,0.0,0.0,0.0,1.0,0.0,0.0,0.0,0.0,0.0,0.0,1.0,0.0,0.0,0.0,0.0,0.0,0.0,0.0,0.0,0.0,2.0,0.0,0.0,0.0,0.0,0.0,0.0,0.0,1.0,0.0,0.0,0.0,0.0,0.0,0.0,0.0,0.0,0.0,0.0,0.0,0.0,0.0,0.0,0.0,0.0
0.0,7.0,12.0,7.0,2.0,3.0,2.0,1.0,0.0,5.0,0.0,6.0,1.0,5.0,1.0,16.0,27.0,1.0,1.0,0.0,2.0,2.0,0.0,5.0,0.0,4.0,1.0,1.0,0.0,2.0,0.0,1.0,6.0,3.0,4.0,2.0,15.0,0.0,8.0,1.0,5.0,1.0,0.0,0.0,1.0,1.0,1.0,1.0,13.0,0.0,0.0,0.0,1.0,2.0,1.0,3.0,3.0,3.0,0.0,0.0,0.0,1.0,0.0,0.0,0.0,3.0,5.0,0.0,5.0,0.0,13.0,5.0,1.0,2.0,1.0,2.0,0.0,3.0,0.0,0.0,0.0,0.0,4.0,1.0,0.0,2.0,1.0,0.0,0.0,0.0,1.0,1.0,2.0,1.0,1.0,6.0,1.0,0.0,0.0,2.0,1.0,11.0,0.0,0.0,1.0,6.0,0.0,4.0,3.0,5.0,2.0,11.0,0.0,2.0,0.0,0.0,2.0,2.0,9.0,6.0,1.0,2.0,2.0,2.0,0.0,0.0,0.0,1.0,0.0,8.0,15.0,2.0,0.0,0.0,2.0,0.0,1.0,5.0,0.0,2.0,0.0,3.0,0.0,1.0,3.0,0.0,1.0,1.0,0.0,0.0,2.0,3.0,0.0,2.0,7.0,1.0,2.0,0.0,0.0,1.0,7.0,1.0,0.0,2.0,0.0,0.0,6.0,5.0,1.0,3.0,0.0,5.0,1.0,0.0,3.0,4.0,2.0,1.0,10.0,1.0,4.0,1.0,10.0,4.0,2.0,1.0,0.0,2.0,0.0,1.0,2.0,2.0,2.0,18.0,0.0,3.0,0.0,3.0,3.0,2.0,0.0,4.0,1.0,0.0,2.0,0.0,10.0,4.0,1.0,1.0,12.0,4.0,3.0,2.0,2.0,0.0,19.0,0.0,5.0,0.0,10.0,0.0,0.0,0.0,5.0,3.0,1.0,0.0,3.0,1.0,7.0,3.0,5.0,0.0,2.0,5.0,0.0,0.0,0.0,0.0,2.0,3.0,2.0,0.0,2.0,1.0,10.0,4.0,1.0,1.0,1.0,6.0,0.0,9.0,6.0,0.0,8.0,3.0,0.0,4.0,7.0,10.0,0.0,3.0,3.0,0.0,6.0,1.0,2.0,0.0,1.0,0.0,2.0,1.0,1.0,8.0,2.0,2.0,0.0,0.0,0.0,0.0,7.0,1.0,2.0,1.0,0.0,0.0,0.0,0.0,1.0,1.0,1.0,0.0,2.0,0.0,0.0,3.0,0.0,0.0,0.0,0.0,0.0,0.0,0.0,0.0,0.0,1.0,3.0,0.0,0.0,0.0,0.0,0.0,2.0,0.0,0.0,10.0,1.0,4.0,0.0,1.0,2.0,0.0,6.0,1.0,0.0,0.0,0.0,10.0,0.0,0.0,0.0
0.0,2.0,9.0,13.0,1.0,0.0,1.0,1.0,0.0,1.0,0.0,2.0,0.0,4.0,0.0,3.0,19.0,0.0,2.0,0.0,0.0,0.0,2.0,1.0,1.0,0.0,0.0,1.0,2.0,1.0,0.0,1.0,9.0,0.0,3.0,2.0,12.0,0.0,12.0,0.0,2.0,2.0,1.0,0.0,2.0,1.0,6.0,4.0,21.0,0.0,0.0,1.0,0.0,2.0,1.0,3.0,3.0,0.0,0.0,0.0,0.0,0.0,1.0,1.0,0.0,5.0,8.0,0.0,0.0,0.0,16.0,10.0,1.0,0.0,0.0,1.0,0.0,2.0,0.0,0.0,0.0,1.0,3.0,0.0,0.0,2.0,0.0,0.0,0.0,1.0,1.0,0.0,1.0,0.0,1.0,2.0,0.0,0.0,1.0,1.0,0.0,2.0,0.0,1.0,0.0,0.0,0.0,4.0,6.0,2.0,0.0,3.0,0.0,1.0,0.0,0.0,0.0,4.0,5.0,2.0,0.0,1.0,2.0,1.0,0.0,3.0,0.0,2.0,0.0,6.0,2.0,1.0,0.0,0.0,0.0,1.0,0.0,3.0,0.0,2.0,2.0,0.0,0.0,0.0,1.0,0.0,1.0,0.0,0.0,1.0,0.0,4.0,0.0,4.0,4.0,2.0,7.0,0.0,0.0,5.0,7.0,3.0,1.0,3.0,0.0,1.0,0.0,1.0,0.0,1.0,0.0,5.0,2.0,0.0,4.0,8.0,0.0,1.0,1.0,0.0,5.0,1.0,9.0,7.0,2.0,2.0,1.0,0.0,2.0,0.0,0.0,1.0,5.0,13.0,0.0,7.0,1.0,7.0,6.0,2.0,0.0,2.0,0.0,0.0,3.0,1.0,1.0,9.0,0.0,3.0,8.0,2.0,1.0,1.0,0.0,1.0,7.0,0.0,2.0,3.0,2.0,2.0,1.0,0.0,2.0,0.0,0.0,1.0,7.0,0.0,8.0,3.0,3.0,3.0,0.0,0.0,4.0,0.0,0.0,1.0,0.0,2.0,3.0,7.0,4.0,2.0,1.0,3.0,0.0,1.0,2.0,1.0,0.0,3.0,0.0,1.0,6.0,5.0,0.0,8.0,9.0,0.0,0.0,0.0,0.0,1.0,0.0,1.0,1.0,0.0,1.0,1.0,0.0,0.0,0.0,1.0,0.0,0.0,0.0,1.0,5.0,2.0,2.0,0.0,0.0,1.0,0.0,0.0,0.0,0.0,0.0,0.0,0.0,0.0,0.0,0.0,0.0,3.0,1.0,0.0,0.0,0.0,1.0,0.0,0.0,1.0,1.0,0.0,1.0,2.0,0.0,3.0,0.0,0.0,0.0,0.0,0.0,1.0,6.0,0.0,1.0,1.0,2.0,0.0,1.0,0.0,0.0,0.0,1.0,8.0,0.0,0.0,1.0
1.0,3.0,8.0,7.0,2.0,1.0,0.0,2.0,0.0,1.0,0.0,2.0,0.0,6.0,0.0,9.0,20.0,0.0,0.0,0.0,0.0,4.0,0.0,2.0,0.0,3.0,0.0,0.0,0.0,0.0,0.0,0.0,5.0,1.0,3.0,0.0,9.0,0.0,4.0,2.0,3.0,0.0,0.0,0.0,3.0,1.0,3.0,0.0,13.0,0.0,0.0,0.0,0.0,3.0,0.0,0.0,5.0,1.0,0.0,0.0,0.0,2.0,0.0,0.0,0.0,2.0,3.0,0.0,4.0,0.0,11.0,2.0,0.0,1.0,2.0,0.0,0.0,1.0,0.0,0.0,0.0,0.0,1.0,2.0,0.0,2.0,0.0,0.0,0.0,0.0,0.0,2.0,1.0,2.0,0.0,1.0,0.0,1.0,0.0,2.0,2.0,9.0,0.0,0.0,2.0,1.0,0.0,5.0,1.0,4.0,4.0,5.0,1.0,0.0,0.0,1.0,2.0,0.0,7.0,5.0,1.0,2.0,2.0,0.0,0.0,0.0,0.0,2.0,0.0,4.0,7.0,0.0,0.0,1.0,2.0,1.0,0.0,0.0,0.0,1.0,0.0,1.0,0.0,0.0,3.0,0.0,3.0,3.0,0.0,0.0,0.0,4.0,0.0,0.0,4.0,0.0,3.0,0.0,0.0,0.0,7.0,0.0,0.0,3.0,0.0,0.0,5.0,1.0,0.0,1.0,0.0,6.0,0.0,0.0,1.0,0.0,1.0,2.0,4.0,2.0,2.0,0.0,6.0,6.0,2.0,0.0,1.0,4.0,0.0,0.0,3.0,3.0,6.0,9.0,0.0,0.0,0.0,2.0,4.0,0.0,0.0,1.0,0.0,0.0,2.0,0.0,7.0,5.0,0.0,1.0,5.0,3.0,1.0,2.0,2.0,0.0,5.0,0.0,3.0,0.0,7.0,0.0,0.0,0.0,5.0,3.0,0.0,0.0,2.0,0.0,5.0,3.0,3.0,0.0,2.0,1.0,1.0,0.0,0.0,0.0,2.0,4.0,1.0,0.0,1.0,0.0,8.0,2.0,0.0,0.0,1.0,4.0,0.0,3.0,3.0,0.0,4.0,0.0,0.0,4.0,2.0,2.0,0.0,2.0,2.0,0.0,3.0,0.0,2.0,0.0,0.0,0.0,0.0,0.0,0.0,7.0,2.0,1.0,0.0,0.0,1.0,0.0,1.0,2.0,1.0,0.0,0.0,0.0,0.0,0.0,0.0,0.0,2.0,0.0,2.0,0.0,0.0,1.0,0.0,1.0,0.0,1.0,0.0,0.0,0.0,0.0,0.0,0.0,4.0,0.0,0.0,0.0,0.0,0.0,2.0,0.0,0.0,4.0,0.0,6.0,0.0,0.0,4.0,0.0,2.0,0.0,0.0,0.0,0.0,6.0,0.0,0.0,0.0
0.0,1.0,3.0,2.0,0.0,0.0,1.0,0.0,0.0,0.0,0.0,0.0,0.0,0.0,0.0,0.0,9.0,0.0,1.0,0.0,0.0,0.0,0.0,0.0,0.0,0.0,0.0,0.0,1.0,1.0,0.0,0.0,1.0,0.0,0.0,0.0,6.0,0.0,6.0,0.0,1.0,2.0,1.0,0.0,0.0,0.0,1.0,1.0,6.0,0.0,0.0,0.0,0.0,0.0,0.0,0.0,0.0,0.0,0.0,0.0,0.0,0.0,0.0,1.0,0.0,1.0,1.0,0.0,0.0,0.0,4.0,3.0,0.0,0.0,0.0,0.0,0.0,0.0,0.0,0.0,0.0,0.0,1.0,0.0,0.0,1.0,0.0,0.0,0.0,1.0,0.0,0.0,0.0,0.0,1.0,1.0,0.0,0.0,0.0,0.0,0.0,0.0,0.0,0.0,0.0,0.0,0.0,3.0,3.0,1.0,0.0,0.0,0.0,0.0,0.0,0.0,0.0,0.0,1.0,2.0,0.0,1.0,0.0,0.0,0.0,2.0,0.0,1.0,0.0,1.0,0.0,0.0,0.0,0.0,0.0,1.0,0.0,1.0,0.0,0.0,0.0,0.0,0.0,0.0,0.0,0.0,1.0,0.0,0.0,1.0,0.0,2.0,0.0,2.0,1.0,0.0,2.0,0.0,0.0,0.0,3.0,0.0,0.0,0.0,0.0,1.0,0.0,0.0,0.0,0.0,0.0,0.0,1.0,0.0,1.0,1.0,0.0,0.0,0.0,0.0,3.0,0.0,2.0,1.0,0.0,1.0,0.0,0.0,0.0,0.0,0.0,1.0,3.0,4.0,0.0,4.0,1.0,5.0,0.0,1.0,0.0,1.0,0.0,0.0,2.0,1.0,0.0,2.0,0.0,0.0,3.0,2.0,0.0,1.0,0.0,1.0,2.0,0.0,2.0,1.0,0.0,1.0,1.0,0.0,1.0,0.0,0.0,1.0,2.0,0.0,5.0,1.0,2.0,2.0,0.0,0.0,1.0,0.0,0.0,1.0,0.0,2.0,1.0,2.0,1.0,0.0,0.0,0.0,0.0,0.0,1.0,0.0,0.0,1.0,0.0,0.0,1.0,0.0,0.0,5.0,1.0,0.0,0.0,0.0,0.0,1.0,0.0,0.0,1.0,0.0,1.0,0.0,0.0,0.0,0.0,0.0,0.0,0.0,0.0,1.0,2.0,1.0,1.0,0.0,0.0,0.0,0.0,0.0,0.0,0.0,0.0,0.0,0.0,0.0,0.0,0.0,0.0,1.0,1.0,0.0,0.0,0.0,0.0,0.0,0.0,0.0,1.0,0.0,0.0,0.0,0.0,3.0,0.0,0.0,0.0,0.0,0.0,0.0,1.0,0.0,1.0,0.0,2.0,0.0,0.0,0.0,0.0,0.0,0.0,1.0,0.0,0.0,0.0
0.0,2.0,7.0,7.0,1.0,1.0,0.0,0.0,0.0,1.0,0.0,0.0,2.0,2.0,0.0,4.0,14.0,0.0,3.0,0.0,0.0,0.0,1.0,0.0,0.0,1.0,0.0,0.0,3.0,0.0,1.0,0.0,11.0,2.0,1.0,0.0,5.0,0.0,4.0,0.0,0.0,1.0,0.0,1.0,1.0,0.0,3.0,2.0,7.0,0.0,2.0,1.0,0.0,3.0,0.0,0.0,2.0,1.0,0.0,1.0,0.0,0.0,1.0,0.0,0.0,0.0,12.0,1.0,0.0,0.0,7.0,6.0,0.0,0.0,0.0,1.0,0.0,0.0,0.0,1.0,0.0,1.0,1.0,0.0,0.0,4.0,0.0,0.0,0.0,0.0,2.0,0.0,1.0,0.0,0.0,1.0,0.0,0.0,0.0,0.0,0.0,2.0,1.0,0.0,0.0,1.0,0.0,1.0,5.0,0.0,0.0,2.0,0.0,0.0,0.0,0.0,1.0,5.0,4.0,1.0,0.0,1.0,1.0,0.0,0.0,1.0,0.0,1.0,0.0,3.0,2.0,0.0,1.0,0.0,0.0,0.0,0.0,0.0,0.0,2.0,0.0,1.0,0.0,0.0,0.0,0.0,0.0,1.0,0.0,0.0,1.0,6.0,0.0,0.0,5.0,2.0,4.0,0.0,0.0,1.0,3.0,0.0,0.0,5.0,0.0,0.0,1.0,0.0,1.0,2.0,0.0,6.0,1.0,0.0,4.0,6.0,0.0,3.0,1.0,0.0,0.0,1.0,3.0,2.0,3.0,1.0,1.0,2.0,2.0,0.0,0.0,0.0,3.0,7.0,0.0,2.0,0.0,5.0,3.0,3.0,0.0,1.0,0.0,0.0,2.0,1.0,2.0,3.0,0.0,2.0,3.0,2.0,0.0,0.0,0.0,0.0,7.0,2.0,5.0,0.0,2.0,0.0,0.0,1.0,2.0,0.0,0.0,0.0,3.0,1.0,6.0,2.0,3.0,1.0,0.0,2.0,1.0,0.0,0.0,0.0,0.0,0.0,1.0,3.0,3.0,3.0,0.0,2.0,0.0,0.0,0.0,0.0,0.0,3.0,1.0,1.0,1.0,9.0,0.0,1.0,4.0,3.0,0.0,0.0,1.0,0.0,2.0,0.0,0.0,0.0,0.0,1.0,1.0,0.0,0.0,0.0,0.0,0.0,0.0,0.0,1.0,0.0,1.0,1.0,0.0,0.0,0.0,0.0,1.0,0.0,0.0,0.0,0.0,0.0,0.0,0.0,0.0,3.0,0.0,0.0,0.0,0.0,3.0,0.0,0.0,0.0,0.0,0.0,0.0,0.0,1.0,1.0,0.0,0.0,0.0,0.0,0.0,1.0,1.0,0.0,0.0,3.0,0.0,0.0,0.0,0.0,0.0,0.0,0.0,3.0,1.0,1.0,0.0
0.0,5.0,14.0,12.0,2.0,0.0,2.0,2.0,0.0,0.0,0.0,5.0,1.0,9.0,0.0,8.0,34.0,0.0,2.0,0.0,0.0,4.0,1.0,0.0,0.0,2.0,0.0,2.0,2.0,4.0,0.0,0.0,11.0,0.0,3.0,1.0,21.0,0.0,18.0,2.0,4.0,4.0,2.0,0.0,1.0,0.0,5.0,3.0,30.0,0.0,0.0,0.0,0.0,2.0,0.0,1.0,4.0,0.0,0.0,0.0,0.0,2.0,0.0,3.0,0.0,3.0,5.0,1.0,3.0,0.0,25.0,14.0,0.0,0.0,2.0,2.0,0.0,0.0,0.0,1.0,0.0,0.0,2.0,2.0,0.0,6.0,0.0,1.0,1.0,2.0,0.0,2.0,0.0,2.0,5.0,2.0,0.0,0.0,0.0,2.0,2.0,9.0,0.0,0.0,2.0,1.0,0.0,11.0,7.0,6.0,4.0,4.0,0.0,0.0,0.0,0.0,3.0,2.0,7.0,11.0,0.0,6.0,2.0,1.0,0.0,5.0,0.0,4.0,0.0,5.0,4.0,0.0,0.0,1.0,2.0,3.0,0.0,6.0,0.0,2.0,1.0,0.0,0.0,1.0,2.0,2.0,4.0,2.0,1.0,2.0,0.0,12.0,2.0,6.0,5.0,3.0,5.0,1.0,0.0,0.0,14.0,0.0,2.0,2.0,0.0,6.0,4.0,0.0,0.0,0.0,1.0,8.0,2.0,0.0,4.0,3.0,1.0,2.0,2.0,3.0,8.0,1.0,13.0,10.0,2.0,3.0,0.0,4.0,1.0,0.0,3.0,8.0,15.0,22.0,0.0,9.0,2.0,16.0,5.0,2.0,0.0,2.0,0.0,0.0,4.0,2.0,5.0,15.0,0.0,1.0,9.0,6.0,0.0,4.0,2.0,2.0,7.0,0.0,7.0,2.0,9.0,2.0,3.0,0.0,7.0,4.0,0.0,2.0,8.0,1.0,13.0,6.0,6.0,4.0,3.0,1.0,4.0,0.0,1.0,2.0,0.0,11.0,5.0,7.0,4.0,0.0,8.0,3.0,0.0,0.0,2.0,3.0,0.0,5.0,3.0,0.0,4.0,2.0,0.0,12.0,5.0,0.0,0.0,3.0,2.0,2.0,2.0,0.0,4.0,0.0,2.0,2.0,0.0,0.0,0.0,7.0,0.0,0.0,0.0,2.0,6.0,2.0,5.0,3.0,0.0,0.0,0.0,0.0,0.0,2.0,0.0,0.0,2.0,0.0,2.0,0.0,0.0,2.0,2.0,0.0,0.0,0.0,0.0,0.0,1.0,0.0,2.0,0.0,4.0,1.0,0.0,6.0,0.0,0.0,0.0,0.0,0.0,2.0,2.0,4.0,2.0,0.0,11.0,1.0,0.0,0.0,1.0,0.0,0.0,8.0,0.0,0.0,0.0
0.0,0.0,2.0,2.0,0.0,0.0,0.0,0.0,0.0,0.0,0.0,1.0,0.0,1.0,0.0,0.0,3.0,0.0,0.0,0.0,0.0,0.0,0.0,0.0,0.0,0.0,0.0,0.0,0.0,1.0,0.0,0.0,2.0,0.0,0.0,1.0,1.0,0.0,2.0,0.0,0.0,0.0,0.0,0.0,1.0,0.0,1.0,0.0,3.0,0.0,0.0,0.0,0.0,0.0,0.0,0.0,0.0,0.0,0.0,0.0,0.0,0.0,0.0,0.0,0.0,1.0,1.0,1.0,0.0,0.0,4.0,1.0,0.0,0.0,0.0,1.0,0.0,0.0,0.0,1.0,0.0,0.0,0.0,0.0,0.0,1.0,0.0,0.0,0.0,0.0,0.0,0.0,0.0,0.0,2.0,0.0,0.0,0.0,0.0,0.0,0.0,1.0,0.0,0.0,0.0,1.0,0.0,0.0,1.0,0.0,0.0,0.0,0.0,0.0,0.0,0.0,0.0,1.0,1.0,2.0,0.0,0.0,0.0,1.0,0.0,0.0,0.0,0.0,0.0,0.0,0.0,0.0,0.0,0.0,0.0,0.0,0.0,1.0,0.0,1.0,0.0,0.0,0.0,1.0,0.0,0.0,0.0,0.0,1.0,0.0,0.0,1.0,1.0,1.0,0.0,2.0,1.0,0.0,0.0,0.0,0.0,0.0,1.0,0.0,0.0,2.0,0.0,0.0,0.0,0.0,0.0,1.0,0.0,0.0,1.0,1.0,0.0,0.0,0.0,1.0,0.0,0.0,2.0,1.0,0.0,1.0,0.0,0.0,1.0,0.0,0.0,3.0,1.0,3.0,0.0,1.0,0.0,3.0,1.0,0.0,0.0,0.0,0.0,0.0,0.0,0.0,2.0,3.0,0.0,0.0,0.0,0.0,0.0,0.0,0.0,0.0,1.0,0.0,1.0,0.0,1.0,0.0,0.0,0.0,3.0,0.0,0.0,0.0,1.0,1.0,0.0,1.0,1.0,0.0,1.0,0.0,1.0,0.0,0.0,0.0,0.0,1.0,0.0,1.0,1.0,0.0,0.0,0.0,0.0,0.0,0.0,0.0,0.0,1.0,0.0,0.0,0.0,2.0,0.0,0.0,1.0,0.0,0.0,1.0,0.0,0.0,0.0,0.0,0.0,0.0,0.0,1.0,0.0,0.0,0.0,0.0,0.0,0.0,0.0,0.0,1.0,0.0,1.0,1.0,0.0,0.0,0.0,0.0,0.0,1.0,0.0,0.0,0.0,0.0,0.0,0.0,0.0,0.0,0.0,0.0,0.0,0.0,0.0,0.0,0.0,0.0,0.0,0.0,0.0,0.0,0.0,0.0,0.0,0.0,0.0,0.0,0.0,0.0,0.0,0.0,0.0,0.0,1.0,1.0,0.0,0.0,1.0,0.0,0.0,0.0,0.0,0.0,0.0
0.0,2.0,7.0,2.0,1.0,2.0,0.0,0.0,0.0,4.0,0.0,0.0,0.0,1.0,0.0,9.0,16.0,0.0,1.0,0.0,0.0,0.0,0.0,5.0,0.0,2.0,0.0,0.0,0.0,0.0,0.0,1.0,2.0,2.0,2.0,2.0,8.0,0.0,5.0,0.0,2.0,0.0,0.0,0.0,0.0,1.0,0.0,1.0,4.0,0.0,0.0,0.0,0.0,0.0,1.0,2.0,0.0,2.0,0.0,0.0,0.0,0.0,0.0,0.0,0.0,3.0,0.0,0.0,4.0,0.0,4.0,0.0,0.0,2.0,0.0,2.0,0.0,3.0,0.0,0.0,0.0,0.0,3.0,0.0,0.0,0.0,0.0,0.0,0.0,0.0,0.0,0.0,1.0,0.0,0.0,3.0,0.0,0.0,0.0,1.0,0.0,4.0,0.0,0.0,0.0,3.0,0.0,1.0,2.0,2.0,0.0,4.0,0.0,1.0,0.0,0.0,0.0,0.0,4.0,2.0,0.0,0.0,1.0,0.0,0.0,0.0,0.0,0.0,0.0,5.0,10.0,2.0,0.0,0.0,0.0,0.0,0.0,2.0,0.0,0.0,0.0,2.0,0.0,0.0,1.0,0.0,0.0,0.0,0.0,0.0,0.0,0.0,0.0,0.0,3.0,1.0,2.0,0.0,0.0,1.0,2.0,1.0,0.0,0.0,0.0,0.0,2.0,4.0,0.0,2.0,0.0,2.0,0.0,0.0,2.0,0.0,2.0,0.0,6.0,0.0,1.0,0.0,5.0,1.0,0.0,0.0,0.0,0.0,0.0,0.0,0.0,0.0,0.0,11.0,0.0,3.0,0.0,0.0,1.0,0.0,0.0,3.0,0.0,0.0,0.0,0.0,7.0,2.0,0.0,1.0,7.0,3.0,3.0,1.0,2.0,0.0,9.0,0.0,2.0,0.0,5.0,0.0,0.0,0.0,2.0,2.0,0.0,0.0,1.0,0.0,3.0,2.0,2.0,0.0,0.0,2.0,0.0,0.0,0.0,0.0,2.0,1.0,2.0,0.0,2.0,1.0,3.0,1.0,0.0,1.0,0.0,5.0,0.0,4.0,2.0,0.0,4.0,1.0,0.0,1.0,3.0,5.0,0.0,0.0,0.0,0.0,2.0,1.0,0.0,0.0,1.0,0.0,0.0,0.0,0.0,3.0,2.0,2.0,0.0,0.0,0.0,0.0,3.0,0.0,2.0,1.0,0.0,0.0,0.0,0.0,1.0,0.0,0.0,0.0,0.0,0.0,0.0,2.0,0.0,0.0,0.0,0.0,0.0,0.0,0.0,0.0,0.0,0.0,1.0,0.0,0.0,0.0,0.0,0.0,2.0,0.0,0.0,6.0,1.0,2.0,0.0,0.0,0.0,0.0,6.0,0.0,0.0,0.0,0.0,7.0,0.0,0.0,0.0
0.0,1.0,1.0,1.0,0.0,0.0,0.0,0.0,0.0,0.0,0.0,3.0,0.0,1.0,0.0,3.0,1.0,1.0,0.0,0.0,0.0,0.0,0.0,0.0,0.0,0.0,1.0,1.0,0.0,0.0,0.0,0.0,1.0,0.0,0.0,0.0,2.0,0.0,1.0,0.0,2.0,0.0,0.0,0.0,1.0,0.0,0.0,0.0,1.0,0.0,0.0,0.0,0.0,0.0,0.0,1.0,1.0,1.0,0.0,0.0,0.0,0.0,0.0,0.0,0.0,0.0,2.0,0.0,0.0,0.0,2.0,2.0,1.0,0.0,0.0,0.0,0.0,0.0,0.0,0.0,0.0,0.0,0.0,0.0,0.0,0.0,1.0,0.0,0.0,0.0,0.0,0.0,1.0,0.0,1.0,0.0,1.0,0.0,0.0,0.0,0.0,0.0,0.0,0.0,0.0,1.0,0.0,1.0,0.0,2.0,0.0,3.0,0.0,1.0,0.0,0.0,0.0,1.0,0.0,1.0,0.0,0.0,0.0,1.0,0.0,0.0,0.0,0.0,0.0,0.0,1.0,0.0,0.0,0.0,1.0,0.0,1.0,1.0,0.0,2.0,0.0,0.0,0.0,1.0,1.0,0.0,0.0,0.0,0.0,0.0,1.0,0.0,0.0,1.0,1.0,0.0,0.0,0.0,0.0,0.0,0.0,0.0,0.0,0.0,0.0,0.0,0.0,0.0,0.0,0.0,0.0,1.0,0.0,0.0,0.0,3.0,0.0,0.0,1.0,0.0,2.0,1.0,2.0,0.0,1.0,1.0,0.0,0.0,0.0,1.0,1.0,1.0,0.0,1.0,0.0,0.0,0.0,0.0,1.0,1.0,0.0,0.0,1.0,0.0,0.0,0.0,0.0,0.0,1.0,0.0,2.0,0.0,0.0,0.0,0.0,0.0,2.0,0.0,0.0,0.0,0.0,0.0,0.0,0.0,0.0,0.0,1.0,0.0,0.0,1.0,0.0,0.0,0.0,0.0,1.0,1.0,0.0,0.0,0.0,0.0,0.0,0.0,0.0,0.0,0.0,0.0,0.0,1.0,1.0,0.0,1.0,0.0,0.0,3.0,0.0,0.0,2.0,2.0,0.0,2.0,3.0,2.0,0.0,2.0,1.0,0.0,1.0,0.0,1.0,0.0,0.0,0.0,0.0,1.0,1.0,0.0,0.0,0.0,0.0,0.0,0.0,0.0,1.0,0.0,0.0,0.0,0.0,0.0,0.0,0.0,0.0,1.0,0.0,0.0,1.0,0.0,0.0,0.0,0.0,0.0,0.0,0.0,0.0,0.0,0.0,0.0,0.0,0.0,0.0,0.0,0.0,0.0,0.0,0.0,0.0,0.0,0.0,1.0,0.0,0.0,0.0,0.0,0.0,0.0,0.0,1.0,0.0,0.0,0.0,0.0,0.0,0.0,0.0
0.0,0.0,2.0,2.0,0.0,0.0,0.0,0.0,0.0,0.0,0.0,1.0,0.0,1.0,0.0,0.0,3.0,0.0,0.0,0.0,0.0,0.0,0.0,0.0,0.0,0.0,0.0,0.0,0.0,1.0,0.0,0.0,2.0,0.0,0.0,1.0,1.0,0.0,2.0,0.0,0.0,0.0,0.0,0.0,1.0,0.0,1.0,0.0,3.0,0.0,0.0,0.0,0.0,0.0,0.0,0.0,0.0,0.0,0.0,0.0,0.0,0.0,0.0,0.0,0.0,1.0,1.0,1.0,0.0,0.0,4.0,1.0,0.0,0.0,0.0,1.0,0.0,0.0,0.0,1.0,0.0,0.0,0.0,0.0,0.0,1.0,0.0,0.0,0.0,0.0,0.0,0.0,0.0,0.0,2.0,0.0,0.0,0.0,0.0,0.0,0.0,1.0,0.0,0.0,0.0,1.0,0.0,0.0,1.0,0.0,0.0,0.0,0.0,0.0,0.0,0.0,0.0,1.0,1.0,2.0,0.0,0.0,0.0,1.0,0.0,0.0,0.0,0.0,0.0,0.0,0.0,0.0,0.0,0.0,0.0,0.0,0.0,1.0,0.0,1.0,0.0,0.0,0.0,1.0,0.0,0.0,0.0,0.0,1.0,0.0,0.0,1.0,1.0,1.0,0.0,2.0,1.0,0.0,0.0,0.0,0.0,0.0,1.0,0.0,0.0,2.0,0.0,0.0,0.0,0.0,0.0,1.0,0.0,0.0,1.0,1.0,0.0,0.0,0.0,1.0,0.0,0.0,2.0,1.0,0.0,1.0,0.0,0.0,1.0,0.0,0.0,3.0,1.0,3.0,0.0,1.0,0.0,3.0,1.0,0.0,0.0,0.0,0.0,0.0,0.0,0.0,2.0,3.0,0.0,0.0,0.0,0.0,0.0,0.0,0.0,0.0,1.0,0.0,1.0,0.0,1.0,0.0,0.0,0.0,3.0,0.0,0.0,0.0,1.0,1.0,0.0,1.0,1.0,0.0,1.0,0.0,1.0,0.0,0.0,0.0,0.0,1.0,0.0,1.0,1.0,0.0,0.0,0.0,0.0,0.0,0.0,0.0,0.0,1.0,0.0,0.0,0.0,2.0,0.0,0.0,1.0,0.0,0.0,1.0,0.0,0.0,0.0,0.0,0.0,0.0,0.0,1.0,0.0,0.0,0.0,0.0,0.0,0.0,0.0,0.0,1.0,0.0,1.0,1.0,0.0,0.0,0.0,0.0,0.0,1.0,0.0,0.0,0.0,0.0,0.0,0.0,0.0,0.0,0.0,0.0,0.0,0.0,0.0,0.0,0.0,0.0,0.0,0.0,0.0,0.0,0.0,0.0,0.0,0.0,0.0,0.0,0.0,0.0,0.0,0.0,0.0,0.0,1.0,1.0,0.0,0.0,1.0,0.0,0.0,0.0,0.0,0.0,0.0
0.0,0.0,3.0,0.0,0.0,0.0,0.0,0.0,0.0,0.0,0.0,0.0,0.0,0.0,0.0,0.0,6.0,1.0,1.0,0.0,0.0,0.0,0.0,0.0,1.0,0.0,0.0,0.0,0.0,0.0,0.0,0.0,2.0,0.0,0.0,0.0,1.0,0.0,1.0,0.0,0.0,0.0,0.0,0.0,0.0,0.0,0.0,1.0,0.0,0.0,0.0,0.0,0.0,0.0,0.0,0.0,1.0,0.0,0.0,0.0,0.0,0.0,0.0,0.0,0.0,0.0,1.0,0.0,1.0,1.0,2.0,0.0,0.0,0.0,0.0,0.0,0.0,1.0,0.0,0.0,0.0,0.0,0.0,0.0,0.0,1.0,0.0,0.0,0.0,0.0,0.0,0.0,0.0,0.0,0.0,0.0,0.0,0.0,0.0,0.0,0.0,0.0,0.0,0.0,0.0,0.0,0.0,0.0,0.0,1.0,0.0,0.0,0.0,0.0,0.0,0.0,0.0,1.0,0.0,1.0,0.0,1.0,1.0,1.0,0.0,0.0,0.0,0.0,0.0,1.0,0.0,0.0,0.0,0.0,0.0,0.0,0.0,0.0,0.0,1.0,0.0,0.0,0.0,0.0,0.0,0.0,0.0,0.0,0.0,1.0,0.0,0.0,0.0,0.0,0.0,1.0,1.0,0.0,0.0,0.0,0.0,0.0,0.0,2.0,1.0,0.0,0.0,0.0,0.0,0.0,0.0,0.0,1.0,0.0,1.0,1.0,0.0,0.0,0.0,0.0,0.0,0.0,0.0,0.0,0.0,0.0,0.0,0.0,0.0,0.0,0.0,0.0,0.0,2.0,0.0,0.0,0.0,2.0,1.0,0.0,0.0,0.0,0.0,0.0,1.0,0.0,1.0,0.0,1.0,1.0,2.0,1.0,0.0,0.0,0.0,1.0,5.0,0.0,0.0,0.0,2.0,0.0,0.0,0.0,1.0,0.0,0.0,0.0,0.0,1.0,1.0,1.0,1.0,1.0,0.0,0.0,0.0,0.0,0.0,0.0,1.0,0.0,1.0,0.0,0.0,0.0,0.0,1.0,0.0,0.0,0.0,1.0,0.0,1.0,1.0,0.0,1.0,1.0,0.0,1.0,0.0,1.0,0.0,0.0,0.0,0.0,0.0,0.0,0.0,1.0,0.0,1.0,0.0,0.0,0.0,0.0,0.0,0.0,0.0,0.0,0.0,0.0,0.0,0.0,0.0,0.0,0.0,0.0,0.0,0.0,0.0,0.0,0.0,0.0,0.0,0.0,0.0,1.0,1.0,0.0,0.0,0.0,0.0,0.0,0.0,0.0,0.0,0.0,0.0,0.0,0.0,0.0,1.0,0.0,1.0,0.0,0.0,0.0,0.0,0.0,0.0,0.0,0.0,0.0,0.0,0.0,0.0,1.0,0.0,1.0,0.0,0.0,0.0
0.0,0.0,2.0,4.0,1.0,0.0,1.0,0.0,0.0,0.0,0.0,1.0,2.0,4.0,0.0,3.0,9.0,1.0,2.0,1.0,0.0,0.0,0.0,0.0,3.0,0.0,0.0,1.0,0.0,0.0,0.0,1.0,2.0,0.0,2.0,0.0,4.0,0.0,4.0,1.0,0.0,0.0,0.0,0.0,1.0,0.0,2.0,4.0,5.0,0.0,0.0,0.0,0.0,0.0,0.0,4.0,2.0,1.0,2.0,2.0,0.0,0.0,0.0,0.0,0.0,3.0,6.0,0.0,0.0,1.0,6.0,7.0,0.0,0.0,0.0,0.0,1.0,2.0,0.0,0.0,1.0,0.0,2.0,0.0,1.0,1.0,0.0,0.0,0.0,0.0,1.0,0.0,1.0,0.0,1.0,1.0,2.0,0.0,0.0,0.0,0.0,3.0,0.0,0.0,0.0,4.0,0.0,1.0,0.0,1.0,1.0,1.0,0.0,0.0,1.0,0.0,0.0,1.0,2.0,0.0,0.0,2.0,3.0,3.0,0.0,0.0,1.0,0.0,0.0,2.0,1.0,0.0,0.0,0.0,0.0,0.0,0.0,3.0,0.0,2.0,1.0,0.0,1.0,0.0,2.0,0.0,0.0,0.0,0.0,0.0,0.0,1.0,1.0,1.0,3.0,0.0,4.0,0.0,1.0,1.0,1.0,3.0,3.0,2.0,0.0,1.0,0.0,0.0,0.0,0.0,0.0,2.0,0.0,1.0,2.0,4.0,0.0,0.0,0.0,0.0,2.0,1.0,1.0,2.0,0.0,0.0,0.0,0.0,1.0,0.0,0.0,2.0,2.0,3.0,0.0,2.0,0.0,5.0,4.0,2.0,0.0,0.0,1.0,1.0,1.0,0.0,1.0,4.0,0.0,1.0,2.0,1.0,1.0,3.0,1.0,1.0,7.0,0.0,0.0,0.0,7.0,1.0,0.0,0.0,3.0,0.0,0.0,0.0,2.0,0.0,4.0,3.0,3.0,0.0,0.0,0.0,1.0,1.0,0.0,0.0,1.0,0.0,1.0,2.0,2.0,0.0,3.0,2.0,0.0,0.0,0.0,1.0,1.0,5.0,5.0,0.0,6.0,4.0,0.0,0.0,5.0,1.0,1.0,0.0,0.0,0.0,0.0,0.0,5.0,1.0,1.0,1.0,1.0,0.0,2.0,3.0,0.0,0.0,0.0,0.0,1.0,0.0,0.0,0.0,0.0,0.0,0.0,1.0,1.0,0.0,0.0,0.0,0.0,1.0,2.0,0.0,0.0,2.0,0.0,0.0,1.0,0.0,0.0,0.0,0.0,0.0,0.0,0.0,0.0,0.0,0.0,0.0,0.0,0.0,1.0,0.0,0.0,0.0,1.0,0.0,0.0,0.0,0.0,0.0,0.0,0.0,0.0,0.0,4.0,3.0,0.0,0.0,0.0
2.0,17.0,52.0,51.0,6.0,4.0,5.0,3.0,1.0,5.0,0.0,21.0,8.0,19.0,1.0,36.0,121.0,8.0,8.0,0.0,2.0,6.0,8.0,7.0,4.0,5.0,2.0,9.0,9.0,6.0,1.0,1.0,42.0,6.0,21.0,2.0,58.0,0.0,42.0,8.0,8.0,5.0,1.0,1.0,16.0,2.0,17.0,10.0,66.0,4.0,2.0,2.0,3.0,18.0,1.0,12.0,13.0,4.0,2.0,1.0,2.0,2.0,4.0,4.0,9.0,16.0,40.0,2.0,19.0,1.0,54.0,46.0,1.0,3.0,2.0,5.0,1.0,6.0,0.0,1.0,0.0,3.0,11.0,2.0,0.0,15.0,1.0,4.0,3.0,1.0,4.0,2.0,4.0,1.0,3.0,8.0,3.0,1.0,2.0,3.0,2.0,36.0,1.0,2.0,1.0,14.0,1.0,17.0,25.0,17.0,4.0,16.0,2.0,4.0,1.0,1.0,7.0,17.0,29.0,12.0,4.0,18.0,11.0,9.0,1.0,8.0,0.0,6.0,0.0,35.0,27.0,1.0,2.0,4.0,1.0,5.0,0.0,24.0,0.0,22.0,14.0,4.0,1.0,1.0,5.0,4.0,3.0,3.0,0.0,2.0,1.0,28.0,5.0,21.0,18.0,6.0,23.0,3.0,0.0,7.0,29.0,14.0,4.0,14.0,1.0,6.0,10.0,5.0,1.0,5.0,5.0,30.0,5.0,4.0,22.0,27.0,8.0,4.0,10.0,1.0,14.0,6.0,29.0,18.0,6.0,7.0,2.0,5.0,3.0,0.0,5.0,7.0,31.0,54.0,2.0,13.0,1.0,37.0,23.0,6.0,5.0,6.0,1.0,2.0,16.0,2.0,27.0,34.0,7.0,17.0,29.0,19.0,5.0,3.0,12.0,2.0,51.0,2.0,15.0,4.0,39.0,2.0,5.0,1.0,32.0,8.0,0.0,1.0,22.0,3.0,38.0,19.0,23.0,6.0,5.0,10.0,11.0,1.0,2.0,8.0,5.0,8.0,19.0,24.0,15.0,4.0,30.0,14.0,1.0,1.0,5.0,13.0,1.0,18.0,23.0,1.0,22.0,20.0,2.0,22.0,26.0,12.0,1.0,4.0,7.0,1.0,9.0,4.0,5.0,2.0,1.0,7.0,2.0,0.0,6.0,24.0,6.0,3.0,0.0,1.0,13.0,5.0,15.0,2.0,3.0,1.0,2.0,0.0,1.0,1.0,0.0,1.0,2.0,1.0,6.0,1.0,0.0,12.0,2.0,2.0,1.0,1.0,5.0,0.0,1.0,2.0,1.0,1.0,5.0,7.0,1.0,5.0,1.0,6.0,5.0,0.0,0.0,10.0,8.0,6.0,1.0,3.0,8.0,0.0,7.0,0.0,0.0,1.0,3.0,54.0,1.0,1.0,2.0
0.0,0.0,4.0,4.0,1.0,0.0,0.0,0.0,0.0,0.0,0.0,0.0,1.0,1.0,0.0,2.0,9.0,0.0,2.0,0.0,0.0,0.0,1.0,0.0,0.0,0.0,0.0,0.0,2.0,0.0,1.0,0.0,8.0,1.0,0.0,0.0,3.0,0.0,2.0,0.0,0.0,0.0,0.0,1.0,1.0,0.0,2.0,2.0,2.0,0.0,2.0,1.0,0.0,2.0,0.0,0.0,1.0,1.0,0.0,1.0,0.0,0.0,1.0,0.0,0.0,0.0,6.0,1.0,0.0,0.0,2.0,3.0,0.0,0.0,0.0,1.0,0.0,0.0,0.0,1.0,0.0,0.0,0.0,0.0,0.0,2.0,0.0,0.0,0.0,0.0,1.0,0.0,1.0,0.0,0.0,0.0,0.0,0.0,0.0,0.0,0.0,2.0,1.0,0.0,0.0,0.0,0.0,1.0,4.0,0.0,0.0,1.0,0.0,0.0,0.0,0.0,0.0,3.0,1.0,0.0,0.0,1.0,1.0,0.0,0.0,1.0,0.0,0.0,0.0,1.0,0.0,0.0,1.0,0.0,0.0,0.0,0.0,0.0,0.0,2.0,0.0,0.0,0.0,0.0,0.0,0.0,0.0,1.0,0.0,0.0,0.0,4.0,0.0,0.0,2.0,1.0,3.0,0.0,0.0,0.0,2.0,0.0,0.0,3.0,0.0,0.0,0.0,0.0,0.0,0.0,0.0,3.0,0.0,0.0,2.0,2.0,0.0,2.0,0.0,0.0,0.0,1.0,2.0,1.0,1.0,0.0,0.0,2.0,0.0,0.0,0.0,0.0,2.0,3.0,0.0,2.0,0.0,3.0,1.0,1.0,0.0,0.0,0.0,0.0,2.0,1.0,2.0,1.0,0.0,2.0,1.0,2.0,0.0,0.0,0.0,0.0,4.0,2.0,3.0,0.0,1.0,0.0,0.0,1.0,0.0,0.0,0.0,0.0,2.0,1.0,4.0,1.0,2.0,1.0,0.0,0.0,0.0,0.0,0.0,0.0,0.0,0.0,0.0,1.0,2.0,2.0,0.0,1.0,0.0,0.0,0.0,0.0,0.0,2.0,1.0,0.0,0.0,5.0,0.0,1.0,2.0,1.0,0.0,0.0,0.0,0.0,1.0,0.0,0.0,0.0,0.0,1.0,0.0,0.0,0.0,0.0,0.0,0.0,0.0,0.0,0.0,0.0,0.0,1.0,0.0,0.0,0.0,0.0,1.0,0.0,0.0,0.0,0.0,0.0,0.0,0.0,0.0,2.0,0.0,0.0,0.0,0.0,2.0,0.0,0.0,0.0,0.0,0.0,0.0,0.0,1.0,1.0,0.0,0.0,0.0,0.0,0.0,0.0,0.0,0.0,0.0,1.0,0.0,0.0,0.0,0.0,0.0,0.0,0.0,1.0,1.0,1.0,0.0
0.0,0.0,4.0,4.0,1.0,0.0,0.0,0.0,0.0,0.0,0.0,0.0,1.0,1.0,0.0,2.0,9.0,0.0,2.0,0.0,0.0,0.0,1.0,0.0,0.0,0.0,0.0,0.0,2.0,0.0,1.0,0.0,8.0,1.0,0.0,0.0,3.0,0.0,2.0,0.0,0.0,0.0,0.0,1.0,1.0,0.0,2.0,2.0,2.0,0.0,2.0,1.0,0.0,2.0,0.0,0.0,1.0,1.0,0.0,1.0,0.0,0.0,1.0,0.0,0.0,0.0,6.0,1.0,0.0,0.0,2.0,3.0,0.0,0.0,0.0,1.0,0.0,0.0,0.0,1.0,0.0,0.0,0.0,0.0,0.0,2.0,0.0,0.0,0.0,0.0,1.0,0.0,1.0,0.0,0.0,0.0,0.0,0.0,0.0,0.0,0.0,2.0,1.0,0.0,0.0,0.0,0.0,1.0,4.0,0.0,0.0,1.0,0.0,0.0,0.0,0.0,0.0,3.0,1.0,0.0,0.0,1.0,1.0,0.0,0.0,1.0,0.0,0.0,0.0,1.0,0.0,0.0,1.0,0.0,0.0,0.0,0.0,0.0,0.0,2.0,0.0,0.0,0.0,0.0,0.0,0.0,0.0,1.0,0.0,0.0,0.0,4.0,0.0,0.0,2.0,1.0,3.0,0.0,0.0,0.0,2.0,0.0,0.0,3.0,0.0,0.0,0.0,0.0,0.0,0.0,0.0,3.0,0.0,0.0,2.0,2.0,0.0,2.0,0.0,0.0,0.0,1.0,2.0,1.0,1.0,0.0,0.0,2.0,0.0,0.0,0.0,0.0,2.0,3.0,0.0,2.0,0.0,3.0,1.0,1.0,0.0,0.0,0.0,0.0,2.0,1.0,2.0,1.0,0.0,2.0,1.0,2.0,0.0,0.0,0.0,0.0,4.0,2.0,3.0,0.0,1.0,0.0,0.0,1.0,0.0,0.0,0.0,0.0,2.0,1.0,4.0,1.0,2.0,1.0,0.0,0.0,0.0,0.0,0.0,0.0,0.0,0.0,0.0,1.0,2.0,2.0,0.0,1.0,0.0,0.0,0.0,0.0,0.0,2.0,1.0,0.0,0.0,5.0,0.0,1.0,2.0,1.0,0.0,0.0,0.0,0.0,1.0,0.0,0.0,0.0,0.0,1.0,0.0,0.0,0.0,0.0,0.0,0.0,0.0,0.0,0.0,0.0,0.0,1.0,0.0,0.0,0.0,0.0,1.0,0.0,0.0,0.0,0.0,0.0,0.0,0.0,0.0,2.0,0.0,0.0,0.0,0.0,2.0,0.0,0.0,0.0,0.0,0.0,0.0,0.0,1.0,1.0,0.0,0.0,0.0,0.0,0.0,0.0,0.0,0.0,0.0,1.0,0.0,0.0,0.0,0.0,0.0,0.0,0.0,1.0,1.0,1.0,0.0
0.0,0.0,0.0,3.0,0.0,0.0,0.0,1.0,0.0,0.0,0.0,2.0,0.0,1.0,0.0,0.0,1.0,0.0,0.0,0.0,0.0,0.0,2.0,0.0,0.0,0.0,0.0,0.0,0.0,0.0,0.0,0.0,1.0,0.0,1.0,0.0,0.0,0.0,0.0,0.0,0.0,0.0,0.0,0.0,1.0,0.0,2.0,1.0,3.0,0.0,0.0,0.0,0.0,2.0,0.0,1.0,2.0,0.0,0.0,0.0,0.0,0.0,0.0,0.0,0.0,1.0,1.0,0.0,0.0,0.0,3.0,1.0,0.0,0.0,0.0,0.0,0.0,0.0,0.0,0.0,0.0,0.0,0.0,0.0,0.0,0.0,0.0,0.0,0.0,0.0,0.0,0.0,0.0,0.0,0.0,0.0,0.0,0.0,1.0,0.0,0.0,0.0,0.0,1.0,0.0,0.0,0.0,0.0,0.0,0.0,0.0,1.0,0.0,0.0,0.0,0.0,0.0,2.0,0.0,0.0,0.0,0.0,0.0,0.0,0.0,1.0,0.0,0.0,0.0,0.0,0.0,0.0,0.0,0.0,0.0,0.0,0.0,1.0,0.0,2.0,1.0,0.0,0.0,0.0,0.0,0.0,0.0,0.0,0.0,0.0,0.0,1.0,0.0,1.0,0.0,0.0,2.0,0.0,0.0,1.0,1.0,0.0,0.0,0.0,0.0,0.0,0.0,0.0,0.0,0.0,0.0,0.0,0.0,0.0,0.0,2.0,0.0,0.0,0.0,0.0,1.0,0.0,0.0,1.0,0.0,0.0,0.0,0.0,0.0,0.0,0.0,0.0,1.0,0.0,0.0,1.0,0.0,1.0,2.0,0.0,0.0,0.0,0.0,0.0,0.0,0.0,0.0,2.0,0.0,2.0,0.0,0.0,0.0,0.0,0.0,0.0,1.0,0.0,0.0,1.0,1.0,0.0,0.0,0.0,0.0,0.0,0.0,0.0,0.0,0.0,1.0,0.0,0.0,1.0,0.0,0.0,0.0,0.0,0.0,0.0,0.0,0.0,1.0,1.0,0.0,0.0,0.0,1.0,0.0,0.0,1.0,0.0,0.0,0.0,0.0,0.0,0.0,0.0,0.0,1.0,2.0,0.0,0.0,0.0,0.0,0.0,0.0,0.0,0.0,0.0,0.0,1.0,0.0,0.0,0.0,0.0,0.0,0.0,0.0,0.0,0.0,1.0,0.0,0.0,0.0,0.0,0.0,0.0,0.0,0.0,0.0,0.0,0.0,0.0,0.0,0.0,0.0,0.0,0.0,0.0,0.0,0.0,0.0,0.0,0.0,0.0,0.0,0.0,0.0,2.0,0.0,0.0,0.0,0.0,0.0,0.0,0.0,0.0,1.0,0.0,0.0,0.0,0.0,0.0,0.0,0.0,0.0,0.0,0.0,2.0,0.0,0.0,1.0
