0.15087163,0.20855784,0.35879555,0.17717908,0.20253566,0.110935025,0.2985737,0.091600634,0.0725832,0.14770205,0.065293185,0.1274168,0.18827258,0.06053883,0.0836767,0.10681458,0.18161649,0.20633915,0.12266244,0.08779715,0.26180667,0.16450079,0.15974644,0.11980983,0.06022187,0.11283677,0.14992076,0.13090333,0.10554675,0.21267828,0.32646593,0.15150554,0.19302694,0.108716324,0.26877972,0.09318542,0.0725832,0.14770205,0.04532488,0.13977814,0.1828843,0.06402536,0.053882726,0.07987322,0.16038035,0.16133122,0.09477021,0.0659271,0.23011093,0.16101426,0.16101426,0.06402536,0.035499208,0.07353407,0.13375594,0.06846276
0.20855784,0.33946118,0.53090334,0.26275754,0.30237716,0.162916,0.47290015,0.13692552,0.10681458,0.22313787,0.08748019,0.2,0.2931854,0.08684628,0.13502377,0.15625991,0.2732171,0.31885895,0.18098256,0.13312203,0.38541996,0.24057053,0.23137876,0.17527734,0.097305864,0.16006339,0.20570523,0.19270998,0.15213946,0.3385103,0.47416797,0.22408874,0.28652933,0.16481775,0.41806656,0.13502377,0.10681458,0.22313787,0.06053883,0.21965134,0.28748018,0.09477021,0.07321712,0.11695721,0.24342313,0.2548336,0.13026941,0.09508716,0.32678288,0.21901743,0.21901743,0.10269414,0.050079238,0.10491284,0.17971474,0.10618067
0.35879555,0.53090334,1.0,0.47385103,0.5540412,0.30903327,0.90047544,0.22567354,0.1955626,0.42313787,0.1740095,0.3445325,0.525832,0.16069731,0.23740095,0.31061807,0.49667194,0.58573693,0.34421554,0.21648178,0.7318542,0.45546752,0.44786054,0.36164817,0.1784469,0.29984152,0.40507132,0.38510302,0.27733755,0.55245644,0.9125198,0.40729,0.5248811,0.30269414,0.8012678,0.23296355,0.1955626,0.42313787,0.116640255,0.3873217,0.51980984,0.16545166,0.13026941,0.2326466,0.44469097,0.46402535,0.2697306,0.18478605,0.6412044,0.44690967,0.44690967,0.18795563,0.09635499,0.20253566,0.36354992,0.19175911
0.17717908,0.26275754,0.47385103,0.2608558,0.26117274,0.1518225,0.4133122,0.107448496,0.096038036,0.18954042,0.08177496,0.16640253,0.25610143,0.08209192,0.11251981,0.13914421,0.24088748,0.27004755,0.15530904,0.10713154,0.35309035,0.21299525,0.20031695,0.16038035,0.08684628,0.124564186,0.18415214,0.18066561,0.119492866,0.2659271,0.43232962,0.21331221,0.25134706,0.15340729,0.37305865,0.105229795,0.096038036,0.18954042,0.04912837,0.18161649,0.25451663,0.08716323,0.061172742,0.10649762,0.222187,0.21014263,0.122979395,0.09350238,0.3147385,0.20316957,0.20316957,0.084627576,0.042789225,0.09635499,0.15816166,0.08621236
0.20253566,0.30237716,0.5540412,0.26117274,0.33977813,0.17971474,0.5004754,0.13058637,0.11283677,0.24025357,0.10047544,0.1911252,0.29572108,0.094453245,0.13755943,0.17971474,0.27448493,0.32678288,0.19461173,0.12868463,0.41521394,0.25007924,0.26751187,0.20602219,0.10142631,0.17083994,0.23232964,0.21965134,0.15942948,0.30491284,0.5042789,0.2326466,0.31790808,0.17020603,0.4399366,0.13534074,0.11283677,0.24025357,0.07321712,0.21711569,0.2896989,0.09350238,0.07828843,0.13217115,0.24754359,0.25419968,0.15784469,0.108716324,0.37305865,0.2697306,0.2697306,0.10839937,0.05800317,0.105863705,0.21045959,0.10459588
0.110935025,0.162916,0.30903327,0.1518225,0.17971474,0.10776545,0.281458,0.07226624,0.06339144,0.12995246,0.05134707,0.105863705,0.16164818,0.050079238,0.0770206,0.09223455,0.1518225,0.17432646,0.10459588,0.06973059,0.23232964,0.14263074,0.14326467,0.110935025,0.058637083,0.08969889,0.12805071,0.12329636,0.082408875,0.1667195,0.28779715,0.12995246,0.16767037,0.10269414,0.25071314,0.07226624,0.06339144,0.12995246,0.03518225,0.11854199,0.16196513,0.050396197,0.04564184,0.068779714,0.13724247,0.13692552,0.08684628,0.061806656,0.20190175,0.14326467,0.14326467,0.057686213,0.029793978,0.06053883,0.11568938,0.059270997
0.2985737,0.47290015,0.90047544,0.4133122,0.5004754,0.281458,0.9125198,0.2,0.18098256,0.38637084,0.15087163,0.31505546,0.503645,0.14484945,0.2244057,0.28209192,0.4472266,0.52393025,0.32773376,0.19270998,0.673851,0.4155309,0.39429477,0.33438987,0.16608557,0.27226624,0.3749604,0.34896988,0.24152139,0.49128368,0.83581614,0.35816166,0.4703645,0.26687798,0.7822504,0.19873217,0.18098256,0.38637084,0.09984152,0.3606973,0.5014263,0.14453249,0.11822504,0.21648178,0.40982568,0.422187,0.251981,0.17083994,0.57147384,0.39302695,0.39302695,0.18129952,0.08272583,0.17591125,0.34770206,0.17210777
0.091600634,0.13692552,0.22567354,0.107448496,0.13058637,0.07226624,0.2,0.06434231,0.050079238,0.093819335,0.040570524,0.08209192,0.12044374,0.03740095,0.055784468,0.06561014,0.114421554,0.13217115,0.0770206,0.0570523,0.1673534,0.10142631,0.10047544,0.07511886,0.038351823,0.07511886,0.096038036,0.080190174,0.06656101,0.13534074,0.20538828,0.09413629,0.122345485,0.06782884,0.17432646,0.0637084,0.050079238,0.093819335,0.029160064,0.09191759,0.1163233,0.03866878,0.03391442,0.048177496,0.10047544,0.10332805,0.05800317,0.043740094,0.13946117,0.10110935,0.10110935,0.041521393,0.02155309,0.044690967,0.08716323,0.043740094
0.0725832,0.10681458,0.1955626,0.096038036,0.11283677,0.06339144,0.18098256,0.050079238,0.04881141,0.0770206,0.038034864,0.06909667,0.10491284,0.033597466,0.046909668,0.05673534,0.09825674,0.1096672,0.06497623,0.04754358,0.14992076,0.08557845,0.08431062,0.06782884,0.03518225,0.060855784,0.08209192,0.07226624,0.055150554,0.105229795,0.1800317,0.08399366,0.10681458,0.058637083,0.15657686,0.049445324,0.04881141,0.0770206,0.026624406,0.07860539,0.10491284,0.033597466,0.028843107,0.040253565,0.08938193,0.082408875,0.05134707,0.040570524,0.12773375,0.08621236,0.08621236,0.035816167,0.01806656,0.035499208,0.07385103,0.03518225
0.14770205,0.22313787,0.42313787,0.18954042,0.24025357,0.12995246,0.38637084,0.093819335,0.0770206,0.20253566,0.076703645,0.14453249,0.22028527,0.06909667,0.105229795,0.14167987,0.21901743,0.2576862,0.15752773,0.09413629,0.31093502,0.20126782,0.21521394,0.16481775,0.074484944,0.13438986,0.1755943,0.17242472,0.124564186,0.23137876,0.38320127,0.1673534,0.22947702,0.1251981,0.34199682,0.10110935,0.0770206,0.20253566,0.055467512,0.16608557,0.21648178,0.06909667,0.057369255,0.10459588,0.19397782,0.20475435,0.12646593,0.076703645,0.27575278,0.2088748,0.2088748,0.08621236,0.044690967,0.09255151,0.162916,0.08494453
0.065293185,0.08748019,0.1740095,0.08177496,0.10047544,0.05134707,0.15087163,0.040570524,0.038034864,0.076703645,0.047226623,0.05800317,0.088114105,0.03201268,0.03613312,0.061806656,0.09508716,0.10713154,0.07068146,0.04342314,0.13977814,0.0792393,0.08494453,0.06656101,0.02947702,0.057686213,0.07385103,0.07606973,0.052931853,0.09001585,0.16069731,0.07353407,0.099524565,0.04754358,0.13217115,0.04310618,0.038034864,0.076703645,0.035499208,0.06402536,0.08557845,0.03169572,0.022187004,0.046275754,0.08779715,0.08050713,0.06275753,0.037083995,0.13122028,0.09064976,0.09064976,0.035499208,0.021236133,0.04183835,0.06846276,0.033280507
0.1274168,0.2,0.3445325,0.16640253,0.1911252,0.105863705,0.31505546,0.08209192,0.06909667,0.14453249,0.05800317,0.12995246,0.18605389,0.052931853,0.08335975,0.10332805,0.17686212,0.20760697,0.11822504,0.080190174,0.24976228,0.15816166,0.1473851,0.120760694,0.06339144,0.10237718,0.13248812,0.13248812,0.09667195,0.20570523,0.31156895,0.14358161,0.1822504,0.10713154,0.27955627,0.08177496,0.06909667,0.14453249,0.03993661,0.14041205,0.18510301,0.05800317,0.046275754,0.07860539,0.15942948,0.1667195,0.09128368,0.061489698,0.21806656,0.14389858,0.14389858,0.06751189,0.03296355,0.07068146,0.11980983,0.06941363
0.18827258,0.2931854,0.525832,0.25610143,0.29572108,0.16164818,0.503645,0.12044374,0.10491284,0.22028527,0.088114105,0.18605389,0.29984152,0.08906498,0.13058637,0.16196513,0.2643423,0.30522978,0.18415214,0.11822504,0.39239302,0.24057053,0.22725832,0.18922345,0.09477021,0.15594295,0.21616481,0.19873217,0.1423138,0.30015847,0.48114106,0.21806656,0.27955627,0.15752773,0.4364501,0.11917591,0.10491284,0.22028527,0.057369255,0.20919175,0.2941363,0.09096672,0.0703645,0.124564186,0.24152139,0.24310619,0.13946117,0.09793978,0.33946118,0.22789223,0.22789223,0.10269414,0.04786054,0.10269414,0.1955626,0.097305864
0.06053883,0.08684628,0.16069731,0.08209192,0.094453245,0.050079238,0.14484945,0.03740095,0.033597466,0.06909667,0.03201268,0.052931853,0.08906498,0.03296355,0.03993661,0.050713155,0.08177496,0.08969889,0.06022187,0.038985737,0.12488114,0.0725832,0.07733756,0.057686213,0.027892234,0.048177496,0.07004754,0.06212361,0.043740094,0.08557845,0.1473851,0.06941363,0.09096672,0.04659271,0.124564186,0.03740095,0.033597466,0.06909667,0.02155309,0.061489698,0.085895404,0.03169572,0.023454834,0.03771791,0.07543582,0.06846276,0.04754358,0.03296355,0.11061807,0.078922346,0.078922346,0.02947702,0.01584786,0.031061806,0.06275753,0.027575277
0.0836767,0.13502377,0.23740095,0.11251981,0.13755943,0.0770206,0.2244057,0.055784468,0.046909668,0.105229795,0.03613312,0.08335975,0.13058637,0.03993661,0.06624406,0.07004754,0.11917591,0.1340729,0.081458,0.05451664,0.17242472,0.11061807,0.113787636,0.08652932,0.044374008,0.07163233,0.09793978,0.08652932,0.06751189,0.13502377,0.21394612,0.09889065,0.1274168,0.07321712,0.19429477,0.056418385,0.046909668,0.105229795,0.024088748,0.09793978,0.12900159,0.03961965,0.03518225,0.050713155,0.105863705,0.10618067,0.059904914,0.04342314,0.1451664,0.10618067,0.10618067,0.045958795,0.021870047,0.042472266,0.088114105,0.045958795
0.10681458,0.15625991,0.31061807,0.13914421,0.17971474,0.09223455,0.28209192,0.06561014,0.05673534,0.14167987,0.061806656,0.10332805,0.16196513,0.050713155,0.07004754,0.11568938,0.15721078,0.19524564,0.11537243,0.06719493,0.23676704,0.1429477,0.15340729,0.124564186,0.055150554,0.09793978,0.13026941,0.13343899,0.08969889,0.1673534,0.28494453,0.12361331,0.17210777,0.08969889,0.25293186,0.07163233,0.05673534,0.14167987,0.045007925,0.115055464,0.15911251,0.05103011,0.03740095,0.08779715,0.1423138,0.15499207,0.09698891,0.059270997,0.22313787,0.15657686,0.15657686,0.06561014,0.03518225,0.07004754,0.12139461,0.06053883
0.18161649,0.2732171,0.49667194,0.24088748,0.27448493,0.1518225,0.4472266,0.114421554,0.09825674,0.21901743,0.09508716,0.17686212,0.2643423,0.08177496,0.11917591,0.15721078,0.2697306,0.29572108,0.177813,0.116640255,0.37527734,0.23423138,0.23137876,0.1822504,0.08748019,0.15150554,0.20126782,0.19809826,0.1423138,0.28177497,0.45198098,0.20792393,0.26561013,0.14992076,0.39746433,0.11790808,0.09825674,0.21901743,0.0659271,0.19619651,0.26053882,0.085895404,0.06624406,0.118858956,0.244374,0.2310618,0.14453249,0.093819335,0.3347068,0.23011093,0.23011093,0.09857369,0.050396197,0.109350234,0.18383518,0.09793978
0.20633915,0.31885895,0.58573693,0.27004755,0.32678288,0.17432646,0.52393025,0.13217115,0.1096672,0.2576862,0.10713154,0.20760697,0.30522978,0.08969889,0.1340729,0.19524564,0.29572108,0.37432647,0.20792393,0.1251981,0.4259905,0.2659271,0.2697306,0.22091918,0.10427892,0.1800317,0.22567354,0.23803486,0.16354991,0.33502376,0.5274168,0.2326466,0.31378764,0.17654517,0.4709984,0.13946117,0.1096672,0.2576862,0.07416799,0.22757527,0.30110934,0.09572108,0.06751189,0.14770205,0.26339144,0.30206022,0.16323297,0.10459588,0.3806656,0.2659271,0.2659271,0.11917591,0.059270997,0.12995246,0.20063391,0.1163233
0.12266244,0.18098256,0.34421554,0.15530904,0.19461173,0.10459588,0.32773376,0.0770206,0.06497623,0.15752773,0.07068146,0.11822504,0.18415214,0.06022187,0.081458,0.11537243,0.177813,0.20792393,0.14484945,0.07987322,0.2643423,0.16513471,0.16513471,0.12773375,0.061489698,0.10903328,0.14548336,0.1451664,0.09793978,0.19049129,0.32044375,0.13470681,0.18763867,0.09920761,0.28177497,0.078922346,0.06497623,0.15752773,0.050079238,0.13438986,0.18034865,0.059587955,0.04659271,0.08969889,0.16259904,0.16798732,0.11790808,0.06687797,0.23454833,0.16703644,0.16703644,0.07004754,0.03771791,0.076703645,0.1340729,0.06782884
0.08779715,0.13312203,0.21648178,0.10713154,0.12868463,0.06973059,0.19270998,0.0570523,0.04754358,0.09413629,0.04342314,0.080190174,0.11822504,0.038985737,0.05451664,0.06719493,0.116640255,0.1251981,0.07987322,0.0637084,0.17147385,0.101743266,0.10427892,0.074484944,0.040570524,0.06909667,0.09286846,0.08779715,0.065293185,0.13217115,0.20031695,0.093819335,0.12393027,0.06719493,0.16925515,0.055784468,0.04754358,0.09413629,0.03391442,0.08684628,0.1163233,0.040570524,0.037083995,0.049762283,0.10618067,0.09667195,0.0659271,0.044057053,0.15150554,0.101743266,0.101743266,0.044057053,0.02377179,0.045958795,0.08748019,0.044057053
0.26180667,0.38541996,0.7318542,0.35309035,0.41521394,0.23232964,0.673851,0.1673534,0.14992076,0.31093502,0.13977814,0.24976228,0.39239302,0.12488114,0.17242472,0.23676704,0.37527734,0.4259905,0.2643423,0.17147385,0.58161646,0.33946118,0.33914423,0.27099842,0.13502377,0.22282092,0.31220284,0.30332804,0.20190175,0.40348652,0.681458,0.30396196,0.3949287,0.22345483,0.5933439,0.16862124,0.14992076,0.31093502,0.09667195,0.27733755,0.38700476,0.1251981,0.10110935,0.17971474,0.34389856,0.33438987,0.21806656,0.14643423,0.5169572,0.34833598,0.34833598,0.14484945,0.07575277,0.15435816,0.28557846,0.1385103
0.16450079,0.24057053,0.45546752,0.21299525,0.25007924,0.14263074,0.4155309,0.10142631,0.08557845,0.20126782,0.0792393,0.15816166,0.24057053,0.0725832,0.11061807,0.1429477,0.23423138,0.2659271,0.16513471,0.101743266,0.33946118,0.22028527,0.21267828,0.16925515,0.08114105,0.13977814,0.18890649,0.1828843,0.12900159,0.2554675,0.4199683,0.18320127,0.23803486,0.14009508,0.37052298,0.10491284,0.08557845,0.20126782,0.05356577,0.17654517,0.23835182,0.0748019,0.06402536,0.109350234,0.20950872,0.21299525,0.13312203,0.083042786,0.29984152,0.20982568,0.20982568,0.08906498,0.04532488,0.09857369,0.17305864,0.08938193
0.15974644,0.23137876,0.44786054,0.20031695,0.26751187,0.14326467,0.39429477,0.10047544,0.08431062,0.21521394,0.08494453,0.1473851,0.22725832,0.07733756,0.113787636,0.15340729,0.23137876,0.2697306,0.16513471,0.10427892,0.33914423,0.21267828,0.25641838,0.18034865,0.078922346,0.14580032,0.19175911,0.18510301,0.13534074,0.23803486,0.40665612,0.17939778,0.2532488,0.13502377,0.3518225,0.111568935,0.08431062,0.21521394,0.0637084,0.17305864,0.22345483,0.07385103,0.06624406,0.10903328,0.20253566,0.21014263,0.13692552,0.08494453,0.30206022,0.24564184,0.24564184,0.09413629,0.049762283,0.09540412,0.1755943,0.08906498
0.11980983,0.17527734,0.36164817,0.16038035,0.20602219,0.110935025,0.33438987,0.07511886,0.06782884,0.16481775,0.06656101,0.120760694,0.18922345,0.057686213,0.08652932,0.124564186,0.1822504,0.22091918,0.12773375,0.074484944,0.27099842,0.16925515,0.18034865,0.1518225,0.06434231,0.115055464,0.15150554,0.15150554,0.10332805,0.18795563,0.32995245,0.14326467,0.19619651,0.10681458,0.2992076,0.08177496,0.06782884,0.16481775,0.046909668,0.13502377,0.18700476,0.0570523,0.047226623,0.09318542,0.162916,0.1755943,0.105229795,0.065293185,0.24722663,0.17971474,0.17971474,0.07606973,0.03740095,0.07797147,0.14136292,0.068779714
0.06022187,0.097305864,0.1784469,0.08684628,0.10142631,0.058637083,0.16608557,0.038351823,0.03518225,0.074484944,0.02947702,0.06339144,0.09477021,0.027892234,0.044374008,0.055150554,0.08748019,0.10427892,0.061489698,0.040570524,0.13502377,0.08114105,0.078922346,0.06434231,0.037083995,0.04881141,0.068779714,0.07353407,0.04754358,0.10142631,0.16450079,0.0748019,0.09540412,0.058637083,0.14801902,0.038034864,0.03518225,0.074484944,0.020285262,0.06909667,0.09635499,0.029160064,0.024088748,0.041521393,0.080190174,0.08399366,0.04912837,0.03391442,0.11854199,0.07606973,0.07606973,0.035499208,0.01806656,0.034548335,0.061172742,0.03613312
0.11283677,0.16006339,0.29984152,0.124564186,0.17083994,0.08969889,0.27226624,0.07511886,0.060855784,0.13438986,0.057686213,0.10237718,0.15594295,0.048177496,0.07163233,0.09793978,0.15150554,0.1800317,0.10903328,0.06909667,0.22282092,0.13977814,0.14580032,0.115055464,0.04881141,0.10776545,0.13280506,0.115055464,0.09350238,0.16703644,0.27385104,0.114421554,0.16069731,0.08272583,0.23740095,0.07987322,0.060855784,0.13438986,0.042789225,0.11822504,0.15023772,0.04754358,0.04342314,0.07163233,0.13153724,0.14199683,0.08431062,0.053882726,0.19207607,0.14580032,0.14580032,0.059904914,0.031061806,0.06275753,0.124564186,0.05800317
0.14992076,0.20570523,0.40507132,0.18415214,0.23232964,0.12805071,0.3749604,0.096038036,0.08209192,0.1755943,0.07385103,0.13248812,0.21616481,0.07004754,0.09793978,0.13026941,0.20126782,0.22567354,0.14548336,0.09286846,0.31220284,0.18890649,0.19175911,0.15150554,0.068779714,0.13280506,0.18795563,0.15657686,0.11759113,0.21458003,0.3784469,0.1622821,0.21774961,0.1163233,0.32678288,0.09889065,0.08209192,0.1755943,0.051980983,0.15340729,0.20982568,0.06719493,0.061489698,0.097305864,0.18034865,0.1755943,0.11790808,0.07987322,0.2748019,0.1993661,0.1993661,0.07575277,0.04088748,0.08082409,0.17749603,0.074484944
0.13090333,0.19270998,0.38510302,0.18066561,0.21965134,0.12329636,0.34896988,0.080190174,0.07226624,0.17242472,0.07606973,0.13248812,0.19873217,0.06212361,0.08652932,0.13343899,0.19809826,0.23803486,0.1451664,0.08779715,0.30332804,0.1828843,0.18510301,0.15150554,0.07353407,0.115055464,0.15657686,0.17908083,0.10427892,0.20855784,0.3600634,0.15530904,0.21267828,0.122979395,0.31537244,0.083042786,0.07226624,0.17242472,0.055467512,0.14104596,0.19841522,0.06434231,0.050713155,0.10332805,0.18256736,0.19049129,0.12836768,0.07543582,0.28272584,0.18890649,0.18890649,0.08050713,0.04310618,0.09096672,0.14611727,0.076703645
0.10554675,0.15213946,0.27733755,0.119492866,0.15942948,0.082408875,0.24152139,0.06656101,0.055150554,0.124564186,0.052931853,0.09667195,0.1423138,0.043740094,0.06751189,0.08969889,0.1423138,0.16354991,0.09793978,0.065293185,0.20190175,0.12900159,0.13534074,0.10332805,0.04754358,0.09350238,0.11759113,0.10427892,0.090332806,0.15721078,0.24881141,0.11125198,0.1496038,0.07797147,0.21362916,0.07226624,0.055150554,0.124564186,0.040253565,0.110935025,0.13882726,0.044057053,0.040253565,0.06402536,0.12361331,0.12678288,0.07733756,0.04881141,0.17939778,0.13312203,0.13312203,0.054199684,0.030427892,0.055467512,0.10903328,0.056101426
0.21267828,0.3385103,0.55245644,0.2659271,0.30491284,0.1667195,0.49128368,0.13534074,0.105229795,0.23137876,0.09001585,0.20570523,0.30015847,0.08557845,0.13502377,0.1673534,0.28177497,0.33502376,0.19049129,0.13217115,0.40348652,0.2554675,0.23803486,0.18795563,0.10142631,0.16703644,0.21458003,0.20855784,0.15721078,0.35055467,0.49825674,0.22599049,0.28906497,0.17179081,0.4399366,0.13502377,0.105229795,0.23137876,0.060855784,0.22250396,0.29572108,0.09477021,0.07385103,0.12836768,0.2503962,0.2725832,0.14009508,0.09572108,0.348019,0.22757527,0.22757527,0.10839937,0.05324881,0.115055464,0.18858954,0.1118859
0.32646593,0.47416797,0.9125198,0.43232962,0.5042789,0.28779715,0.83581614,0.20538828,0.1800317,0.38320127,0.16069731,0.31156895,0.48114106,0.1473851,0.21394612,0.28494453,0.45198098,0.5274168,0.32044375,0.20031695,0.681458,0.4199683,0.40665612,0.32995245,0.16450079,0.27385104,0.3784469,0.3600634,0.24881141,0.49825674,0.84690964,0.3695721,0.47797146,0.2792393,0.7423138,0.20919175,0.1800317,0.38320127,0.10839937,0.348019,0.47733757,0.15055467,0.12329636,0.21679874,0.40824088,0.41901743,0.2576862,0.17369255,0.5971474,0.41172743,0.41172743,0.17242472,0.088748015,0.18827258,0.34484944,0.17496037
0.15150554,0.22408874,0.40729,0.21331221,0.2326466,0.12995246,0.35816166,0.09413629,0.08399366,0.1673534,0.07353407,0.14358161,0.21806656,0.06941363,0.09889065,0.12361331,0.20792393,0.2326466,0.13470681,0.093819335,0.30396196,0.18320127,0.17939778,0.14326467,0.0748019,0.114421554,0.1622821,0.15530904,0.11125198,0.22599049,0.3695721,0.18351823,0.22060221,0.12773375,0.31949288,0.094453245,0.08399366,0.1673534,0.048177496,0.15879557,0.2155309,0.07194929,0.0548336,0.09255151,0.19049129,0.17908083,0.10839937,0.07987322,0.27416798,0.18256736,0.18256736,0.07543582,0.03993661,0.080190174,0.14389858,0.07606973
0.19302694,0.28652933,0.5248811,0.25134706,0.31790808,0.16767037,0.4703645,0.122345485,0.10681458,0.22947702,0.099524565,0.1822504,0.27955627,0.09096672,0.1274168,0.17210777,0.26561013,0.31378764,0.18763867,0.12393027,0.3949287,0.23803486,0.2532488,0.19619651,0.09540412,0.16069731,0.21774961,0.21267828,0.1496038,0.28906497,0.47797146,0.22060221,0.3030111,0.16101426,0.41648176,0.12678288,0.10681458,0.22947702,0.0725832,0.20348653,0.27448493,0.091600634,0.07321712,0.12773375,0.24088748,0.24405706,0.15372425,0.10332805,0.35784468,0.2548336,0.2548336,0.103645004,0.055150554,0.10554675,0.19746435,0.09920761
0.108716324,0.16481775,0.30269414,0.15340729,0.17020603,0.10269414,0.26687798,0.06782884,0.058637083,0.1251981,0.04754358,0.10713154,0.15752773,0.04659271,0.07321712,0.08969889,0.14992076,0.17654517,0.09920761,0.06719493,0.22345483,0.14009508,0.13502377,0.10681458,0.058637083,0.08272583,0.1163233,0.122979395,0.07797147,0.17179081,0.2792393,0.12773375,0.16101426,0.10427892,0.244374,0.06782884,0.058637083,0.1251981,0.031061806,0.11537243,0.15911251,0.050079238,0.041204438,0.06846276,0.13534074,0.14136292,0.08114105,0.057369255,0.19619651,0.1318542,0.1318542,0.0570523,0.02852615,0.06275753,0.101743266,0.059587955
0.26877972,0.41806656,0.8012678,0.37305865,0.4399366,0.25071314,0.7822504,0.17432646,0.15657686,0.34199682,0.13217115,0.27955627,0.4364501,0.124564186,0.19429477,0.25293186,0.39746433,0.4709984,0.28177497,0.16925515,0.5933439,0.37052298,0.3518225,0.2992076,0.14801902,0.23740095,0.32678288,0.31537244,0.21362916,0.4399366,0.7423138,0.31949288,0.41648176,0.244374,0.6877971,0.17591125,0.15657686,0.34199682,0.08716323,0.31251982,0.43740094,0.12805071,0.10332805,0.19461173,0.36164817,0.3800317,0.22060221,0.14928685,0.51251984,0.34865293,0.34865293,0.16006339,0.07416799,0.16323297,0.3007924,0.15499207
0.09318542,0.13502377,0.23296355,0.105229795,0.13534074,0.07226624,0.19873217,0.0637084,0.049445324,0.10110935,0.04310618,0.08177496,0.11917591,0.03740095,0.056418385,0.07163233,0.11790808,0.13946117,0.078922346,0.055784468,0.16862124,0.10491284,0.111568935,0.08177496,0.038034864,0.07987322,0.09889065,0.083042786,0.07226624,0.13502377,0.20919175,0.094453245,0.12678288,0.06782884,0.17591125,0.06687797,0.049445324,0.10110935,0.03169572,0.093819335,0.11473851,0.038034864,0.033280507,0.05103011,0.10110935,0.108082406,0.059904914,0.04342314,0.1429477,0.110935025,0.110935025,0.04342314,0.023454834,0.046909668,0.08906498,0.04564184
0.0725832,0.10681458,0.1955626,0.096038036,0.11283677,0.06339144,0.18098256,0.050079238,0.04881141,0.0770206,0.038034864,0.06909667,0.10491284,0.033597466,0.046909668,0.05673534,0.09825674,0.1096672,0.06497623,0.04754358,0.14992076,0.08557845,0.08431062,0.06782884,0.03518225,0.060855784,0.08209192,0.07226624,0.055150554,0.105229795,0.1800317,0.08399366,0.10681458,0.058637083,0.15657686,0.049445324,0.04881141,0.0770206,0.026624406,0.07860539,0.10491284,0.033597466,0.028843107,0.040253565,0.08938193,0.082408875,0.05134707,0.040570524,0.12773375,0.08621236,0.08621236,0.035816167,0.01806656,0.035499208,0.07385103,0.03518225
0.14770205,0.22313787,0.42313787,0.18954042,0.24025357,0.12995246,0.38637084,0.093819335,0.0770206,0.20253566,0.076703645,0.14453249,0.22028527,0.06909667,0.105229795,0.14167987,0.21901743,0.2576862,0.15752773,0.09413629,0.31093502,0.20126782,0.21521394,0.16481775,0.074484944,0.13438986,0.1755943,0.17242472,0.124564186,0.23137876,0.38320127,0.1673534,0.22947702,0.1251981,0.34199682,0.10110935,0.0770206,0.20253566,0.055467512,0.16608557,0.21648178,0.06909667,0.057369255,0.10459588,0.19397782,0.20475435,0.12646593,0.076703645,0.27575278,0.2088748,0.2088748,0.08621236,0.044690967,0.09255151,0.162916,0.08494453
0.04532488,0.06053883,0.116640255,0.04912837,0.07321712,0.03518225,0.09984152,0.029160064,0.026624406,0.055467512,0.035499208,0.03993661,0.057369255,0.02155309,0.024088748,0.045007925,0.0659271,0.07416799,0.050079238,0.03391442,0.09667195,0.05356577,0.0637084,0.046909668,0.020285262,0.042789225,0.051980983,0.055467512,0.040253565,0.060855784,0.10839937,0.048177496,0.0725832,0.031061806,0.08716323,0.03169572,0.026624406,0.055467512,0.030744849,0.042789225,0.055467512,0.020919176,0.017749604,0.032646593,0.06053883,0.05451664,0.048177496,0.025673535,0.09350238,0.06751189,0.06751189,0.025990492,0.016798733,0.02947702,0.05229794,0.024722662
0.13977814,0.21965134,0.3873217,0.18161649,0.21711569,0.11854199,0.3606973,0.09191759,0.07860539,0.16608557,0.06402536,0.14041205,0.20919175,0.061489698,0.09793978,0.115055464,0.19619651,0.22757527,0.13438986,0.08684628,0.27733755,0.17654517,0.17305864,0.13502377,0.06909667,0.11822504,0.15340729,0.14104596,0.110935025,0.22250396,0.348019,0.15879557,0.20348653,0.11537243,0.31251982,0.093819335,0.07860539,0.16608557,0.042789225,0.162916,0.2066561,0.0637084,0.05134707,0.08399366,0.17496037,0.1800317,0.09920761,0.07004754,0.2348653,0.16703644,0.16703644,0.07385103,0.03613312,0.07290016,0.1362916,0.07575277
0.1828843,0.28748018,0.51980984,0.25451663,0.2896989,0.16196513,0.5014263,0.1163233,0.10491284,0.21648178,0.08557845,0.18510301,0.2941363,0.085895404,0.12900159,0.15911251,0.26053882,0.30110934,0.18034865,0.1163233,0.38700476,0.23835182,0.22345483,0.18700476,0.09635499,0.15023772,0.20982568,0.19841522,0.13882726,0.29572108,0.47733757,0.2155309,0.27448493,0.15911251,0.43740094,0.11473851,0.10491284,0.21648178,0.055467512,0.2066561,0.29286847,0.088748015,0.07004754,0.12202853,0.23866878,0.24057053,0.13755943,0.09698891,0.33438987,0.22060221,0.22060221,0.10237718,0.046909668,0.10142631,0.18922345,0.09762282
0.06402536,0.09477021,0.16545166,0.08716323,0.09350238,0.050396197,0.14453249,0.03866878,0.033597466,0.06909667,0.03169572,0.05800317,0.09096672,0.03169572,0.03961965,0.05103011,0.085895404,0.09572108,0.059587955,0.040570524,0.1251981,0.0748019,0.07385103,0.0570523,0.029160064,0.04754358,0.06719493,0.06434231,0.044057053,0.09477021,0.15055467,0.07194929,0.091600634,0.050079238,0.12805071,0.038034864,0.033597466,0.06909667,0.020919176,0.0637084,0.088748015,0.03296355,0.02282092,0.038985737,0.0792393,0.074484944,0.04659271,0.032329634,0.11220285,0.07416799,0.07416799,0.030427892,0.01584786,0.03423138,0.059270997,0.029793978
0.053882726,0.07321712,0.13026941,0.061172742,0.07828843,0.04564184,0.11822504,0.03391442,0.028843107,0.057369255,0.022187004,0.046275754,0.0703645,0.023454834,0.03518225,0.03740095,0.06624406,0.06751189,0.04659271,0.037083995,0.10110935,0.06402536,0.06624406,0.047226623,0.024088748,0.04342314,0.061489698,0.050713155,0.040253565,0.07385103,0.12329636,0.0548336,0.07321712,0.041204438,0.10332805,0.033280507,0.028843107,0.057369255,0.017749604,0.05134707,0.07004754,0.02282092,0.028209193,0.026941363,0.05895404,0.05229794,0.038985737,0.025356578,0.08779715,0.06434231,0.06434231,0.025039619,0.01362916,0.024722662,0.06022187,0.025673535
0.07987322,0.11695721,0.2326466,0.10649762,0.13217115,0.068779714,0.21648178,0.048177496,0.040253565,0.10459588,0.046275754,0.07860539,0.124564186,0.03771791,0.050713155,0.08779715,0.118858956,0.14770205,0.08969889,0.049762283,0.17971474,0.109350234,0.10903328,0.09318542,0.041521393,0.07163233,0.097305864,0.10332805,0.06402536,0.12836768,0.21679874,0.09255151,0.12773375,0.06846276,0.19461173,0.05103011,0.040253565,0.10459588,0.032646593,0.08399366,0.12202853,0.038985737,0.026941363,0.0703645,0.1096672,0.11980983,0.076703645,0.044690967,0.17179081,0.11473851,0.11473851,0.050079238,0.026307449,0.056101426,0.091600634,0.04532488
0.16038035,0.24342313,0.44469097,0.222187,0.24754359,0.13724247,0.40982568,0.10047544,0.08938193,0.19397782,0.08779715,0.15942948,0.24152139,0.07543582,0.105863705,0.1423138,0.244374,0.26339144,0.16259904,0.10618067,0.34389856,0.20950872,0.20253566,0.162916,0.080190174,0.13153724,0.18034865,0.18256736,0.12361331,0.2503962,0.40824088,0.19049129,0.24088748,0.13534074,0.36164817,0.10110935,0.08938193,0.19397782,0.06053883,0.17496037,0.23866878,0.0792393,0.05895404,0.1096672,0.22630745,0.20507132,0.13534074,0.08748019,0.31125197,0.20570523,0.20570523,0.08938193,0.04564184,0.09857369,0.16608557,0.08652932
0.16133122,0.2548336,0.46402535,0.21014263,0.25419968,0.13692552,0.422187,0.10332805,0.082408875,0.20475435,0.08050713,0.1667195,0.24310619,0.06846276,0.10618067,0.15499207,0.2310618,0.30206022,0.16798732,0.09667195,0.33438987,0.21299525,0.21014263,0.1755943,0.08399366,0.14199683,0.1755943,0.19049129,0.12678288,0.2725832,0.41901743,0.17908083,0.24405706,0.14136292,0.3800317,0.108082406,0.082408875,0.20475435,0.05451664,0.1800317,0.24057053,0.074484944,0.05229794,0.11980983,0.20507132,0.25007924,0.12900159,0.07955626,0.29603803,0.20412044,0.20412044,0.09635499,0.046275754,0.105229795,0.15562598,0.09413629
0.09477021,0.13026941,0.2697306,0.122979395,0.15784469,0.08684628,0.251981,0.05800317,0.05134707,0.12646593,0.06275753,0.09128368,0.13946117,0.04754358,0.059904914,0.09698891,0.14453249,0.16323297,0.11790808,0.0659271,0.21806656,0.13312203,0.13692552,0.105229795,0.04912837,0.08431062,0.11790808,0.12836768,0.07733756,0.14009508,0.2576862,0.10839937,0.15372425,0.08114105,0.22060221,0.059904914,0.05134707,0.12646593,0.048177496,0.09920761,0.13755943,0.04659271,0.038985737,0.076703645,0.13534074,0.12900159,0.11030111,0.057686213,0.20792393,0.14611727,0.14611727,0.056418385,0.033597466,0.06719493,0.115055464,0.0548336
0.0659271,0.09508716,0.18478605,0.09350238,0.108716324,0.061806656,0.17083994,0.043740094,0.040570524,0.076703645,0.037083995,0.061489698,0.09793978,0.03296355,0.04342314,0.059270997,0.093819335,0.10459588,0.06687797,0.044057053,0.14643423,0.083042786,0.08494453,0.065293185,0.03391442,0.053882726,0.07987322,0.07543582,0.04881141,0.09572108,0.17369255,0.07987322,0.10332805,0.057369255,0.14928685,0.04342314,0.040570524,0.076703645,0.025673535,0.07004754,0.09698891,0.032329634,0.025356578,0.044690967,0.08748019,0.07955626,0.057686213,0.04183835,0.13122028,0.09001585,0.09001585,0.034548335,0.019017432,0.03771791,0.07290016,0.03391442
0.23011093,0.32678288,0.6412044,0.3147385,0.37305865,0.20190175,0.57147384,0.13946117,0.12773375,0.27575278,0.13122028,0.21806656,0.33946118,0.11061807,0.1451664,0.22313787,0.3347068,0.3806656,0.23454833,0.15150554,0.5169572,0.29984152,0.30206022,0.24722663,0.11854199,0.19207607,0.2748019,0.28272584,0.17939778,0.348019,0.5971474,0.27416798,0.35784468,0.19619651,0.51251984,0.1429477,0.12773375,0.27575278,0.09350238,0.2348653,0.33438987,0.11220285,0.08779715,0.17179081,0.31125197,0.29603803,0.20792393,0.13122028,0.49350238,0.32044375,0.32044375,0.12900159,0.0725832,0.1429477,0.25641838,0.120760694
0.16101426,0.21901743,0.44690967,0.20316957,0.2697306,0.14326467,0.39302695,0.10110935,0.08621236,0.2088748,0.09064976,0.14389858,0.22789223,0.078922346,0.10618067,0.15657686,0.23011093,0.2659271,0.16703644,0.101743266,0.34833598,0.20982568,0.24564184,0.17971474,0.07606973,0.14580032,0.1993661,0.18890649,0.13312203,0.22757527,0.41172743,0.18256736,0.2548336,0.1318542,0.34865293,0.110935025,0.08621236,0.2088748,0.06751189,0.16703644,0.22060221,0.07416799,0.06434231,0.11473851,0.20570523,0.20412044,0.14611727,0.09001585,0.32044375,0.2532488,0.2532488,0.09064976,0.05134707,0.097305864,0.18605389,0.08494453
0.16101426,0.21901743,0.44690967,0.20316957,0.2697306,0.14326467,0.39302695,0.10110935,0.08621236,0.2088748,0.09064976,0.14389858,0.22789223,0.078922346,0.10618067,0.15657686,0.23011093,0.2659271,0.16703644,0.101743266,0.34833598,0.20982568,0.24564184,0.17971474,0.07606973,0.14580032,0.1993661,0.18890649,0.13312203,0.22757527,0.41172743,0.18256736,0.2548336,0.1318542,0.34865293,0.110935025,0.08621236,0.2088748,0.06751189,0.16703644,0.22060221,0.07416799,0.06434231,0.11473851,0.20570523,0.20412044,0.14611727,0.09001585,0.32044375,0.2532488,0.2532488,0.09064976,0.05134707,0.097305864,0.18605389,0.08494453
0.06402536,0.10269414,0.18795563,0.084627576,0.10839937,0.057686213,0.18129952,0.041521393,0.035816167,0.08621236,0.035499208,0.06751189,0.10269414,0.02947702,0.045958795,0.06561014,0.09857369,0.11917591,0.07004754,0.044057053,0.14484945,0.08906498,0.09413629,0.07606973,0.035499208,0.059904914,0.07575277,0.08050713,0.054199684,0.10839937,0.17242472,0.07543582,0.103645004,0.0570523,0.16006339,0.04342314,0.035816167,0.08621236,0.025990492,0.07385103,0.10237718,0.030427892,0.025039619,0.050079238,0.08938193,0.09635499,0.056418385,0.034548335,0.12900159,0.09064976,0.09064976,0.043740094,0.020285262,0.04215531,0.0703645,0.038351823
0.035499208,0.050079238,0.09635499,0.042789225,0.05800317,0.029793978,0.08272583,0.02155309,0.01806656,0.044690967,0.021236133,0.03296355,0.04786054,0.01584786,0.021870047,0.03518225,0.050396197,0.059270997,0.03771791,0.02377179,0.07575277,0.04532488,0.049762283,0.03740095,0.01806656,0.031061806,0.04088748,0.04310618,0.030427892,0.05324881,0.088748015,0.03993661,0.055150554,0.02852615,0.07416799,0.023454834,0.01806656,0.044690967,0.016798733,0.03613312,0.046909668,0.01584786,0.01362916,0.026307449,0.04564184,0.046275754,0.033597466,0.019017432,0.0725832,0.05134707,0.05134707,0.020285262,0.012678289,0.021870047,0.03866878,0.020285262
0.07353407,0.10491284,0.20253566,0.09635499,0.105863705,0.06053883,0.17591125,0.044690967,0.035499208,0.09255151,0.04183835,0.07068146,0.10269414,0.031061806,0.042472266,0.07004754,0.109350234,0.12995246,0.076703645,0.045958795,0.15435816,0.09857369,0.09540412,0.07797147,0.034548335,0.06275753,0.08082409,0.09096672,0.055467512,0.115055464,0.18827258,0.080190174,0.10554675,0.06275753,0.16323297,0.046909668,0.035499208,0.09255151,0.02947702,0.07290016,0.10142631,0.03423138,0.024722662,0.056101426,0.09857369,0.105229795,0.06719493,0.03771791,0.1429477,0.097305864,0.097305864,0.04215531,0.021870047,0.055784468,0.07575277,0.04183835
0.13375594,0.17971474,0.36354992,0.15816166,0.21045959,0.11568938,0.34770206,0.08716323,0.07385103,0.162916,0.06846276,0.11980983,0.1955626,0.06275753,0.088114105,0.12139461,0.18383518,0.20063391,0.1340729,0.08748019,0.28557846,0.17305864,0.1755943,0.14136292,0.061172742,0.124564186,0.17749603,0.14611727,0.10903328,0.18858954,0.34484944,0.14389858,0.19746435,0.101743266,0.3007924,0.08906498,0.07385103,0.162916,0.05229794,0.1362916,0.18922345,0.059270997,0.06022187,0.091600634,0.16608557,0.15562598,0.115055464,0.07290016,0.25641838,0.18605389,0.18605389,0.0703645,0.03866878,0.07575277,0.17812996,0.06909667
0.06846276,0.10618067,0.19175911,0.08621236,0.10459588,0.059270997,0.17210777,0.043740094,0.03518225,0.08494453,0.033280507,0.06941363,0.097305864,0.027575277,0.045958795,0.06053883,0.09793978,0.1163233,0.06782884,0.044057053,0.1385103,0.08938193,0.08906498,0.068779714,0.03613312,0.05800317,0.074484944,0.076703645,0.056101426,0.1118859,0.17496037,0.07606973,0.09920761,0.059587955,0.15499207,0.04564184,0.03518225,0.08494453,0.024722662,0.07575277,0.09762282,0.029793978,0.025673535,0.04532488,0.08652932,0.09413629,0.0548336,0.03391442,0.120760694,0.08494453,0.08494453,0.038351823,0.020285262,0.04183835,0.06909667,0.04215531
