476.0,658.0,1132.0,559.0,639.0,350.0,942.0,289.0,229.0,466.0,206.0,402.0,594.0,191.0,264.0,337.0,573.0,651.0,387.0,277.0,826.0,519.0,504.0,378.0,190.0,356.0,473.0,413.0,69.0,337.0,518.0,292.0,199.0,230.0,132.0,170.0,275.0,96.0,395.0,538.0,268.0,156.0,127.0,81.0,191.0,207.0,346.0,190.0,99.0,131.0,169.0,238.0,90.0,206.0,164.0,116.0,85.0,182.0,225.0,266.0,114.0,140.0,158.0,162.0,265.0,185.0,177.0,162.0,221.0,269.0,67.0,178.0,148.0,142.0,69.0,251.0
658.0,1071.0,1675.0,829.0,954.0,514.0,1492.0,432.0,337.0,704.0,276.0,631.0,925.0,274.0,426.0,493.0,862.0,1006.0,571.0,420.0,1216.0,759.0,730.0,553.0,307.0,505.0,649.0,608.0,118.0,562.0,778.0,399.0,295.0,356.0,208.0,260.0,407.0,160.0,571.0,777.0,400.0,223.0,176.0,118.0,292.0,309.0,556.0,259.0,151.0,217.0,257.0,360.0,131.0,304.0,249.0,168.0,125.0,282.0,337.0,379.0,160.0,238.0,243.0,262.0,391.0,280.0,283.0,214.0,353.0,398.0,94.0,302.0,204.0,194.0,118.0,400.0
1132.0,1675.0,3155.0,1495.0,1748.0,975.0,2841.0,712.0,617.0,1335.0,549.0,1087.0,1659.0,507.0,749.0,980.0,1567.0,1848.0,1086.0,683.0,2309.0,1437.0,1413.0,1141.0,563.0,946.0,1278.0,1215.0,204.0,996.0,1426.0,773.0,564.0,644.0,406.0,490.0,740.0,282.0,1113.0,1455.0,705.0,369.0,295.0,210.0,467.0,525.0,952.0,524.0,248.0,349.0,496.0,644.0,261.0,553.0,441.0,296.0,263.0,503.0,632.0,723.0,318.0,406.0,462.0,461.0,709.0,504.0,488.0,458.0,577.0,722.0,183.0,560.0,339.0,442.0,204.0,731.0
559.0,829.0,1495.0,823.0,824.0,479.0,1304.0,339.0,303.0,598.0,258.0,525.0,808.0,259.0,355.0,439.0,760.0,852.0,490.0,338.0,1114.0,672.0,632.0,506.0,274.0,393.0,581.0,570.0,95.0,456.0,637.0,357.0,258.0,291.0,181.0,223.0,333.0,130.0,541.0,719.0,349.0,159.0,160.0,102.0,205.0,251.0,446.0,245.0,129.0,164.0,240.0,258.0,117.0,288.0,186.0,139.0,107.0,237.0,309.0,353.0,146.0,199.0,217.0,204.0,358.0,251.0,214.0,206.0,270.0,342.0,100.0,247.0,153.0,191.0,95.0,309.0
639.0,954.0,1748.0,824.0,1072.0,567.0,1579.0,412.0,356.0,758.0,317.0,603.0,933.0,298.0,434.0,567.0,866.0,1031.0,614.0,406.0,1310.0,789.0,844.0,650.0,320.0,539.0,733.0,693.0,124.0,558.0,784.0,428.0,339.0,361.0,234.0,279.0,421.0,158.0,626.0,791.0,413.0,205.0,169.0,120.0,261.0,277.0,507.0,283.0,139.0,189.0,284.0,392.0,143.0,293.0,248.0,180.0,141.0,281.0,333.0,402.0,185.0,214.0,278.0,249.0,376.0,279.0,271.0,253.0,317.0,406.0,105.0,319.0,191.0,238.0,124.0,402.0
350.0,514.0,975.0,479.0,567.0,340.0,888.0,228.0,200.0,410.0,162.0,334.0,510.0,158.0,243.0,291.0,479.0,550.0,330.0,220.0,733.0,450.0,452.0,350.0,185.0,283.0,404.0,389.0,66.0,302.0,433.0,252.0,183.0,185.0,131.0,150.0,228.0,78.0,343.0,435.0,218.0,106.0,100.0,70.0,128.0,153.0,286.0,153.0,79.0,98.0,159.0,199.0,85.0,159.0,133.0,94.0,79.0,154.0,208.0,230.0,114.0,124.0,152.0,139.0,212.0,150.0,143.0,144.0,167.0,222.0,60.0,175.0,112.0,136.0,66.0,221.0
942.0,1492.0,2841.0,1304.0,1579.0,888.0,2879.0,631.0,571.0,1219.0,476.0,994.0,1589.0,457.0,708.0,890.0,1411.0,1653.0,1034.0,608.0,2126.0,1311.0,1244.0,1055.0,524.0,859.0,1183.0,1101.0,197.0,1013.0,1272.0,709.0,525.0,594.0,379.0,424.0,669.0,265.0,996.0,1286.0,654.0,291.0,240.0,194.0,397.0,438.0,873.0,459.0,213.0,310.0,460.0,596.0,255.0,463.0,392.0,276.0,258.0,467.0,570.0,699.0,280.0,362.0,443.0,397.0,590.0,458.0,458.0,411.0,509.0,656.0,168.0,537.0,272.0,429.0,197.0,693.0
289.0,432.0,712.0,339.0,412.0,228.0,631.0,203.0,158.0,296.0,128.0,259.0,380.0,118.0,176.0,207.0,361.0,417.0,243.0,180.0,528.0,320.0,317.0,237.0,121.0,237.0,303.0,253.0,49.0,241.0,345.0,193.0,131.0,150.0,88.0,107.0,185.0,62.0,231.0,330.0,174.0,96.0,74.0,55.0,117.0,132.0,226.0,112.0,61.0,80.0,113.0,162.0,60.0,118.0,107.0,78.0,62.0,121.0,143.0,170.0,71.0,89.0,100.0,105.0,160.0,111.0,115.0,101.0,131.0,173.0,37.0,126.0,97.0,90.0,49.0,176.0
229.0,337.0,617.0,303.0,356.0,200.0,571.0,158.0,154.0,243.0,120.0,218.0,331.0,106.0,148.0,179.0,310.0,346.0,205.0,150.0,473.0,270.0,266.0,214.0,111.0,192.0,259.0,228.0,44.0,215.0,285.0,163.0,113.0,122.0,84.0,89.0,153.0,47.0,204.0,296.0,155.0,63.0,57.0,50.0,82.0,95.0,179.0,94.0,50.0,59.0,104.0,125.0,50.0,99.0,76.0,67.0,57.0,97.0,125.0,145.0,61.0,76.0,88.0,85.0,130.0,96.0,87.0,97.0,99.0,142.0,41.0,112.0,69.0,91.0,44.0,143.0
466.0,704.0,1335.0,598.0,758.0,410.0,1219.0,296.0,243.0,639.0,242.0,456.0,695.0,218.0,332.0,447.0,691.0,813.0,497.0,297.0,981.0,635.0,679.0,520.0,235.0,424.0,554.0,544.0,92.0,418.0,622.0,327.0,260.0,288.0,176.0,227.0,318.0,135.0,493.0,606.0,291.0,167.0,128.0,89.0,214.0,228.0,418.0,233.0,98.0,150.0,211.0,315.0,109.0,228.0,206.0,131.0,119.0,219.0,259.0,309.0,145.0,170.0,201.0,198.0,313.0,211.0,221.0,194.0,254.0,311.0,71.0,248.0,140.0,186.0,92.0,322.0
206.0,276.0,549.0,258.0,317.0,162.0,476.0,128.0,120.0,242.0,149.0,183.0,278.0,101.0,114.0,195.0,300.0,338.0,223.0,137.0,441.0,250.0,268.0,210.0,93.0,182.0,233.0,240.0,45.0,163.0,257.0,156.0,108.0,111.0,67.0,96.0,138.0,47.0,207.0,269.0,119.0,62.0,50.0,42.0,72.0,88.0,147.0,104.0,39.0,62.0,83.0,109.0,43.0,93.0,73.0,56.0,52.0,100.0,89.0,142.0,55.0,56.0,72.0,64.0,112.0,104.0,79.0,82.0,86.0,136.0,35.0,94.0,53.0,81.0,45.0,122.0
402.0,631.0,1087.0,525.0,603.0,334.0,994.0,259.0,218.0,456.0,183.0,410.0,587.0,167.0,263.0,326.0,558.0,655.0,373.0,253.0,788.0,499.0,465.0,381.0,200.0,323.0,418.0,418.0,75.0,357.0,511.0,267.0,197.0,228.0,136.0,161.0,265.0,96.0,384.0,517.0,253.0,128.0,105.0,75.0,174.0,185.0,348.0,173.0,95.0,132.0,172.0,228.0,85.0,196.0,151.0,107.0,89.0,177.0,223.0,252.0,110.0,154.0,153.0,167.0,240.0,181.0,184.0,152.0,218.0,253.0,64.0,199.0,122.0,140.0,75.0,261.0
594.0,925.0,1659.0,808.0,933.0,510.0,1589.0,380.0,331.0,695.0,278.0,587.0,946.0,281.0,412.0,511.0,834.0,963.0,581.0,373.0,1238.0,759.0,717.0,597.0,299.0,492.0,682.0,627.0,112.0,577.0,729.0,403.0,300.0,351.0,210.0,247.0,388.0,157.0,594.0,774.0,401.0,179.0,154.0,110.0,251.0,276.0,512.0,274.0,135.0,191.0,265.0,346.0,141.0,289.0,228.0,168.0,137.0,272.0,326.0,402.0,155.0,215.0,260.0,230.0,369.0,278.0,269.0,233.0,313.0,388.0,102.0,296.0,169.0,230.0,112.0,384.0
191.0,274.0,507.0,259.0,298.0,158.0,457.0,118.0,106.0,218.0,101.0,167.0,281.0,104.0,126.0,160.0,258.0,283.0,190.0,123.0,394.0,229.0,244.0,182.0,88.0,152.0,221.0,196.0,35.0,166.0,211.0,123.0,91.0,101.0,62.0,85.0,113.0,49.0,187.0,236.0,126.0,56.0,54.0,35.0,73.0,86.0,146.0,89.0,39.0,51.0,79.0,104.0,41.0,87.0,68.0,54.0,40.0,80.0,94.0,126.0,46.0,57.0,78.0,60.0,117.0,84.0,71.0,70.0,84.0,120.0,33.0,83.0,50.0,68.0,35.0,106.0
264.0,426.0,749.0,355.0,434.0,243.0,708.0,176.0,148.0,332.0,114.0,263.0,412.0,126.0,209.0,221.0,376.0,423.0,257.0,172.0,544.0,349.0,359.0,273.0,140.0,226.0,309.0,273.0,50.0,256.0,336.0,172.0,141.0,157.0,102.0,119.0,172.0,71.0,255.0,328.0,177.0,88.0,75.0,53.0,117.0,124.0,242.0,114.0,59.0,78.0,121.0,174.0,63.0,124.0,110.0,76.0,62.0,115.0,161.0,170.0,77.0,102.0,119.0,113.0,176.0,112.0,120.0,108.0,140.0,170.0,43.0,139.0,83.0,101.0,50.0,179.0
337.0,493.0,980.0,439.0,567.0,291.0,890.0,207.0,179.0,447.0,195.0,326.0,511.0,160.0,221.0,365.0,496.0,616.0,364.0,212.0,747.0,451.0,484.0,393.0,174.0,309.0,411.0,421.0,69.0,303.0,453.0,249.0,193.0,212.0,127.0,165.0,232.0,101.0,374.0,456.0,212.0,117.0,83.0,59.0,145.0,156.0,278.0,177.0,69.0,115.0,155.0,213.0,82.0,176.0,144.0,92.0,87.0,171.0,178.0,228.0,103.0,119.0,154.0,137.0,216.0,168.0,158.0,146.0,186.0,227.0,53.0,184.0,92.0,145.0,69.0,227.0
573.0,862.0,1567.0,760.0,866.0,479.0,1411.0,361.0,310.0,691.0,300.0,558.0,834.0,258.0,376.0,496.0,851.0,933.0,561.0,368.0,1184.0,739.0,730.0,575.0,276.0,478.0,635.0,625.0,109.0,499.0,720.0,401.0,296.0,329.0,193.0,247.0,379.0,143.0,573.0,746.0,357.0,181.0,156.0,111.0,239.0,266.0,488.0,267.0,125.0,182.0,254.0,332.0,123.0,281.0,220.0,154.0,139.0,258.0,313.0,381.0,162.0,206.0,219.0,222.0,360.0,266.0,252.0,226.0,295.0,369.0,94.0,273.0,166.0,215.0,109.0,365.0
651.0,1006.0,1848.0,852.0,1031.0,550.0,1653.0,417.0,346.0,813.0,338.0,655.0,963.0,283.0,423.0,616.0,933.0,1181.0,656.0,395.0,1344.0,839.0,851.0,697.0,329.0,568.0,712.0,751.0,129.0,581.0,882.0,453.0,332.0,395.0,240.0,305.0,449.0,183.0,681.0,869.0,397.0,228.0,154.0,117.0,288.0,326.0,571.0,323.0,146.0,233.0,285.0,382.0,151.0,333.0,277.0,167.0,157.0,327.0,347.0,415.0,184.0,251.0,266.0,285.0,415.0,311.0,308.0,252.0,363.0,437.0,96.0,356.0,191.0,244.0,129.0,451.0
387.0,571.0,1086.0,490.0,614.0,330.0,1034.0,243.0,205.0,497.0,223.0,373.0,581.0,190.0,257.0,364.0,561.0,656.0,457.0,252.0,834.0,521.0,521.0,403.0,194.0,344.0,459.0,458.0,79.0,344.0,492.0,287.0,202.0,218.0,134.0,185.0,255.0,106.0,403.0,491.0,234.0,134.0,108.0,72.0,165.0,185.0,331.0,199.0,82.0,129.0,155.0,232.0,97.0,178.0,168.0,104.0,93.0,190.0,203.0,286.0,112.0,127.0,160.0,139.0,227.0,190.0,171.0,141.0,201.0,267.0,61.0,189.0,111.0,149.0,79.0,265.0
277.0,420.0,683.0,338.0,406.0,220.0,608.0,180.0,150.0,297.0,137.0,253.0,373.0,123.0,172.0,212.0,368.0,395.0,252.0,201.0,541.0,321.0,329.0,235.0,128.0,218.0,293.0,277.0,53.0,222.0,318.0,188.0,134.0,138.0,83.0,109.0,167.0,59.0,244.0,329.0,172.0,87.0,84.0,53.0,113.0,115.0,215.0,108.0,61.0,78.0,109.0,158.0,53.0,118.0,96.0,79.0,56.0,114.0,143.0,171.0,78.0,90.0,102.0,94.0,153.0,118.0,108.0,100.0,138.0,165.0,45.0,118.0,86.0,87.0,53.0,153.0
826.0,1216.0,2309.0,1114.0,1310.0,733.0,2126.0,528.0,473.0,981.0,441.0,788.0,1238.0,394.0,544.0,747.0,1184.0,1344.0,834.0,541.0,1835.0,1071.0,1070.0,855.0,426.0,703.0,985.0,957.0,163.0,749.0,1042.0,613.0,434.0,460.0,297.0,369.0,540.0,205.0,837.0,1080.0,528.0,252.0,221.0,154.0,319.0,374.0,677.0,389.0,178.0,252.0,369.0,471.0,199.0,404.0,316.0,226.0,198.0,383.0,469.0,565.0,246.0,291.0,356.0,307.0,503.0,390.0,347.0,341.0,409.0,536.0,141.0,406.0,245.0,335.0,163.0,529.0
519.0,759.0,1437.0,672.0,789.0,450.0,1311.0,320.0,270.0,635.0,250.0,499.0,759.0,229.0,349.0,451.0,739.0,839.0,521.0,321.0,1071.0,695.0,671.0,534.0,256.0,441.0,596.0,577.0,92.0,446.0,662.0,373.0,269.0,293.0,181.0,227.0,335.0,130.0,525.0,663.0,316.0,172.0,143.0,94.0,219.0,245.0,445.0,248.0,113.0,161.0,222.0,308.0,124.0,251.0,212.0,137.0,122.0,236.0,300.0,347.0,156.0,188.0,215.0,205.0,333.0,235.0,229.0,211.0,274.0,335.0,82.0,249.0,161.0,201.0,92.0,339.0
504.0,730.0,1413.0,632.0,844.0,452.0,1244.0,317.0,266.0,679.0,268.0,465.0,717.0,244.0,359.0,484.0,730.0,851.0,521.0,329.0,1070.0,671.0,809.0,569.0,249.0,460.0,605.0,584.0,96.0,419.0,658.0,354.0,279.0,290.0,192.0,253.0,333.0,138.0,529.0,633.0,305.0,187.0,144.0,101.0,221.0,241.0,433.0,244.0,101.0,147.0,225.0,345.0,115.0,230.0,225.0,137.0,126.0,231.0,284.0,319.0,168.0,179.0,220.0,210.0,333.0,213.0,217.0,210.0,265.0,329.0,82.0,261.0,156.0,195.0,96.0,333.0
378.0,553.0,1141.0,506.0,650.0,350.0,1055.0,237.0,214.0,520.0,210.0,381.0,597.0,182.0,273.0,393.0,575.0,697.0,403.0,235.0,855.0,534.0,569.0,479.0,203.0,363.0,478.0,478.0,78.0,365.0,540.0,288.0,226.0,246.0,157.0,190.0,271.0,110.0,439.0,533.0,253.0,121.0,87.0,71.0,160.0,182.0,329.0,204.0,79.0,121.0,188.0,256.0,97.0,197.0,163.0,111.0,105.0,192.0,220.0,259.0,122.0,147.0,181.0,164.0,258.0,184.0,188.0,184.0,201.0,262.0,63.0,222.0,110.0,174.0,78.0,266.0
190.0,307.0,563.0,274.0,320.0,185.0,524.0,121.0,111.0,235.0,93.0,200.0,299.0,88.0,140.0,174.0,276.0,329.0,194.0,128.0,426.0,256.0,249.0,203.0,117.0,154.0,217.0,232.0,41.0,177.0,252.0,133.0,103.0,107.0,79.0,89.0,126.0,48.0,200.0,254.0,122.0,60.0,54.0,37.0,76.0,85.0,170.0,86.0,46.0,63.0,88.0,110.0,47.0,99.0,75.0,50.0,42.0,89.0,122.0,125.0,64.0,80.0,89.0,85.0,119.0,92.0,86.0,81.0,106.0,124.0,36.0,108.0,58.0,78.0,41.0,127.0
356.0,505.0,946.0,393.0,539.0,283.0,859.0,237.0,192.0,424.0,182.0,323.0,492.0,152.0,226.0,309.0,478.0,568.0,344.0,218.0,703.0,441.0,460.0,363.0,154.0,340.0,419.0,363.0,63.0,315.0,465.0,258.0,181.0,209.0,123.0,153.0,242.0,88.0,327.0,437.0,218.0,126.0,81.0,66.0,157.0,166.0,289.0,164.0,69.0,105.0,147.0,230.0,83.0,153.0,148.0,101.0,91.0,162.0,180.0,224.0,95.0,113.0,139.0,138.0,209.0,148.0,157.0,148.0,174.0,228.0,46.0,172.0,116.0,140.0,63.0,240.0
473.0,649.0,1278.0,581.0,733.0,404.0,1183.0,303.0,259.0,554.0,233.0,418.0,682.0,221.0,309.0,411.0,635.0,712.0,459.0,293.0,985.0,596.0,605.0,478.0,217.0,419.0,593.0,494.0,81.0,422.0,572.0,344.0,246.0,265.0,161.0,197.0,305.0,114.0,448.0,581.0,307.0,149.0,125.0,87.0,188.0,206.0,368.0,217.0,93.0,124.0,209.0,291.0,114.0,212.0,182.0,136.0,117.0,199.0,256.0,316.0,134.0,143.0,200.0,166.0,283.0,199.0,196.0,203.0,216.0,296.0,72.0,214.0,147.0,197.0,81.0,295.0
413.0,608.0,1215.0,570.0,693.0,389.0,1101.0,253.0,228.0,544.0,240.0,418.0,627.0,196.0,273.0,421.0,625.0,751.0,458.0,277.0,957.0,577.0,584.0,478.0,232.0,363.0,494.0,565.0,92.0,366.0,559.0,326.0,236.0,241.0,158.0,208.0,283.0,111.0,477.0,573.0,258.0,128.0,112.0,73.0,164.0,191.0,348.0,217.0,94.0,141.0,192.0,246.0,103.0,214.0,169.0,114.0,104.0,211.0,239.0,295.0,142.0,159.0,188.0,166.0,259.0,215.0,190.0,177.0,225.0,284.0,71.0,227.0,119.0,174.0,92.0,279.0
69.0,118.0,204.0,95.0,124.0,66.0,197.0,49.0,44.0,92.0,45.0,75.0,112.0,35.0,50.0,69.0,109.0,129.0,79.0,53.0,163.0,92.0,96.0,78.0,41.0,63.0,81.0,92.0,20.0,73.0,96.0,53.0,42.0,43.0,28.0,36.0,52.0,19.0,76.0,94.0,47.0,19.0,17.0,15.0,27.0,31.0,60.0,33.0,16.0,25.0,34.0,45.0,16.0,32.0,27.0,22.0,19.0,37.0,35.0,49.0,22.0,26.0,31.0,28.0,39.0,38.0,35.0,28.0,35.0,49.0,12.0,43.0,19.0,28.0,20.0,49.0
337.0,562.0,996.0,456.0,558.0,302.0,1013.0,241.0,215.0,418.0,163.0,357.0,577.0,166.0,256.0,303.0,499.0,581.0,344.0,222.0,749.0,446.0,419.0,365.0,177.0,315.0,422.0,366.0,73.0,400.0,453.0,245.0,183.0,224.0,131.0,149.0,244.0,98.0,336.0,457.0,254.0,96.0,75.0,68.0,148.0,160.0,312.0,154.0,76.0,111.0,171.0,221.0,86.0,161.0,134.0,108.0,98.0,162.0,192.0,238.0,84.0,130.0,154.0,141.0,213.0,161.0,170.0,144.0,175.0,231.0,53.0,194.0,97.0,149.0,73.0,253.0
518.0,778.0,1426.0,637.0,784.0,433.0,1272.0,345.0,285.0,622.0,257.0,511.0,729.0,211.0,336.0,453.0,720.0,882.0,492.0,318.0,1042.0,662.0,658.0,540.0,252.0,465.0,572.0,559.0,96.0,453.0,724.0,375.0,267.0,303.0,189.0,228.0,355.0,130.0,506.0,674.0,311.0,181.0,120.0,96.0,222.0,255.0,446.0,242.0,111.0,165.0,221.0,315.0,120.0,251.0,215.0,137.0,128.0,249.0,291.0,316.0,150.0,196.0,203.0,224.0,328.0,227.0,239.0,219.0,271.0,333.0,72.0,276.0,170.0,196.0,96.0,354.0
292.0,399.0,773.0,357.0,428.0,252.0,709.0,193.0,163.0,327.0,156.0,267.0,403.0,123.0,172.0,249.0,401.0,453.0,287.0,188.0,613.0,373.0,354.0,288.0,133.0,258.0,344.0,326.0,53.0,245.0,375.0,245.0,152.0,154.0,93.0,118.0,194.0,62.0,281.0,369.0,174.0,90.0,76.0,54.0,106.0,130.0,224.0,137.0,61.0,85.0,123.0,161.0,73.0,128.0,111.0,80.0,73.0,141.0,161.0,209.0,89.0,93.0,114.0,99.0,165.0,133.0,119.0,121.0,136.0,191.0,43.0,132.0,96.0,115.0,53.0,186.0
199.0,295.0,564.0,258.0,339.0,183.0,525.0,131.0,113.0,260.0,108.0,197.0,300.0,91.0,141.0,193.0,296.0,332.0,202.0,134.0,434.0,269.0,279.0,226.0,103.0,181.0,246.0,236.0,42.0,183.0,267.0,152.0,127.0,124.0,74.0,87.0,141.0,50.0,207.0,261.0,133.0,60.0,54.0,39.0,81.0,83.0,161.0,93.0,42.0,57.0,98.0,139.0,46.0,96.0,77.0,63.0,52.0,91.0,111.0,137.0,66.0,68.0,91.0,77.0,124.0,93.0,95.0,94.0,99.0,130.0,33.0,104.0,61.0,85.0,42.0,131.0
230.0,356.0,644.0,291.0,361.0,185.0,594.0,150.0,122.0,288.0,111.0,228.0,351.0,101.0,157.0,212.0,329.0,395.0,218.0,138.0,460.0,293.0,290.0,246.0,107.0,209.0,265.0,241.0,43.0,224.0,303.0,154.0,124.0,153.0,81.0,99.0,160.0,66.0,227.0,304.0,154.0,76.0,52.0,41.0,108.0,109.0,200.0,108.0,49.0,76.0,107.0,150.0,51.0,117.0,92.0,68.0,59.0,106.0,118.0,146.0,57.0,83.0,96.0,97.0,151.0,105.0,114.0,97.0,124.0,150.0,32.0,120.0,66.0,92.0,43.0,158.0
132.0,208.0,406.0,181.0,234.0,131.0,379.0,88.0,84.0,176.0,67.0,136.0,210.0,62.0,102.0,127.0,193.0,240.0,134.0,83.0,297.0,181.0,192.0,157.0,79.0,123.0,161.0,158.0,28.0,131.0,189.0,93.0,74.0,81.0,64.0,66.0,95.0,36.0,141.0,180.0,87.0,45.0,31.0,28.0,55.0,63.0,121.0,64.0,29.0,42.0,65.0,86.0,35.0,66.0,58.0,36.0,34.0,65.0,83.0,82.0,44.0,55.0,65.0,65.0,88.0,59.0,61.0,63.0,71.0,89.0,24.0,83.0,42.0,61.0,28.0,96.0
170.0,260.0,490.0,223.0,279.0,150.0,424.0,107.0,89.0,227.0,96.0,161.0,247.0,85.0,119.0,165.0,247.0,305.0,185.0,109.0,369.0,227.0,253.0,190.0,89.0,153.0,197.0,208.0,36.0,149.0,228.0,118.0,87.0,99.0,66.0,95.0,111.0,51.0,184.0,218.0,100.0,62.0,43.0,30.0,73.0,89.0,149.0,88.0,35.0,58.0,72.0,103.0,41.0,84.0,77.0,43.0,41.0,86.0,92.0,107.0,50.0,64.0,73.0,72.0,116.0,81.0,75.0,65.0,89.0,115.0,24.0,94.0,50.0,64.0,36.0,116.0
275.0,407.0,740.0,333.0,421.0,228.0,669.0,185.0,153.0,318.0,138.0,265.0,388.0,113.0,172.0,232.0,379.0,449.0,255.0,167.0,540.0,335.0,333.0,271.0,126.0,242.0,305.0,283.0,52.0,244.0,355.0,194.0,141.0,160.0,95.0,111.0,194.0,64.0,257.0,346.0,171.0,89.0,65.0,54.0,115.0,126.0,225.0,123.0,59.0,85.0,122.0,167.0,60.0,123.0,107.0,76.0,69.0,123.0,139.0,173.0,76.0,92.0,103.0,111.0,157.0,119.0,125.0,110.0,134.0,176.0,40.0,136.0,87.0,104.0,52.0,183.0
96.0,160.0,282.0,130.0,158.0,78.0,265.0,62.0,47.0,135.0,47.0,96.0,157.0,49.0,71.0,101.0,143.0,183.0,106.0,59.0,205.0,130.0,138.0,110.0,48.0,88.0,114.0,111.0,19.0,98.0,130.0,62.0,50.0,66.0,36.0,51.0,64.0,37.0,108.0,129.0,64.0,37.0,23.0,15.0,49.0,54.0,92.0,52.0,20.0,37.0,43.0,63.0,24.0,53.0,47.0,26.0,24.0,52.0,50.0,63.0,23.0,38.0,45.0,42.0,72.0,47.0,49.0,35.0,59.0,67.0,12.0,56.0,25.0,36.0,19.0,69.0
395.0,571.0,1113.0,541.0,626.0,343.0,996.0,231.0,204.0,493.0,207.0,384.0,594.0,187.0,255.0,374.0,573.0,681.0,403.0,244.0,837.0,525.0,529.0,439.0,200.0,327.0,448.0,477.0,76.0,336.0,506.0,281.0,207.0,227.0,141.0,184.0,257.0,108.0,455.0,537.0,250.0,120.0,102.0,67.0,159.0,189.0,324.0,207.0,87.0,130.0,176.0,225.0,91.0,203.0,157.0,105.0,91.0,192.0,212.0,263.0,118.0,146.0,171.0,153.0,257.0,193.0,180.0,163.0,210.0,261.0,68.0,204.0,108.0,152.0,76.0,239.0
538.0,777.0,1455.0,719.0,791.0,435.0,1286.0,330.0,296.0,606.0,269.0,517.0,774.0,236.0,328.0,456.0,746.0,869.0,491.0,329.0,1080.0,663.0,633.0,533.0,254.0,437.0,581.0,573.0,94.0,457.0,674.0,369.0,261.0,304.0,180.0,218.0,346.0,129.0,537.0,725.0,342.0,163.0,136.0,97.0,219.0,245.0,437.0,251.0,120.0,164.0,233.0,288.0,114.0,273.0,191.0,145.0,122.0,239.0,290.0,340.0,143.0,194.0,207.0,208.0,337.0,244.0,228.0,222.0,275.0,338.0,91.0,256.0,153.0,203.0,94.0,324.0
268.0,400.0,705.0,349.0,413.0,218.0,654.0,174.0,155.0,291.0,119.0,253.0,401.0,126.0,177.0,212.0,357.0,397.0,234.0,172.0,528.0,316.0,305.0,253.0,122.0,218.0,307.0,258.0,47.0,254.0,311.0,174.0,133.0,154.0,87.0,100.0,171.0,64.0,250.0,342.0,195.0,73.0,70.0,49.0,112.0,113.0,210.0,113.0,60.0,72.0,123.0,160.0,55.0,124.0,90.0,84.0,61.0,105.0,139.0,170.0,65.0,89.0,109.0,95.0,160.0,113.0,115.0,109.0,128.0,164.0,44.0,122.0,77.0,99.0,47.0,158.0
156.0,223.0,369.0,159.0,205.0,106.0,291.0,96.0,63.0,167.0,62.0,128.0,179.0,56.0,88.0,117.0,181.0,228.0,134.0,87.0,252.0,172.0,187.0,121.0,60.0,126.0,149.0,128.0,19.0,96.0,181.0,90.0,60.0,76.0,45.0,62.0,89.0,37.0,120.0,163.0,73.0,72.0,44.0,25.0,77.0,78.0,128.0,63.0,31.0,49.0,46.0,87.0,31.0,67.0,70.0,31.0,26.0,63.0,77.0,79.0,39.0,49.0,50.0,64.0,92.0,54.0,58.0,46.0,87.0,89.0,17.0,60.0,55.0,41.0,19.0,94.0
127.0,176.0,295.0,160.0,169.0,100.0,240.0,74.0,57.0,128.0,50.0,105.0,154.0,54.0,75.0,83.0,156.0,154.0,108.0,84.0,221.0,143.0,144.0,87.0,54.0,81.0,125.0,112.0,17.0,75.0,120.0,76.0,54.0,52.0,31.0,43.0,65.0,23.0,102.0,136.0,70.0,44.0,51.0,23.0,52.0,51.0,96.0,46.0,29.0,30.0,44.0,65.0,22.0,53.0,43.0,31.0,19.0,40.0,70.0,77.0,38.0,37.0,42.0,40.0,72.0,46.0,40.0,39.0,63.0,69.0,22.0,38.0,41.0,33.0,17.0,60.0
81.0,118.0,210.0,102.0,120.0,70.0,194.0,55.0,50.0,89.0,42.0,75.0,110.0,35.0,53.0,59.0,111.0,117.0,72.0,53.0,154.0,94.0,101.0,71.0,37.0,66.0,87.0,73.0,15.0,68.0,96.0,54.0,39.0,41.0,28.0,30.0,54.0,15.0,67.0,97.0,49.0,25.0,23.0,21.0,30.0,33.0,66.0,31.0,17.0,20.0,35.0,46.0,16.0,31.0,28.0,22.0,20.0,32.0,43.0,50.0,24.0,25.0,27.0,31.0,44.0,31.0,31.0,32.0,35.0,49.0,15.0,37.0,25.0,30.0,15.0,49.0
191.0,292.0,467.0,205.0,261.0,128.0,397.0,117.0,82.0,214.0,72.0,174.0,251.0,73.0,117.0,145.0,239.0,288.0,165.0,113.0,319.0,219.0,221.0,160.0,76.0,157.0,188.0,164.0,27.0,148.0,222.0,106.0,81.0,108.0,55.0,73.0,115.0,49.0,159.0,219.0,112.0,77.0,52.0,30.0,103.0,93.0,165.0,78.0,42.0,63.0,67.0,120.0,35.0,87.0,80.0,49.0,36.0,73.0,93.0,103.0,44.0,66.0,66.0,79.0,116.0,73.0,85.0,61.0,113.0,112.0,23.0,78.0,62.0,54.0,27.0,120.0
207.0,309.0,525.0,251.0,277.0,153.0,438.0,132.0,95.0,228.0,88.0,185.0,276.0,86.0,124.0,156.0,266.0,326.0,185.0,115.0,374.0,245.0,241.0,182.0,85.0,166.0,206.0,191.0,31.0,160.0,255.0,130.0,83.0,109.0,63.0,89.0,126.0,54.0,189.0,245.0,113.0,78.0,51.0,33.0,93.0,117.0,178.0,98.0,44.0,69.0,73.0,109.0,45.0,97.0,90.0,46.0,41.0,95.0,104.0,118.0,48.0,73.0,71.0,82.0,135.0,85.0,87.0,64.0,107.0,129.0,24.0,91.0,68.0,58.0,31.0,130.0
346.0,556.0,952.0,446.0,507.0,286.0,873.0,226.0,179.0,418.0,147.0,348.0,512.0,146.0,242.0,278.0,488.0,571.0,331.0,215.0,677.0,445.0,433.0,329.0,170.0,289.0,368.0,348.0,60.0,312.0,446.0,224.0,161.0,200.0,121.0,149.0,225.0,92.0,324.0,437.0,210.0,128.0,96.0,66.0,165.0,178.0,331.0,153.0,80.0,117.0,144.0,208.0,78.0,168.0,149.0,87.0,80.0,155.0,205.0,216.0,95.0,139.0,133.0,155.0,227.0,148.0,158.0,125.0,200.0,222.0,52.0,173.0,111.0,120.0,60.0,241.0
190.0,259.0,524.0,245.0,283.0,153.0,459.0,112.0,94.0,233.0,104.0,173.0,274.0,89.0,114.0,177.0,267.0,323.0,199.0,108.0,389.0,248.0,244.0,204.0,86.0,164.0,217.0,217.0,33.0,154.0,242.0,137.0,93.0,108.0,64.0,88.0,123.0,52.0,207.0,251.0,113.0,63.0,46.0,31.0,78.0,98.0,153.0,106.0,39.0,62.0,77.0,104.0,46.0,95.0,80.0,48.0,44.0,94.0,95.0,129.0,51.0,63.0,76.0,69.0,123.0,91.0,83.0,74.0,95.0,128.0,28.0,90.0,54.0,72.0,33.0,119.0
99.0,151.0,248.0,129.0,139.0,79.0,213.0,61.0,50.0,98.0,39.0,95.0,135.0,39.0,59.0,69.0,125.0,146.0,82.0,61.0,178.0,113.0,101.0,79.0,46.0,69.0,93.0,94.0,16.0,76.0,111.0,61.0,42.0,49.0,29.0,35.0,59.0,20.0,87.0,120.0,60.0,31.0,29.0,17.0,42.0,44.0,80.0,39.0,25.0,31.0,38.0,49.0,19.0,46.0,34.0,25.0,17.0,39.0,53.0,59.0,26.0,36.0,35.0,38.0,56.0,42.0,40.0,32.0,53.0,59.0,16.0,41.0,31.0,28.0,16.0,57.0
131.0,217.0,349.0,164.0,189.0,98.0,310.0,80.0,59.0,150.0,62.0,132.0,191.0,51.0,78.0,115.0,182.0,233.0,129.0,78.0,252.0,161.0,147.0,121.0,63.0,105.0,124.0,141.0,25.0,111.0,165.0,85.0,57.0,76.0,42.0,58.0,85.0,37.0,130.0,164.0,72.0,49.0,30.0,20.0,63.0,69.0,117.0,62.0,31.0,58.0,48.0,66.0,29.0,68.0,57.0,28.0,25.0,68.0,63.0,82.0,31.0,52.0,49.0,56.0,78.0,67.0,63.0,37.0,82.0,87.0,17.0,64.0,38.0,39.0,25.0,89.0
169.0,257.0,496.0,240.0,284.0,159.0,460.0,113.0,104.0,211.0,83.0,172.0,265.0,79.0,121.0,155.0,254.0,285.0,155.0,109.0,369.0,222.0,225.0,188.0,88.0,147.0,209.0,192.0,34.0,171.0,221.0,123.0,98.0,107.0,65.0,72.0,122.0,43.0,176.0,233.0,123.0,46.0,44.0,35.0,67.0,73.0,144.0,77.0,38.0,48.0,94.0,108.0,38.0,86.0,61.0,52.0,48.0,73.0,100.0,113.0,52.0,64.0,74.0,72.0,111.0,76.0,79.0,80.0,83.0,110.0,30.0,92.0,49.0,76.0,34.0,113.0
238.0,360.0,644.0,258.0,392.0,199.0,596.0,162.0,125.0,315.0,109.0,228.0,346.0,104.0,174.0,213.0,332.0,382.0,232.0,158.0,471.0,308.0,345.0,256.0,110.0,230.0,291.0,246.0,45.0,221.0,315.0,161.0,139.0,150.0,86.0,103.0,167.0,63.0,225.0,288.0,160.0,87.0,65.0,46.0,120.0,109.0,208.0,104.0,49.0,66.0,108.0,194.0,51.0,99.0,105.0,78.0,64.0,96.0,128.0,145.0,74.0,80.0,103.0,101.0,147.0,93.0,119.0,105.0,127.0,149.0,33.0,122.0,82.0,92.0,45.0,166.0
90.0,131.0,261.0,117.0,143.0,85.0,255.0,60.0,50.0,109.0,43.0,85.0,141.0,41.0,63.0,82.0,123.0,151.0,97.0,53.0,199.0,124.0,115.0,97.0,47.0,83.0,114.0,103.0,16.0,86.0,120.0,73.0,46.0,51.0,35.0,41.0,60.0,24.0,91.0,114.0,55.0,31.0,22.0,16.0,35.0,45.0,78.0,46.0,19.0,29.0,38.0,51.0,28.0,42.0,41.0,23.0,22.0,48.0,55.0,67.0,27.0,32.0,43.0,35.0,56.0,42.0,39.0,37.0,46.0,63.0,13.0,47.0,30.0,39.0,16.0,65.0
206.0,304.0,553.0,288.0,293.0,159.0,463.0,118.0,99.0,228.0,93.0,196.0,289.0,87.0,124.0,176.0,281.0,333.0,178.0,118.0,404.0,251.0,230.0,197.0,99.0,153.0,212.0,214.0,32.0,161.0,251.0,128.0,96.0,117.0,66.0,84.0,123.0,53.0,203.0,273.0,124.0,67.0,53.0,31.0,87.0,97.0,168.0,95.0,46.0,68.0,86.0,99.0,42.0,121.0,73.0,48.0,38.0,89.0,114.0,122.0,51.0,79.0,79.0,82.0,139.0,95.0,87.0,80.0,112.0,124.0,32.0,92.0,57.0,72.0,32.0,118.0
164.0,249.0,441.0,186.0,248.0,133.0,392.0,107.0,76.0,206.0,73.0,151.0,228.0,68.0,110.0,144.0,220.0,277.0,168.0,96.0,316.0,212.0,225.0,163.0,75.0,148.0,182.0,169.0,27.0,134.0,215.0,111.0,77.0,92.0,58.0,77.0,107.0,47.0,157.0,191.0,90.0,70.0,43.0,28.0,80.0,90.0,149.0,80.0,34.0,57.0,61.0,105.0,41.0,73.0,83.0,38.0,37.0,80.0,89.0,101.0,47.0,59.0,66.0,71.0,105.0,68.0,74.0,55.0,94.0,108.0,19.0,81.0,57.0,54.0,27.0,117.0
116.0,168.0,296.0,139.0,180.0,94.0,276.0,78.0,67.0,131.0,56.0,107.0,168.0,54.0,76.0,92.0,154.0,167.0,104.0,79.0,226.0,137.0,137.0,111.0,50.0,101.0,136.0,114.0,22.0,108.0,137.0,80.0,63.0,68.0,36.0,43.0,76.0,26.0,105.0,145.0,84.0,31.0,31.0,22.0,49.0,46.0,87.0,48.0,25.0,28.0,52.0,78.0,23.0,48.0,38.0,41.0,28.0,45.0,56.0,75.0,30.0,34.0,47.0,38.0,66.0,48.0,51.0,50.0,52.0,71.0,18.0,52.0,35.0,43.0,22.0,68.0
85.0,125.0,263.0,107.0,141.0,79.0,258.0,62.0,57.0,119.0,52.0,89.0,137.0,40.0,62.0,87.0,139.0,157.0,93.0,56.0,198.0,122.0,126.0,105.0,42.0,91.0,117.0,104.0,19.0,98.0,128.0,73.0,52.0,59.0,34.0,41.0,69.0,24.0,91.0,122.0,61.0,26.0,19.0,20.0,36.0,41.0,80.0,44.0,17.0,25.0,48.0,64.0,22.0,38.0,37.0,28.0,34.0,42.0,51.0,63.0,27.0,31.0,35.0,38.0,56.0,40.0,44.0,44.0,41.0,60.0,13.0,52.0,26.0,45.0,19.0,70.0
182.0,282.0,503.0,237.0,281.0,154.0,467.0,121.0,97.0,219.0,100.0,177.0,272.0,80.0,115.0,171.0,258.0,327.0,190.0,114.0,383.0,236.0,231.0,192.0,89.0,162.0,199.0,211.0,37.0,162.0,249.0,141.0,91.0,106.0,65.0,86.0,123.0,52.0,192.0,239.0,105.0,63.0,40.0,32.0,73.0,95.0,155.0,94.0,39.0,68.0,73.0,96.0,48.0,89.0,80.0,45.0,42.0,107.0,93.0,125.0,49.0,67.0,77.0,71.0,114.0,92.0,82.0,66.0,99.0,128.0,25.0,99.0,54.0,65.0,37.0,123.0
225.0,337.0,632.0,309.0,333.0,208.0,570.0,143.0,125.0,259.0,89.0,223.0,326.0,94.0,161.0,178.0,313.0,347.0,203.0,143.0,469.0,300.0,284.0,220.0,122.0,180.0,256.0,239.0,35.0,192.0,291.0,161.0,111.0,118.0,83.0,92.0,139.0,50.0,212.0,290.0,139.0,77.0,70.0,43.0,93.0,104.0,205.0,95.0,53.0,63.0,100.0,128.0,55.0,114.0,89.0,56.0,51.0,93.0,161.0,145.0,75.0,95.0,94.0,99.0,150.0,92.0,92.0,98.0,124.0,138.0,39.0,109.0,78.0,89.0,35.0,148.0
266.0,379.0,723.0,353.0,402.0,230.0,699.0,170.0,145.0,309.0,142.0,252.0,402.0,126.0,170.0,228.0,381.0,415.0,286.0,171.0,565.0,347.0,319.0,259.0,125.0,224.0,316.0,295.0,49.0,238.0,316.0,209.0,137.0,146.0,82.0,107.0,173.0,63.0,263.0,340.0,170.0,79.0,77.0,50.0,103.0,118.0,216.0,129.0,59.0,82.0,113.0,145.0,67.0,122.0,101.0,75.0,63.0,125.0,145.0,211.0,74.0,84.0,107.0,84.0,150.0,129.0,111.0,99.0,129.0,182.0,44.0,114.0,77.0,103.0,49.0,172.0
114.0,160.0,318.0,146.0,185.0,114.0,280.0,71.0,61.0,145.0,55.0,110.0,155.0,46.0,77.0,103.0,162.0,184.0,112.0,78.0,246.0,156.0,168.0,122.0,64.0,95.0,134.0,142.0,22.0,84.0,150.0,89.0,66.0,57.0,44.0,50.0,76.0,23.0,118.0,143.0,65.0,39.0,38.0,24.0,44.0,48.0,95.0,51.0,26.0,31.0,52.0,74.0,27.0,51.0,47.0,30.0,27.0,49.0,75.0,74.0,49.0,43.0,50.0,49.0,68.0,48.0,49.0,52.0,61.0,71.0,21.0,58.0,41.0,46.0,22.0,72.0
140.0,238.0,406.0,199.0,214.0,124.0,362.0,89.0,76.0,170.0,56.0,154.0,215.0,57.0,102.0,119.0,206.0,251.0,127.0,90.0,291.0,188.0,179.0,147.0,80.0,113.0,143.0,159.0,26.0,130.0,196.0,93.0,68.0,83.0,55.0,64.0,92.0,38.0,146.0,194.0,89.0,49.0,37.0,25.0,66.0,73.0,139.0,63.0,36.0,52.0,64.0,80.0,32.0,79.0,59.0,34.0,31.0,67.0,95.0,84.0,43.0,70.0,59.0,71.0,99.0,65.0,68.0,56.0,90.0,91.0,23.0,80.0,45.0,50.0,26.0,99.0
158.0,243.0,462.0,217.0,278.0,152.0,443.0,100.0,88.0,201.0,72.0,153.0,260.0,78.0,119.0,154.0,219.0,266.0,160.0,102.0,356.0,215.0,220.0,181.0,89.0,139.0,200.0,188.0,31.0,154.0,203.0,114.0,91.0,96.0,65.0,73.0,103.0,45.0,171.0,207.0,109.0,50.0,42.0,27.0,66.0,71.0,133.0,76.0,35.0,49.0,74.0,103.0,43.0,79.0,66.0,47.0,35.0,77.0,94.0,107.0,50.0,59.0,86.0,64.0,104.0,74.0,72.0,71.0,87.0,105.0,28.0,87.0,48.0,68.0,31.0,103.0
162.0,262.0,461.0,204.0,249.0,139.0,397.0,105.0,85.0,198.0,64.0,167.0,230.0,60.0,113.0,137.0,222.0,285.0,139.0,94.0,307.0,205.0,210.0,164.0,85.0,138.0,166.0,166.0,28.0,141.0,224.0,99.0,77.0,97.0,65.0,72.0,111.0,42.0,153.0,208.0,95.0,64.0,40.0,31.0,79.0,82.0,155.0,69.0,38.0,56.0,72.0,101.0,35.0,82.0,71.0,38.0,38.0,71.0,99.0,84.0,49.0,71.0,64.0,87.0,109.0,65.0,77.0,66.0,98.0,100.0,24.0,92.0,55.0,60.0,28.0,116.0
265.0,391.0,709.0,358.0,376.0,212.0,590.0,160.0,130.0,313.0,112.0,240.0,369.0,117.0,176.0,216.0,360.0,415.0,227.0,153.0,503.0,333.0,333.0,258.0,119.0,209.0,283.0,259.0,39.0,213.0,328.0,165.0,124.0,151.0,88.0,116.0,157.0,72.0,257.0,337.0,160.0,92.0,72.0,44.0,116.0,135.0,227.0,123.0,56.0,78.0,111.0,147.0,56.0,139.0,105.0,66.0,56.0,114.0,150.0,150.0,68.0,99.0,104.0,109.0,198.0,109.0,109.0,105.0,139.0,160.0,38.0,122.0,80.0,91.0,39.0,157.0
185.0,280.0,504.0,251.0,279.0,150.0,458.0,111.0,96.0,211.0,104.0,181.0,278.0,84.0,112.0,168.0,266.0,311.0,190.0,118.0,390.0,235.0,213.0,184.0,92.0,148.0,199.0,215.0,38.0,161.0,227.0,133.0,93.0,105.0,59.0,81.0,119.0,47.0,193.0,244.0,113.0,54.0,46.0,31.0,73.0,85.0,148.0,91.0,42.0,67.0,76.0,93.0,42.0,95.0,68.0,48.0,40.0,92.0,92.0,129.0,48.0,65.0,74.0,65.0,109.0,99.0,83.0,67.0,97.0,123.0,30.0,87.0,49.0,67.0,38.0,114.0
177.0,283.0,488.0,214.0,271.0,143.0,458.0,115.0,87.0,221.0,79.0,184.0,269.0,71.0,120.0,158.0,252.0,308.0,171.0,108.0,347.0,229.0,217.0,188.0,86.0,157.0,196.0,190.0,35.0,170.0,239.0,119.0,95.0,114.0,61.0,75.0,125.0,49.0,180.0,228.0,115.0,58.0,40.0,31.0,85.0,87.0,158.0,83.0,40.0,63.0,79.0,119.0,39.0,87.0,74.0,51.0,44.0,82.0,92.0,111.0,49.0,68.0,72.0,77.0,109.0,83.0,98.0,71.0,100.0,115.0,23.0,95.0,55.0,65.0,35.0,123.0
162.0,214.0,458.0,206.0,253.0,144.0,411.0,101.0,97.0,194.0,82.0,152.0,233.0,70.0,108.0,146.0,226.0,252.0,141.0,100.0,341.0,211.0,210.0,184.0,81.0,148.0,203.0,177.0,28.0,144.0,219.0,121.0,94.0,97.0,63.0,65.0,110.0,35.0,163.0,222.0,109.0,46.0,39.0,32.0,61.0,64.0,125.0,74.0,32.0,37.0,80.0,105.0,37.0,80.0,55.0,50.0,44.0,66.0,98.0,99.0,52.0,56.0,71.0,66.0,105.0,67.0,71.0,91.0,74.0,97.0,29.0,84.0,51.0,79.0,28.0,97.0
221.0,353.0,577.0,270.0,317.0,167.0,509.0,131.0,99.0,254.0,86.0,218.0,313.0,84.0,140.0,186.0,295.0,363.0,201.0,138.0,409.0,274.0,265.0,201.0,106.0,174.0,216.0,225.0,35.0,175.0,271.0,136.0,99.0,124.0,71.0,89.0,134.0,59.0,210.0,275.0,128.0,87.0,63.0,35.0,113.0,107.0,200.0,95.0,53.0,82.0,83.0,127.0,46.0,112.0,94.0,52.0,41.0,99.0,124.0,129.0,61.0,90.0,87.0,98.0,139.0,97.0,100.0,74.0,146.0,136.0,33.0,103.0,69.0,68.0,35.0,141.0
269.0,398.0,722.0,342.0,406.0,222.0,656.0,173.0,142.0,311.0,136.0,253.0,388.0,120.0,170.0,227.0,369.0,437.0,267.0,165.0,536.0,335.0,329.0,262.0,124.0,228.0,296.0,284.0,49.0,231.0,333.0,191.0,130.0,150.0,89.0,115.0,176.0,67.0,261.0,338.0,164.0,89.0,69.0,49.0,112.0,129.0,222.0,128.0,59.0,87.0,110.0,149.0,63.0,124.0,108.0,71.0,60.0,128.0,138.0,182.0,71.0,91.0,105.0,100.0,160.0,123.0,115.0,97.0,136.0,179.0,40.0,126.0,81.0,95.0,49.0,174.0
67.0,94.0,183.0,100.0,105.0,60.0,168.0,37.0,41.0,71.0,35.0,64.0,102.0,33.0,43.0,53.0,94.0,96.0,61.0,45.0,141.0,82.0,82.0,63.0,36.0,46.0,72.0,71.0,12.0,53.0,72.0,43.0,33.0,32.0,24.0,24.0,40.0,12.0,68.0,91.0,44.0,17.0,22.0,15.0,23.0,24.0,52.0,28.0,16.0,17.0,30.0,33.0,13.0,32.0,19.0,18.0,13.0,25.0,39.0,44.0,21.0,23.0,28.0,24.0,38.0,30.0,23.0,29.0,33.0,40.0,18.0,29.0,17.0,27.0,12.0,33.0
178.0,302.0,560.0,247.0,319.0,175.0,537.0,126.0,112.0,248.0,94.0,199.0,296.0,83.0,139.0,184.0,273.0,356.0,189.0,118.0,406.0,249.0,261.0,222.0,108.0,172.0,214.0,227.0,43.0,194.0,276.0,132.0,104.0,120.0,83.0,94.0,136.0,56.0,204.0,256.0,122.0,60.0,38.0,37.0,78.0,91.0,173.0,90.0,41.0,64.0,92.0,122.0,47.0,92.0,81.0,52.0,52.0,99.0,109.0,114.0,58.0,80.0,87.0,92.0,122.0,87.0,95.0,84.0,103.0,126.0,29.0,126.0,54.0,80.0,43.0,138.0
148.0,204.0,339.0,153.0,191.0,112.0,272.0,97.0,69.0,140.0,53.0,122.0,169.0,50.0,83.0,92.0,166.0,191.0,111.0,86.0,245.0,161.0,156.0,110.0,58.0,116.0,147.0,119.0,19.0,97.0,170.0,96.0,61.0,66.0,42.0,50.0,87.0,25.0,108.0,153.0,77.0,55.0,41.0,25.0,62.0,68.0,111.0,54.0,31.0,38.0,49.0,82.0,30.0,57.0,57.0,35.0,26.0,54.0,78.0,77.0,41.0,45.0,48.0,55.0,80.0,49.0,55.0,51.0,69.0,81.0,17.0,54.0,58.0,41.0,19.0,84.0
142.0,194.0,442.0,191.0,238.0,136.0,429.0,90.0,91.0,186.0,81.0,140.0,230.0,68.0,101.0,145.0,215.0,244.0,149.0,87.0,335.0,201.0,195.0,174.0,78.0,140.0,197.0,174.0,28.0,149.0,196.0,115.0,85.0,92.0,61.0,64.0,104.0,36.0,152.0,203.0,99.0,41.0,33.0,30.0,54.0,58.0,120.0,72.0,28.0,39.0,76.0,92.0,39.0,72.0,54.0,43.0,45.0,65.0,89.0,103.0,46.0,50.0,68.0,60.0,91.0,67.0,65.0,79.0,68.0,95.0,27.0,80.0,41.0,81.0,28.0,101.0
69.0,118.0,204.0,95.0,124.0,66.0,197.0,49.0,44.0,92.0,45.0,75.0,112.0,35.0,50.0,69.0,109.0,129.0,79.0,53.0,163.0,92.0,96.0,78.0,41.0,63.0,81.0,92.0,20.0,73.0,96.0,53.0,42.0,43.0,28.0,36.0,52.0,19.0,76.0,94.0,47.0,19.0,17.0,15.0,27.0,31.0,60.0,33.0,16.0,25.0,34.0,45.0,16.0,32.0,27.0,22.0,19.0,37.0,35.0,49.0,22.0,26.0,31.0,28.0,39.0,38.0,35.0,28.0,35.0,49.0,12.0,43.0,19.0,28.0,20.0,49.0
251.0,400.0,731.0,309.0,402.0,221.0,693.0,176.0,143.0,322.0,122.0,261.0,384.0,106.0,179.0,227.0,365.0,451.0,265.0,153.0,529.0,339.0,333.0,266.0,127.0,240.0,295.0,279.0,49.0,253.0,354.0,186.0,131.0,158.0,96.0,116.0,183.0,69.0,239.0,324.0,158.0,94.0,60.0,49.0,120.0,130.0,241.0,119.0,57.0,89.0,113.0,166.0,65.0,118.0,117.0,68.0,70.0,123.0,148.0,172.0,72.0,99.0,103.0,116.0,157.0,114.0,123.0,97.0,141.0,174.0,33.0,138.0,84.0,101.0,49.0,205.0
